        rmsthk      stdthk       rmsvel       stdvel       rmsdiv       stddiv       rmsusurf       stdusurf       vol
3.6952486038 18.1934032440 -25.1621322632 33.4007339478 0.0000000000 0.0000000000 13.9437055588 30.6557617188 13.7423801422
3.7181465626 18.0965080261 -25.1279907227 33.3639373779 0.0000000000 0.0000000000 13.9437055588 30.6557617188 13.7488756180
3.7375352383 18.0154247284 -25.1004600525 33.3301429749 0.0000000000 0.0000000000 13.9437055588 30.6557617188 13.7543706894
3.7549922466 17.9433822632 -25.0768222809 33.3012351990 0.0000000000 0.0000000000 13.9437055588 30.6557617188 13.7593221664
3.7712464333 17.8772754669 -25.0553455353 33.2749786377 0.0000000000 0.0000000000 13.9437055588 30.6557617188 13.7639312744
3.7866952419 17.8153877258 -25.0352268219 33.2504234314 0.0000000000 0.0000000000 13.9437055588 30.6557617188 13.7683124542
3.8015856743 17.7566699982 -25.0160675049 33.2268600464 0.0000000000 0.0000000000 13.9437055588 30.6557617188 13.7725343704
3.8160822392 17.7004375458 -24.9973030090 33.2039909363 0.0000000000 0.0000000000 13.9437055588 30.6557617188 13.7766437531
3.8303015232 17.6462230682 -24.9789695740 33.1815109253 0.0000000000 0.0000000000 13.9437055588 30.6557617188 13.7806768417
3.8443312645 17.5936927795 -24.9609127045 33.1594696045 0.0000000000 0.0000000000 13.9437055588 30.6557617188 13.7846546173
3.8582341671 17.5426044464 -24.9430904388 33.1375350952 0.0000000000 0.0000000000 13.9437055588 30.6557617188 13.7885971069
3.8720583916 17.4927825928 -24.9252681732 33.1158752441 0.0000000000 0.0000000000 13.9437055588 30.6557617188 13.7925167084
3.8858442307 17.4440956116 -24.9074993134 33.0941505432 0.0000000000 0.0000000000 13.9437055588 30.6557617188 13.7964277267
3.8996233940 17.3964481354 -24.8898010254 33.0725173950 0.0000000000 0.0000000000 13.9437055588 30.6557617188 13.8003330231
3.9134178162 17.3497714996 -24.8719596863 33.0508117676 0.0000000000 0.0000000000 13.9437055588 30.6557617188 13.8042449951
3.9272525311 17.3040180206 -24.8540306091 33.0288696289 0.0000000000 0.0000000000 13.9437055588 30.6557617188 13.8081684113
3.9411466122 17.2591552734 -24.8360900879 33.0068931580 0.0000000000 0.0000000000 13.9437055588 30.6557617188 13.8121070862
3.9551177025 17.2151660919 -24.8179206848 32.9848632812 0.0000000000 0.0000000000 13.9437055588 30.6557617188 13.8160705566
3.9691803455 17.1720485687 -24.7995853424 32.9625549316 0.0000000000 0.0000000000 13.9437055588 30.6557617188 13.8200578690
3.9833462238 17.1298141479 -24.7811260223 32.9400558472 0.0000000000 0.0000000000 13.9437055588 30.6557617188 13.8240747452
3.9976289272 17.0884780884 -24.7626037598 32.9174308777 0.0000000000 0.0000000000 13.9437055588 30.6557617188 13.8281240463
4.0120368004 17.0480632782 -24.7437934875 32.8946723938 0.0000000000 0.0000000000 13.9437055588 30.6557617188 13.8322086334
4.0265817642 17.0085983276 -24.7247238159 32.8714179993 0.0000000000 0.0000000000 13.9437055588 30.6557617188 13.8363351822
4.0412716866 16.9701137543 -24.7055053711 32.8481636047 0.0000000000 0.0000000000 13.9437055588 30.6557617188 13.8404998779
4.0561151505 16.9326419830 -24.6861610413 32.8245887756 0.0000000000 0.0000000000 13.9437055588 30.6557617188 13.8447084427
4.0711159706 16.8962230682 -24.6665267944 32.8008460999 0.0000000000 0.0000000000 13.9437055588 30.6557617188 13.8489618301
4.0862784386 16.8608970642 -24.6466884613 32.7767524719 0.0000000000 0.0000000000 13.9437055588 30.6557617188 13.8532609940
4.1016049385 16.8267135620 -24.6266212463 32.7524528503 0.0000000000 0.0000000000 13.9437055588 30.6557617188 13.8576078415
4.1171002388 16.7937240601 -24.6062374115 32.7278633118 0.0000000000 0.0000000000 13.9437055588 30.6557617188 13.8620014191
4.1327676773 16.7619800568 -24.5857582092 32.7031021118 0.0000000000 0.0000000000 13.9437055588 30.6557617188 13.8664445877
4.1486105919 16.7315330505 -24.5649929047 32.6780319214 0.0000000000 0.0000000000 13.9437055588 30.6557617188 13.8709363937
4.1646332741 16.7024402618 -24.5439071655 32.6527061462 0.0000000000 0.0000000000 13.9437055588 30.6557617188 13.8754796982
4.1808400154 16.6747608185 -24.5227184296 32.6271896362 0.0000000000 0.0000000000 13.9437055588 30.6557617188 13.8800754547
4.1972303391 16.6485462189 -24.5013809204 32.6014060974 0.0000000000 0.0000000000 13.9437055588 30.6557617188 13.8847246170
4.2138085365 16.6238574982 -24.4796257019 32.5753402710 0.0000000000 0.0000000000 13.9437055588 30.6557617188 13.8894233704
4.2305755615 16.6007499695 -24.4578304291 32.5490913391 0.0000000000 0.0000000000 13.9437055588 30.6557617188 13.8941783905
4.2475361824 16.5792846680 -24.4356517792 32.5225524902 0.0000000000 0.0000000000 13.9437055588 30.6557617188 13.8989887238
4.2646908760 16.5595207214 -24.4137268066 32.4958076477 0.0000000000 0.0000000000 13.9437055588 30.6557617188 13.9038524628
4.2820420265 16.5415172577 -24.3910999298 32.4688911438 0.0000000000 0.0000000000 13.9437055588 30.6557617188 13.9087724686
4.2995905876 16.5253295898 -24.3683032990 32.4416084290 0.0000000000 0.0000000000 13.9437055588 30.6557617188 13.9137496948
4.3173422813 16.5110168457 -24.3451023102 32.4140968323 0.0000000000 0.0000000000 13.9437055588 30.6557617188 13.9187822342
4.3353023529 16.4986400604 -24.3220214844 32.3865356445 0.0000000000 0.0000000000 13.9437055588 30.6557617188 13.9238748550
4.3534827232 16.4882297516 -24.2984867096 32.3586006165 0.0000000000 0.0000000000 13.9437055588 30.6557617188 13.9290285110
4.3718957901 16.4798297882 -24.2756767273 32.3303680420 0.0000000000 0.0000000000 13.9437055588 30.6557617188 13.9342508316
4.3905344009 16.4735221863 -24.2526245117 32.3016510010 0.0000000000 0.0000000000 13.9437055588 30.6557617188 13.9395380020
4.4093956947 16.4693660736 -24.2285404205 32.2730751038 0.0000000000 0.0000000000 13.9437055588 30.6557617188 13.9448843002
4.4284934998 16.4674015045 -24.2064342499 32.2426872253 0.0000000000 0.0000000000 13.9437055588 30.6557617188 13.9503002167
4.4478402138 16.4677085876 -24.1834774017 32.2111015320 0.0000000000 0.0000000000 13.9437055588 30.6557617188 13.9557867050
4.4673795700 16.4703311920 -24.1547298431 32.1863288879 0.0000000000 0.0000000000 13.9437055588 30.6557617188 13.9613265991
4.4871649742 16.4753036499 -24.1326122284 32.1552696228 0.0000000000 0.0000000000 13.9437055588 30.6557617188 13.9669370651
4.4864864349 16.4442882538 -17.3700561523 31.9522323608 0.0000000000 0.0000000000 13.9437055588 30.6557617188 13.9667444229
4.4858026505 16.4160251617 -17.3492889404 31.9151668549 0.0000000000 0.0000000000 13.9437055588 30.6557617188 13.9665508270
4.4851412773 16.3906078339 -17.3333568573 31.8709564209 0.0000000000 0.0000000000 13.9437055588 30.6557617188 13.9663629532
4.4845051765 16.3680362701 -17.3127574921 31.8337364197 0.0000000000 0.0000000000 13.9437055588 30.6557617188 13.9661827087
4.4839358330 16.3484134674 -17.2991542816 31.7873630524 0.0000000000 0.0000000000 13.9437055588 30.6557617188 13.9660196304
4.4834299088 16.3317527771 -17.2803497314 31.7461566925 0.0000000000 0.0000000000 13.9437055588 30.6557617188 13.9658775330
4.4830055237 16.3180866241 -17.2620391846 31.7048282623 0.0000000000 0.0000000000 13.9437055588 30.6557617188 13.9657573700
4.4826631546 16.3074836731 -17.2428874969 31.6632404327 0.0000000000 0.0000000000 13.9437055588 30.6557617188 13.9656610489
4.4824109077 16.2999935150 -17.2235202789 31.6213226318 0.0000000000 0.0000000000 13.9437055588 30.6557617188 13.9655885696
4.4822545052 16.2956600189 -17.2040882111 31.5794010162 0.0000000000 0.0000000000 13.9437055588 30.6557617188 13.9655437469
4.4822015762 16.2945327759 -17.1842155457 31.5371112823 0.0000000000 0.0000000000 13.9437055588 30.6557617188 13.9655303955
4.4822583199 16.2966518402 -17.1644515991 31.4948673248 0.0000000000 0.0000000000 13.9437055588 30.6557617188 13.9655456543
4.4824390411 16.3020477295 -17.1444892883 31.4524536133 0.0000000000 0.0000000000 13.9437055588 30.6557617188 13.9655961990
4.4827623367 16.3107566833 -17.1280593872 31.4060249329 0.0000000000 0.0000000000 13.9437055588 30.6557617188 13.9656887054
4.4831728935 16.3228569031 -17.1038188934 31.3669071198 0.0000000000 0.0000000000 13.9437055588 30.6557617188 13.9658041000
4.4837450981 16.3383255005 -17.0872554779 31.3203411102 0.0000000000 0.0000000000 13.9437055588 30.6557617188 13.9659671783
4.4844145775 16.3572483063 -17.0627384186 31.2809677124 0.0000000000 0.0000000000 13.9437055588 30.6557617188 13.9661560059
4.4852519035 16.3795986176 -17.0457096100 31.2340507507 0.0000000000 0.0000000000 13.9437055588 30.6557617188 13.9663934708
4.4862265587 16.4054088593 -17.0242843628 31.1920681000 0.0000000000 0.0000000000 13.9437055588 30.6557617188 13.9666700363
4.4874129295 16.4347362518 -17.0112304688 31.1405429840 0.0000000000 0.0000000000 13.9437055588 30.6557617188 13.9670076370
4.4886574745 16.4675750732 -16.9791297913 31.1077156067 0.0000000000 0.0000000000 13.9437055588 30.6557617188 13.9673614502
4.4900932312 16.5039005280 -16.9626941681 31.0596446991 0.0000000000 0.0000000000 13.9437055588 30.6557617188 13.9677677155
4.4917640686 16.5437641144 -16.9501457214 31.0076484680 0.0000000000 0.0000000000 13.9437055588 30.6557617188 13.9682416916
4.4935235977 16.5871925354 -16.9231433868 30.9687824249 0.0000000000 0.0000000000 13.9437055588 30.6557617188 13.9687385559
4.4954209328 16.6341266632 -16.8939876556 30.9315567017 0.0000000000 0.0000000000 13.9437055588 30.6557617188 13.9692783356
4.4976930618 16.6846008301 -16.9002895355 30.8633918762 0.0000000000 0.0000000000 13.9437055588 30.6557617188 13.9699220657
4.4999694824 16.7386856079 -16.8604278564 30.8358917236 0.0000000000 0.0000000000 13.9437055588 30.6557617188 13.9705696106
4.5025167465 16.7963218689 -16.8486728668 30.7807388306 0.0000000000 0.0000000000 13.9437055588 30.6557617188 13.9712915421
4.5052127838 16.8574180603 -16.8228435516 30.7416496277 0.0000000000 0.0000000000 13.9437055588 30.6557617188 13.9720554352
4.5081734657 16.9221839905 -16.8104667664 30.6856060028 0.0000000000 0.0000000000 13.9437055588 30.6557617188 13.9728937149
4.5112605095 16.9903335571 -16.7755908966 30.6535930634 0.0000000000 0.0000000000 13.9437055588 30.6557617188 13.9737710953
4.5146784782 17.0619106293 -16.7729530334 30.5928325653 0.0000000000 0.0000000000 13.9437055588 30.6557617188 13.9747390747
4.5183143616 17.1371650696 -16.7520389557 30.5477294922 0.0000000000 0.0000000000 13.9437055588 30.6557617188 13.9757699966
4.5222182274 17.2157783508 -16.7352409363 30.4983081818 0.0000000000 0.0000000000 13.9437055588 30.6557617188 13.9768772125
4.5263147354 17.2977886200 -16.7173595428 30.4502162933 0.0000000000 0.0000000000 13.9437055588 30.6557617188 13.9780368805
4.5307073593 17.3833599091 -16.7046031952 30.3978672028 0.0000000000 0.0000000000 13.9437055588 30.6557617188 13.9792833328
4.5352396965 17.4720325470 -16.6711387634 30.3618240356 0.0000000000 0.0000000000 13.9437055588 30.6557617188 13.9805688858
4.5400376320 17.5642166138 -16.6560382843 30.3057594299 0.0000000000 0.0000000000 13.9437055588 30.6557617188 13.9819307327
4.5450835228 17.6594657898 -16.6391143799 30.2632732391 0.0000000000 0.0000000000 13.9437055588 30.6557617188 13.9833602905
4.5503354073 17.7582035065 -16.6181983948 30.2083988190 0.0000000000 0.0000000000 13.9437055588 30.6557617188 13.9848489761
4.5558786392 17.8598670959 -16.6013698578 30.1655311584 0.0000000000 0.0000000000 13.9437055588 30.6557617188 13.9864196777
4.5614705086 17.9649009705 -16.5627632141 30.1269016266 0.0000000000 0.0000000000 13.9437055588 30.6557617188 13.9880056381
4.5675487518 18.0727195740 -16.5618267059 30.0701961517 0.0000000000 0.0000000000 13.9437055588 30.6557617188 13.9897298813
4.5737013817 18.1837673187 -16.5330181122 30.0258255005 0.0000000000 0.0000000000 13.9437055588 30.6557617188 13.9914751053
4.5801706314 18.2975788116 -16.5146598816 29.9845085144 0.0000000000 0.0000000000 13.9437055588 30.6557617188 13.9933099747
4.5870752335 18.4145870209 -16.5057029724 29.9236049652 0.0000000000 0.0000000000 13.9437055588 30.6557617188 13.9952669144
4.5941715240 18.5340213776 -16.4823284149 29.8861274719 0.0000000000 0.0000000000 13.9437055588 30.6557617188 13.9972801208
4.6015057564 18.6564464569 -16.4615497589 29.8367195129 0.0000000000 0.0000000000 13.9437055588 30.6557617188 13.9993600845
4.6095581055 18.7817001343 -16.4784278870 29.7624702454 0.0000000000 0.0000000000 13.9437055588 30.6557617188 14.0016412735
4.6175761223 18.9095840454 -16.4424629211 29.7364692688 0.0000000000 0.0000000000 13.9437055588 30.6557617188 14.0039157867
4.6293883324 19.0308551788 -15.4002103806 29.0019798279 0.0000000000 0.0000000000 13.9437055588 30.6557617188 14.0072650909
4.6415996552 19.1551895142 -15.3775053024 28.9576568604 0.0000000000 0.0000000000 13.9437055588 30.6557617188 14.0107288361
4.6541137695 19.2823295593 -15.3647680283 28.9039230347 0.0000000000 0.0000000000 13.9437055588 30.6557617188 14.0142765045
4.6666755676 19.4121322632 -15.3147211075 28.8839988708 0.0000000000 0.0000000000 13.9437055588 30.6557617188 14.0178394318
4.6799664497 19.5446529388 -15.3379154205 28.8058948517 0.0000000000 0.0000000000 13.9437055588 30.6557617188 14.0216083527
4.6930861473 19.6797084808 -15.2751770020 28.7897224426 0.0000000000 0.0000000000 13.9437055588 30.6557617188 14.0253276825
4.7068023682 19.8172225952 -15.2906913757 28.7203254700 0.0000000000 0.0000000000 13.9437055588 30.6557617188 14.0292158127
4.7206768990 19.9572811127 -15.2511291504 28.6916999817 0.0000000000 0.0000000000 13.9437055588 30.6557617188 14.0331516266
4.7348432541 20.0995388031 -15.2514114380 28.6289157867 0.0000000000 0.0000000000 13.9437055588 30.6557617188 14.0371694565
4.7490801811 20.2442264557 -15.1995611191 28.6095905304 0.0000000000 0.0000000000 13.9437055588 30.6557617188 14.0412044525
4.7639946938 20.3910427094 -15.2293815613 28.5253410339 0.0000000000 0.0000000000 13.9437055588 30.6557617188 14.0454349518
4.7787528038 20.5402774811 -15.1808118820 28.5055160522 0.0000000000 0.0000000000 13.9437055588 30.6557617188 14.0496187210
4.7940359116 20.6913871765 -15.1741676331 28.4542407990 0.0000000000 0.0000000000 13.9437055588 30.6557617188 14.0539522171
4.8094825745 20.8447113037 -15.1516275406 28.4066791534 0.0000000000 0.0000000000 13.9437055588 30.6557617188 14.0583324432
4.8252730370 20.9998893738 -15.1472244263 28.3570098877 0.0000000000 0.0000000000 13.9437055588 30.6557617188 14.0628108978
4.8410120010 21.1572017670 -15.0893888474 28.3375434875 0.0000000000 0.0000000000 13.9437055588 30.6557617188 14.0672731400
4.8574528694 21.3160457611 -15.1188602448 28.2555522919 0.0000000000 0.0000000000 13.9437055588 30.6557617188 14.0719356537
4.8738098145 21.4770374298 -15.0637435913 28.2349128723 0.0000000000 0.0000000000 13.9437055588 30.6557617188 14.0765743256
4.8906064034 21.6397361755 -15.0675067902 28.1764907837 0.0000000000 0.0000000000 13.9437055588 30.6557617188 14.0813369751
4.9072685242 21.8040561676 -15.0108528137 28.1612167358 0.0000000000 0.0000000000 13.9437055588 30.6557617188 14.0860624313
4.9248027802 21.9702281952 -15.0614356995 28.0643444061 0.0000000000 0.0000000000 13.9437055588 30.6557617188 14.0910339355
4.9421210289 22.1378936768 -14.9896230698 28.0663700104 0.0000000000 0.0000000000 13.9437055588 30.6557617188 14.0959434509
4.9600358009 22.3070716858 -15.0182704926 27.9800052643 0.0000000000 0.0000000000 13.9437055588 30.6557617188 14.1010236740
4.9778943062 22.4782314301 -14.9717350006 27.9659080505 0.0000000000 0.0000000000 13.9437055588 30.6557617188 14.1060876846
4.9961600304 22.6507816315 -14.9748010635 27.8861103058 0.0000000000 0.0000000000 13.9437055588 30.6557617188 14.1112680435
5.0145087242 22.8246269226 -14.9467058182 27.8686523438 0.0000000000 0.0000000000 13.9437055588 30.6557617188 14.1164693832
5.0330271721 23.0002040863 -14.9274406433 27.8066940308 0.0000000000 0.0000000000 13.9437055588 30.6557617188 14.1217212677
5.0520043373 23.1770286560 -14.9258804321 27.7685451508 0.0000000000 0.0000000000 13.9437055588 30.6557617188 14.1271028519
5.0707621574 23.3550949097 -14.8895807266 27.7265510559 0.0000000000 0.0000000000 13.9437055588 30.6557617188 14.1324214935
5.0899119377 23.5348052979 -14.8697376251 27.6931514740 0.0000000000 0.0000000000 13.9437055588 30.6557617188 14.1378526688
5.1095771790 23.7156448364 -14.8789262772 27.6117477417 0.0000000000 0.0000000000 13.9437055588 30.6557617188 14.1434278488
5.1289129257 23.8976249695 -14.8251533508 27.6114025116 0.0000000000 0.0000000000 13.9437055588 30.6557617188 14.1489124298
5.1487588882 24.0811519623 -14.8228502274 27.5363082886 0.0000000000 0.0000000000 13.9437055588 30.6557617188 14.1545381546
5.1687135696 24.2656822205 -14.8023242950 27.5138359070 0.0000000000 0.0000000000 13.9437055588 30.6557617188 14.1601963043
5.1888031960 24.4515094757 -14.7823429108 27.4494533539 0.0000000000 0.0000000000 13.9437055588 30.6557617188 14.1658916473
5.2091765404 24.6384201050 -14.7605237961 27.4297542572 0.0000000000 0.0000000000 13.9437055588 30.6557617188 14.1716718674
5.2297186852 24.8263072968 -14.7487230301 27.3629245758 0.0000000000 0.0000000000 13.9437055588 30.6557617188 14.1774950027
5.2499961853 25.0151958466 -14.7039079666 27.3581485748 0.0000000000 0.0000000000 13.9437055588 30.6557617188 14.1832456589
5.2710757256 25.2053642273 -14.7290277481 27.2660427094 0.0000000000 0.0000000000 13.9437055588 30.6557617188 14.1892232895
5.2917208672 25.3964443207 -14.6672554016 27.2673683167 0.0000000000 0.0000000000 13.9437055588 30.6557617188 14.1950759888
5.3132247925 25.5885677338 -14.6996746063 27.1794242859 0.0000000000 0.0000000000 13.9437055588 30.6557617188 14.2011747360
5.3341064453 25.7815036774 -14.6231441498 27.1871623993 0.0000000000 0.0000000000 13.9437055588 30.6557617188 14.2070960999
5.3560042381 25.9753913879 -14.6653470993 27.0911598206 0.0000000000 0.0000000000 13.9437055588 30.6557617188 14.2133054733
5.3773465157 26.1699790955 -14.6006870270 27.0967121124 0.0000000000 0.0000000000 13.9437055588 30.6557617188 14.2193565369
5.3996777534 26.3657436371 -14.6431894302 26.9896392822 0.0000000000 0.0000000000 13.9437055588 30.6557617188 14.2256889343
5.4211025238 26.5620975494 -14.5384006500 27.0205326080 0.0000000000 0.0000000000 13.9437055588 30.6557617188 14.2317638397
5.4439458847 26.7593307495 -14.6141977310 26.9135341644 0.0000000000 0.0000000000 13.9437055588 30.6557617188 14.2382440567
5.4659204483 26.9570560455 -14.5392284393 26.9276790619 0.0000000000 0.0000000000 13.9437055588 30.6557617188 14.2444734573
5.4887170792 27.1559658051 -14.5543823242 26.8293914795 0.0000000000 0.0000000000 13.9437055588 30.6557617188 14.2509374619
5.5108141899 27.3550643921 -14.4835224152 26.8636054993 0.0000000000 0.0000000000 13.9437055588 30.6557617188 14.2572040558
5.5333046913 27.5251331329 -13.2277584076 24.9950275421 0.0000000000 0.0000000000 13.9437055588 30.6557617188 14.2635793686
5.5548090935 27.6962852478 -13.0685539246 25.0663776398 0.0000000000 0.0000000000 13.9437055588 30.6557617188 14.2696771622
5.5781950951 27.8698329926 -13.1621131897 24.9374237061 0.0000000000 0.0000000000 13.9437055588 30.6557617188 14.2763099670
5.6005311012 28.0440654755 -13.0289392471 24.9998912811 0.0000000000 0.0000000000 13.9437055588 30.6557617188 14.2826433182
5.6246128082 28.2205772400 -13.1166896820 24.8737926483 0.0000000000 0.0000000000 13.9437055588 30.6557617188 14.2894716263
5.6477227211 28.3973731995 -12.9948797226 24.9397506714 0.0000000000 0.0000000000 13.9437055588 30.6557617188 14.2960252762
5.6725187302 28.5763053894 -13.0838699341 24.8067226410 0.0000000000 0.0000000000 13.9437055588 30.6557617188 14.3030557632
5.6960763931 28.7554626465 -12.9459342957 24.8749732971 0.0000000000 0.0000000000 13.9437055588 30.6557617188 14.3097362518
5.7213473320 28.9364452362 -13.0405788422 24.7495975494 0.0000000000 0.0000000000 13.9437055588 30.6557617188 14.3169012070
5.7454910278 29.1176738739 -12.9094648361 24.7995376587 0.0000000000 0.0000000000 13.9437055588 30.6557617188 14.3237476349
5.7709712982 29.3004798889 -12.9833974838 24.6912841797 0.0000000000 0.0000000000 13.9437055588 30.6557617188 14.3309745789
5.7955341339 29.4835681915 -12.8720541000 24.7369022369 0.0000000000 0.0000000000 13.9437055588 30.6557617188 14.3379373550
5.8213372231 29.6679306030 -12.9455556870 24.6247406006 0.0000000000 0.0000000000 13.9437055588 30.6557617188 14.3452539444
5.8460764885 29.8523445129 -12.8320569992 24.6634120941 0.0000000000 0.0000000000 13.9437055588 30.6557617188 14.3522682190
5.8724932671 30.0384540558 -12.9192533493 24.5448875427 0.0000000000 0.0000000000 13.9437055588 30.6557617188 14.3597602844
5.8973641396 30.2241706848 -12.7845783234 24.5989971161 0.0000000000 0.0000000000 13.9437055588 30.6557617188 14.3668117523
5.9237232208 30.4114189148 -12.8647823334 24.4863262177 0.0000000000 0.0000000000 13.9437055588 30.6557617188 14.3742876053
5.9490227699 30.5985088348 -12.7540063858 24.5264263153 0.0000000000 0.0000000000 13.9437055588 30.6557617188 14.3814611435
5.9755430222 30.7868404388 -12.8222923279 24.4197177887 0.0000000000 0.0000000000 13.9437055588 30.6557617188 14.3889818192
6.0009784698 30.9748229980 -12.7253971100 24.4531345367 0.0000000000 0.0000000000 13.9437055588 30.6557617188 14.3961935043
6.0279173851 31.1643142700 -12.8006258011 24.3490085602 0.0000000000 0.0000000000 13.9437055588 30.6557617188 14.4038324356
6.0532808304 31.3531570435 -12.6712627411 24.3948822021 0.0000000000 0.0000000000 13.9437055588 30.6557617188 14.4110250473
6.0802187920 31.5433177948 -12.7562026978 24.2777500153 0.0000000000 0.0000000000 13.9437055588 30.6557617188 14.4186620712
6.1060242653 31.7330150604 -12.6555070877 24.3225193024 0.0000000000 0.0000000000 13.9437055588 30.6557617188 14.4259805679
6.1327528954 31.9239501953 -12.6975355148 24.2197208405 0.0000000000 0.0000000000 13.9437055588 30.6557617188 14.4335594177
6.1584959030 32.1141128540 -12.6086559296 24.2578449249 0.0000000000 0.0000000000 13.9437055588 30.6557617188 14.4408597946
6.1857299805 32.3058357239 -12.6923542023 24.1362438202 0.0000000000 0.0000000000 13.9437055588 30.6557617188 14.4485826492
6.2111935616 32.4965133667 -12.5511465073 24.2001190186 0.0000000000 0.0000000000 13.9437055588 30.6557617188 14.4558029175
6.2380228043 32.6886138916 -12.6202039719 24.0827541351 0.0000000000 0.0000000000 13.9437055588 30.6557617188 14.4634103775
6.2641177177 32.8799133301 -12.5495700836 24.1166095734 0.0000000000 0.0000000000 13.9437055588 30.6557617188 14.4708099365
6.2906250954 33.0724411011 -12.5588846207 24.0262966156 0.0000000000 0.0000000000 13.9437055588 30.6557617188 14.4783248901
6.3162922859 33.2640495300 -12.4860048294 24.0546169281 0.0000000000 0.0000000000 13.9437055588 30.6557617188 14.4856052399
6.3433384895 33.4571037292 -12.5514745712 23.9471035004 0.0000000000 0.0000000000 13.9437055588 30.6557617188 14.4932737350
6.3685956001 33.6489753723 -12.4248113632 24.0041198730 0.0000000000 0.0000000000 13.9437055588 30.6557617188 14.5004348755
6.3952851295 33.8421058655 -12.4924583435 23.8876171112 0.0000000000 0.0000000000 13.9437055588 30.6557617188 14.5080032349
6.4210462570 34.0342559814 -12.4177370071 23.9311161041 0.0000000000 0.0000000000 13.9437055588 30.6557617188 14.5153083801
6.4472784996 34.2275657654 -12.4277820587 23.8375797272 0.0000000000 0.0000000000 13.9437055588 30.6557617188 14.5227451324
6.4726195335 34.4197959900 -12.3596611023 23.8659439087 0.0000000000 0.0000000000 13.9437055588 30.6557617188 14.5299320221
6.4994115829 34.6133003235 -12.4274597168 23.7566089630 0.0000000000 0.0000000000 13.9437055588 30.6557617188 14.5375299454
6.5242471695 34.8055648804 -12.2938871384 23.8183689117 0.0000000000 0.0000000000 13.9437055588 30.6557617188 14.5445709229
6.5505442619 34.9989852905 -12.3705577850 23.7026157379 0.0000000000 0.0000000000 13.9437055588 30.6557617188 14.5520267487
6.5759215355 35.1913146973 -12.2860727310 23.7438125610 0.0000000000 0.0000000000 13.9437055588 30.6557617188 14.5592250824
6.6017503738 35.3847007751 -12.3139810562 23.6518154144 0.0000000000 0.0000000000 13.9437055588 30.6557617188 14.5665493011
6.6265053749 35.5767440796 -12.2191944122 23.6945209503 0.0000000000 0.0000000000 13.9437055588 30.6557617188 14.5735683441
6.6531372070 35.7699432373 -12.3366260529 23.5635585785 0.0000000000 0.0000000000 13.9437055588 30.6557617188 14.5811195374
6.6774506569 35.9617996216 -12.1690425873 23.6420669556 0.0000000000 0.0000000000 13.9437055588 30.6557617188 14.5880146027
6.7032995224 36.1547508240 -12.2514390945 23.5280742645 0.0000000000 0.0000000000 13.9437055588 30.6557617188 14.5953435898
6.7284932137 36.3463745117 -12.2010574341 23.5572757721 0.0000000000 0.0000000000 13.9437055588 30.6557617188 14.6024885178
6.7540822029 36.5388679504 -12.2146577835 23.4769382477 0.0000000000 0.0000000000 13.9437055588 30.6557617188 14.6097440720
6.7784552574 36.7297248840 -12.1411247253 23.5344200134 0.0000000000 0.0000000000 13.9437055588 30.6557617188 14.6166534424
6.7701487541 36.8279724121 -9.4651288986 21.3082447052 0.0000000000 0.0000000000 13.9437055588 30.6557617188 14.6142997742
6.7604851723 36.9268951416 -9.2721004486 21.3724842072 0.0000000000 0.0000000000 13.9437055588 30.6557617188 14.6115608215
6.7526426315 37.0296401978 -9.3786516190 21.2581005096 0.0000000000 0.0000000000 13.9437055588 30.6557617188 14.6093358994
6.7441668510 37.1327972412 -9.2937965393 21.3136634827 0.0000000000 0.0000000000 13.9437055588 30.6557617188 14.6069326401
6.7376298904 37.2394409180 -9.4006891251 21.1798553467 0.0000000000 0.0000000000 13.9437055588 30.6557617188 14.6050786972
6.7299199104 37.3462524414 -9.2727842331 21.2646503448 0.0000000000 0.0000000000 13.9437055588 30.6557617188 14.6028919220
6.7244186401 37.4564743042 -9.4047021866 21.1491622925 0.0000000000 0.0000000000 13.9437055588 30.6557617188 14.6013317108
6.7179446220 37.5667839050 -9.2934026718 21.1960563660 0.0000000000 0.0000000000 13.9437055588 30.6557617188 14.5994968414
6.7131752968 37.6799736023 -9.3980398178 21.1147308350 0.0000000000 0.0000000000 13.9437055588 30.6557617188 14.5981454849
6.7075910568 37.7932701111 -9.2898473740 21.1621665955 0.0000000000 0.0000000000 13.9437055588 30.6557617188 14.5965633392
6.7041702271 37.9095649719 -9.4275674820 21.0433769226 0.0000000000 0.0000000000 13.9437055588 30.6557617188 14.5955915451
6.6991043091 38.0256385803 -9.2669515610 21.1353054047 0.0000000000 0.0000000000 13.9437055588 30.6557617188 14.5941534042
6.6965017319 38.1446723938 -9.4181489944 21.0070209503 0.0000000000 0.0000000000 13.9437055588 30.6557617188 14.5934162140
6.6923089027 38.2631568909 -9.2801446915 21.0723266602 0.0000000000 0.0000000000 13.9437055588 30.6557617188 14.5922260284
6.6904153824 38.3845939636 -9.4160776138 20.9628753662 0.0000000000 0.0000000000 13.9437055588 30.6557617188 14.5916910172
6.6874427795 38.5057334900 -9.3087768555 21.0340728760 0.0000000000 0.0000000000 13.9437055588 30.6557617188 14.5908489227
6.6862592697 38.6293029785 -9.4132709503 20.9099254608 0.0000000000 0.0000000000 13.9437055588 30.6557617188 14.5905122757
6.6833076477 38.7521247864 -9.2640056610 21.0067100525 0.0000000000 0.0000000000 13.9437055588 30.6557617188 14.5896749496
6.6836323738 38.8777885437 -9.4604701996 20.8564605713 0.0000000000 0.0000000000 13.9437055588 30.6557617188 14.5897674561
6.6815710068 39.0029487610 -9.2736406326 20.9370765686 0.0000000000 0.0000000000 13.9437055588 30.6557617188 14.5891838074
6.6814298630 39.1296424866 -9.4004735947 20.8515682220 0.0000000000 0.0000000000 13.9437055588 30.6557617188 14.5891418457
6.6806640625 39.2566490173 -9.3179807663 20.8854312897 0.0000000000 0.0000000000 13.9437055588 30.6557617188 14.5889263153
6.6813950539 39.3851737976 -9.4118356705 20.7879009247 0.0000000000 0.0000000000 13.9437055588 30.6557617188 14.5891332626
6.6807947159 39.5135498047 -9.2779550552 20.8556957245 0.0000000000 0.0000000000 13.9437055588 30.6557617188 14.5889625549
6.6824650764 39.6431961060 -9.4393701553 20.7503051758 0.0000000000 0.0000000000 13.9437055588 30.6557617188 14.5894355774
6.6820893288 39.7726669312 -9.2679338455 20.8144912720 0.0000000000 0.0000000000 13.9437055588 30.6557617188 14.5893306732
6.6840052605 39.9034423828 -9.4142465591 20.7113323212 0.0000000000 0.0000000000 13.9437055588 30.6557617188 14.5898742676
6.6847486496 40.0343780518 -9.2969417572 20.7659721375 0.0000000000 0.0000000000 13.9437055588 30.6557617188 14.5900850296
6.6866927147 40.1659278870 -9.3909549713 20.6727504730 0.0000000000 0.0000000000 13.9437055588 30.6557617188 14.5906352997
6.6873750687 40.2974052429 -9.2630491257 20.7382640839 0.0000000000 0.0000000000 13.9437055588 30.6557617188 14.5908298492
6.6910881996 40.4308815002 -9.4375801086 20.5955562592 0.0000000000 0.0000000000 13.9437055588 30.6557617188 14.5918807983
6.6919679642 40.5631713867 -9.2490005493 20.6923160553 0.0000000000 0.0000000000 13.9437055588 30.6557617188 14.5921325684
6.6953382492 40.6968269348 -9.3993406296 20.5835247040 0.0000000000 0.0000000000 13.9437055588 30.6557617188 14.5930862427
6.6973562241 40.8304557800 -9.2793960571 20.6421279907 0.0000000000 0.0000000000 13.9437055588 30.6557617188 14.5936603546
6.7008032799 40.9644432068 -9.3748788834 20.5427970886 0.0000000000 0.0000000000 13.9437055588 30.6557617188 14.5946378708
6.7028603554 41.0982360840 -9.2628107071 20.6142196655 0.0000000000 0.0000000000 13.9437055588 30.6557617188 14.5952205658
6.7070584297 41.2332611084 -9.3867664337 20.4924716949 0.0000000000 0.0000000000 13.9437055588 30.6557617188 14.5964107513
6.7097692490 41.3680534363 -9.2632808685 20.5577564240 0.0000000000 0.0000000000 13.9437055588 30.6557617188 14.5971803665
6.7140226364 41.5030403137 -9.3695011139 20.4645748138 0.0000000000 0.0000000000 13.9437055588 30.6557617188 14.5983839035
6.7173023224 41.6385841370 -9.2700672150 20.5163116455 0.0000000000 0.0000000000 13.9437055588 30.6557617188 14.5993156433
6.7214403152 41.7735824585 -9.3354616165 20.4345207214 0.0000000000 0.0000000000 13.9437055588 30.6557617188 14.6004886627
6.7252616882 41.9095649719 -9.2680387497 20.4675102234 0.0000000000 0.0000000000 13.9437055588 30.6557617188 14.6015720367
6.7300653458 42.0452117920 -9.3518571854 20.3877372742 0.0000000000 0.0000000000 13.9437055588 30.6557617188 14.6029319763
6.7341055870 42.1815261841 -9.2520046234 20.4313240051 0.0000000000 0.0000000000 13.9437055588 30.6557617188 14.6040792465
6.7390294075 42.3171501160 -9.3367862701 20.3568325043 0.0000000000 0.0000000000 13.9437055588 30.6557617188 14.6054744720
6.7436194420 42.4538917542 -9.2604827881 20.3877391815 0.0000000000 0.0000000000 13.9437055588 30.6557617188 14.6067771912
6.7487783432 42.5896224976 -9.3260564804 20.3197765350 0.0000000000 0.0000000000 13.9437055588 30.6557617188 14.6082391739
6.7532715797 42.7261009216 -9.2349262238 20.3643798828 0.0000000000 0.0000000000 13.9437055588 30.6557617188 14.6095142365
6.7591962814 42.8624725342 -9.3367099762 20.2644329071 0.0000000000 0.0000000000 13.9437055588 30.6557617188 14.6111936569
6.7643475533 42.9994430542 -9.2378711700 20.3045043945 0.0000000000 0.0000000000 13.9437055588 30.6557617188 14.6126546860
6.7221088409 43.0001945496 -6.6101946831 18.5893192291 0.0000000000 0.0000000000 13.9437055588 30.6557617188 14.6006774902
6.6789126396 43.0036964417 -6.4616422653 18.6324462891 0.0000000000 0.0000000000 13.9437055588 30.6557617188 14.5884284973
6.6391210556 43.0109062195 -6.7033119202 18.4481372833 0.0000000000 0.0000000000 13.9437055588 30.6557617188 14.5771455765
6.5971207619 43.0192909241 -6.4932503700 18.6254100800 0.0000000000 0.0000000000 13.9437055588 30.6557617188 14.5652370453
6.5587801933 43.0299301147 -6.7406754494 18.4569282532 0.0000000000 0.0000000000 13.9437055588 30.6557617188 14.5543642044
6.5196013451 43.0440635681 -6.6145091057 18.5230598450 0.0000000000 0.0000000000 13.9437055588 30.6557617188 14.5432538986
6.4823727608 43.0582962036 -6.7421054840 18.4722785950 0.0000000000 0.0000000000 13.9437055588 30.6557617188 14.5326995850
6.4446754456 43.0755004883 -6.6556453705 18.5139732361 0.0000000000 0.0000000000 13.9437055588 30.6557617188 14.5220098495
6.4097819328 43.0954666138 -6.8364620209 18.3813571930 0.0000000000 0.0000000000 13.9437055588 30.6557617188 14.5121145248
6.3737254143 43.1169624329 -6.7020754814 18.4794635773 0.0000000000 0.0000000000 13.9437055588 30.6557617188 14.5018911362
6.3403153419 43.1394805908 -6.8855719566 18.4052562714 0.0000000000 0.0000000000 13.9437055588 30.6557617188 14.4924163818
6.3070311546 43.1662254333 -6.8050732613 18.4105243683 0.0000000000 0.0000000000 13.9437055588 30.6557617188 14.4829788208
6.2746634483 43.1916389465 -6.8772130013 18.3965072632 0.0000000000 0.0000000000 13.9437055588 30.6557617188 14.4737997055
6.2421660423 43.2206230164 -6.8033423424 18.4397392273 0.0000000000 0.0000000000 13.9437055588 30.6557617188 14.4645872116
6.2124433517 43.2509498596 -6.9922366142 18.3165111542 0.0000000000 0.0000000000 13.9437055588 30.6557617188 14.4561567307
6.1814346313 43.2834930420 -6.8338437080 18.4316635132 0.0000000000 0.0000000000 13.9437055588 30.6557617188 14.4473648071
6.1527910233 43.3159255981 -7.0123410225 18.3526668549 0.0000000000 0.0000000000 13.9437055588 30.6557617188 14.4392423630
6.1243543625 43.3528213501 -6.9206900597 18.3471717834 0.0000000000 0.0000000000 13.9437055588 30.6557617188 14.4311780930
6.0969572067 43.3884658813 -7.0344457626 18.3250083923 0.0000000000 0.0000000000 13.9437055588 30.6557617188 14.4234094620
6.0697746277 43.4274826050 -6.9430794716 18.3580741882 0.0000000000 0.0000000000 13.9437055588 30.6557617188 14.4156999588
6.0447883606 43.4672203064 -7.1191668510 18.2511005402 0.0000000000 0.0000000000 13.9437055588 30.6557617188 14.4086179733
6.0185437202 43.5087852478 -6.9498047829 18.3429508209 0.0000000000 0.0000000000 13.9437055588 30.6557617188 14.4011745453
5.9946722984 43.5499954224 -7.1323442459 18.2649040222 0.0000000000 0.0000000000 13.9437055588 30.6557617188 14.3944063187
5.9714903831 43.5956878662 -7.0503540039 18.2692375183 0.0000000000 0.0000000000 13.9437055588 30.6557617188 14.3878307343
5.9485106468 43.6395645142 -7.1430268288 18.2562808990 0.0000000000 0.0000000000 13.9437055588 30.6557617188 14.3813161850
5.9258966446 43.6862220764 -7.0504007339 18.2806816101 0.0000000000 0.0000000000 13.9437055588 30.6557617188 14.3749036789
5.9057230949 43.7338142395 -7.2449569702 18.1727161407 0.0000000000 0.0000000000 13.9437055588 30.6557617188 14.3691835403
5.8843307495 43.7830696106 -7.0683808327 18.2629108429 0.0000000000 0.0000000000 13.9437055588 30.6557617188 14.3631172180
5.8647036552 43.8314895630 -7.2432851791 18.2097644806 0.0000000000 0.0000000000 13.9437055588 30.6557617188 14.3575515747
5.8459229469 43.8839530945 -7.1442880630 18.1939907074 0.0000000000 0.0000000000 13.9437055588 30.6557617188 14.3522272110
5.8271169662 43.9344482422 -7.2601895332 18.1917743683 0.0000000000 0.0000000000 13.9437055588 30.6557617188 14.3468933105
5.8091540337 43.9877777100 -7.1574501991 18.1984500885 0.0000000000 0.0000000000 13.9437055588 30.6557617188 14.3417997360
5.7925605774 44.0413894653 -7.3304476738 18.1295757294 0.0000000000 0.0000000000 13.9437055588 30.6557617188 14.3370971680
5.7752094269 44.0964393616 -7.1594543457 18.1884517670 0.0000000000 0.0000000000 13.9437055588 30.6557617188 14.3321733475
5.7595944405 44.1505317688 -7.3503546715 18.1368179321 0.0000000000 0.0000000000 13.9437055588 30.6557617188 14.3277473450
5.7448692322 44.2085380554 -7.2430329323 18.1185913086 0.0000000000 0.0000000000 13.9437055588 30.6557617188 14.3235721588
5.7298073769 44.2641067505 -7.3558773994 18.1237850189 0.0000000000 0.0000000000 13.9437055588 30.6557617188 14.3192996979
5.7150673866 44.3219909668 -7.2131485939 18.1646232605 0.0000000000 0.0000000000 13.9437055588 30.6557617188 14.3151216507
5.7026543617 44.3802833557 -7.4419765472 18.0515823364 0.0000000000 0.0000000000 13.9437055588 30.6557617188 14.3116006851
5.6890192032 44.4398422241 -7.2524137497 18.1212234497 0.0000000000 0.0000000000 13.9437055588 30.6557617188 14.3077344894
5.6766858101 44.4980430603 -7.4208102226 18.0720386505 0.0000000000 0.0000000000 13.9437055588 30.6557617188 14.3042373657
5.6653313637 44.5597152710 -7.3125376701 18.0561847687 0.0000000000 0.0000000000 13.9437055588 30.6557617188 14.3010187149
5.6535563469 44.6185874939 -7.4149689674 18.0638923645 0.0000000000 0.0000000000 13.9437055588 30.6557617188 14.2976779938
5.6423535347 44.6802253723 -7.2956724167 18.0708732605 0.0000000000 0.0000000000 13.9437055588 30.6557617188 14.2945013046
5.6330947876 44.7419395447 -7.4958453178 17.9872798920 0.0000000000 0.0000000000 13.9437055588 30.6557617188 14.2918758392
5.6224212646 44.8039436340 -7.3024058342 18.0642204285 0.0000000000 0.0000000000 13.9437055588 30.6557617188 14.2888507843
5.6128592491 44.8651123047 -7.4655976295 18.0089492798 0.0000000000 0.0000000000 13.9437055588 30.6557617188 14.2861385345
5.6045660973 44.9293861389 -7.3559885025 17.9881649017 0.0000000000 0.0000000000 13.9437055588 30.6557617188 14.2837877274
5.5956301689 44.9910049438 -7.4760642052 18.0032100677 0.0000000000 0.0000000000 13.9437055588 30.6557617188 14.2812538147
5.5870490074 45.0546569824 -7.3245830536 18.0225582123 0.0000000000 0.0000000000 13.9437055588 30.6557617188 14.2788209915
5.5407452583 44.9642448425 -5.5772294998 17.0374126434 0.0000000000 0.0000000000 13.9437055588 30.6557617188 14.2656888962
5.4928245544 44.8783874512 -5.3536744118 17.1080875397 0.0000000000 0.0000000000 13.9437055588 30.6557617188 14.2521028519
5.4483861923 44.7935829163 -5.6401252747 16.9499721527 0.0000000000 0.0000000000 13.9437055588 30.6557617188 14.2395000458
5.4024453163 44.7119598389 -5.4253497124 17.0815868378 0.0000000000 0.0000000000 13.9437055588 30.6557617188 14.2264728546
5.3593921661 44.6312713623 -5.6893744469 16.9628009796 0.0000000000 0.0000000000 13.9437055588 30.6557617188 14.2142658234
5.3158297539 44.5546188354 -5.5189843178 17.0560321808 0.0000000000 0.0000000000 13.9437055588 30.6557617188 14.2019119263
5.2736153603 44.4777832031 -5.6936640739 16.9873600006 0.0000000000 0.0000000000 13.9437055588 30.6557617188 14.1899414062
5.2322459221 44.4055099487 -5.6380476952 17.0268287659 0.0000000000 0.0000000000 13.9437055588 30.6557617188 14.1782112122
5.1923122406 44.3331985474 -5.7854590416 16.9574470520 0.0000000000 0.0000000000 13.9437055588 30.6557617188 14.1668882370
5.1523981094 44.2649421692 -5.6546993256 17.0248622894 0.0000000000 0.0000000000 13.9437055588 30.6557617188 14.1555709839
5.1142721176 44.1970252991 -5.8603868484 16.9629154205 0.0000000000 0.0000000000 13.9437055588 30.6557617188 14.1447591782
5.0768232346 44.1334991455 -5.7436904907 17.0018444061 0.0000000000 0.0000000000 13.9437055588 30.6557617188 14.1341400146
5.0400505066 44.0693016052 -5.8927068710 16.9610767365 0.0000000000 0.0000000000 13.9437055588 30.6557617188 14.1237125397
5.0045537949 44.0104026794 -5.8316683769 16.9914226532 0.0000000000 0.0000000000 13.9437055588 30.6557617188 14.1136474609
4.9700613022 43.9507904053 -5.9694633484 16.9347591400 0.0000000000 0.0000000000 13.9437055588 30.6557617188 14.1038675308
4.9358983040 43.8955612183 -5.8857321739 16.9695987701 0.0000000000 0.0000000000 13.9437055588 30.6557617188 14.0941810608
4.9030895233 43.8402595520 -6.0487990379 16.9407501221 0.0000000000 0.0000000000 13.9437055588 30.6557617188 14.0848760605
4.8715720177 43.7894210815 -5.9987874031 16.9382781982 0.0000000000 0.0000000000 13.9437055588 30.6557617188 14.0759401321
4.8399538994 43.7378997803 -6.0556931496 16.9354915619 0.0000000000 0.0000000000 13.9437055588 30.6557617188 14.0669736862
4.8103609085 43.6914825439 -6.0553870201 16.9409923553 0.0000000000 0.0000000000 13.9437055588 30.6557617188 14.0585823059
4.7812252045 43.6440467834 -6.1433124542 16.8975105286 0.0000000000 0.0000000000 13.9437055588 30.6557617188 14.0503206253
4.7524333000 43.6010818481 -6.0511217117 16.9595355988 0.0000000000 0.0000000000 13.9437055588 30.6557617188 14.0421571732
4.7248516083 43.5581398010 -6.1998591423 16.9052162170 0.0000000000 0.0000000000 13.9437055588 30.6557617188 14.0343351364
4.6988978386 43.5189247131 -6.1684107780 16.9218826294 0.0000000000 0.0000000000 13.9437055588 30.6557617188 14.0269775391
4.6721878052 43.4795913696 -6.2030234337 16.9057846069 0.0000000000 0.0000000000 13.9437055588 30.6557617188 14.0194025040
4.6482200623 43.4447135925 -6.2439208031 16.9160518646 0.0000000000 0.0000000000 13.9437055588 30.6557617188 14.0126066208
4.6237511635 43.4089164734 -6.2605710030 16.8775138855 0.0000000000 0.0000000000 13.9437055588 30.6557617188 14.0056676865
4.6006097794 43.3773536682 -6.2225823402 16.9361705780 0.0000000000 0.0000000000 13.9437055588 30.6557617188 13.9991064072
4.5773882866 43.3456268311 -6.2906441689 16.8830184937 0.0000000000 0.0000000000 13.9437055588 30.6557617188 13.9925193787
4.5570712090 43.3176574707 -6.3079910278 16.9034461975 0.0000000000 0.0000000000 13.9437055588 30.6557617188 13.9867582321
4.5344152451 43.2887611389 -6.2713336945 16.8997840881 0.0000000000 0.0000000000 13.9437055588 30.6557617188 13.9803352356
4.5155725479 43.2649497986 -6.3544936180 16.9049930573 0.0000000000 0.0000000000 13.9437055588 30.6557617188 13.9749927521
4.4952249527 43.2395439148 -6.3540883064 16.8730163574 0.0000000000 0.0000000000 13.9437055588 30.6557617188 13.9692230225
4.4769487381 43.2183914185 -6.3436861038 16.9160499573 0.0000000000 0.0000000000 13.9437055588 30.6557617188 13.9640407562
4.4580693245 43.1966247559 -6.4040250778 16.8627986908 0.0000000000 0.0000000000 13.9437055588 30.6557617188 13.9586868286
4.4423108101 43.1787071228 -6.4190225601 16.8852634430 0.0000000000 0.0000000000 13.9437055588 30.6557617188 13.9542179108
4.4237232208 43.1595001221 -6.3826041222 16.8819484711 0.0000000000 0.0000000000 13.9437055588 30.6557617188 13.9489479065
4.4094438553 43.1452903748 -6.4671983719 16.8836841583 0.0000000000 0.0000000000 13.9437055588 30.6557617188 13.9448976517
4.3928604126 43.1288452148 -6.4437990189 16.8572921753 0.0000000000 0.0000000000 13.9437055588 30.6557617188 13.9401960373
4.3789668083 43.1169090271 -6.4446277618 16.9003372192 0.0000000000 0.0000000000 13.9437055588 30.6557617188 13.9362564087
4.3635091782 43.1038894653 -6.4839906693 16.8493537903 0.0000000000 0.0000000000 13.9437055588 30.6557617188 13.9318723679
4.3518667221 43.0946807861 -6.5123558044 16.8678627014 0.0000000000 0.0000000000 13.9437055588 30.6557617188 13.9285707474
4.3367905617 43.0834236145 -6.4741477966 16.8750972748 0.0000000000 0.0000000000 13.9437055588 30.6557617188 13.9242973328
4.3262648582 43.0774993896 -6.5394463539 16.8709621429 0.0000000000 0.0000000000 13.9437055588 30.6557617188 13.9213123322
4.3127737045 43.0686073303 -6.5202255249 16.8568649292 0.0000000000 0.0000000000 13.9437055588 30.6557617188 13.9174861908
4.3026165962 43.0642776489 -6.5216226578 16.8841381073 0.0000000000 0.0000000000 13.9437055588 30.6557617188 13.9146080017
4.2901520729 43.0584487915 -6.5478272438 16.8467636108 0.0000000000 0.0000000000 13.9437055588 30.6557617188 13.9110727310
4.2819700241 43.0564804077 -6.5824913979 16.8519592285 0.0000000000 0.0000000000 13.9437055588 30.6557617188 13.9087514877
4.2699089050 43.0524940491 -6.5429177284 16.8528881073 0.0000000000 0.0000000000 13.9437055588 30.6557617188 13.9053316116
4.2627463341 43.0533599854 -6.6111888885 16.8524951935 0.0000000000 0.0000000000 13.9437055588 30.6557617188 13.9033012390
4.2000045776 42.9417495728 -4.6001605988 16.5375099182 0.0000000000 0.0000000000 13.9437055588 30.6557617188 13.8855113983
4.1393432617 42.8346405029 -4.6717634201 16.4903507233 0.0000000000 0.0000000000 13.9437055588 30.6557617188 13.8683071136
4.0799937248 42.7304801941 -4.7413492203 16.4233036041 0.0000000000 0.0000000000 13.9437055588 30.6557617188 13.8514804840
4.0221753120 42.6268806458 -4.8067469597 16.4608116150 0.0000000000 0.0000000000 13.9437055588 30.6557617188 13.8350849152
3.9650304317 42.5269699097 -4.8319578171 16.4217796326 0.0000000000 0.0000000000 13.9437055588 30.6557617188 13.8188800812
3.9097316265 42.4287948608 -4.8920860291 16.4773120880 0.0000000000 0.0000000000 13.9437055588 30.6557617188 13.8032007217
3.8555874825 42.3324966431 -4.9607467651 16.3922615051 0.0000000000 0.0000000000 13.9437055588 30.6557617188 13.7878475189
3.8029005527 42.2383575439 -4.9813604355 16.4706535339 0.0000000000 0.0000000000 13.9437055588 30.6557617188 13.7729063034
3.7509510517 42.1469955444 -5.0324707031 16.4109935760 0.0000000000 0.0000000000 13.9437055588 30.6557617188 13.7581758499
3.7016735077 42.0562057495 -5.1159791946 16.4273128510 0.0000000000 0.0000000000 13.9437055588 30.6557617188 13.7442026138
3.6521952152 41.9689025879 -5.1192879677 16.3995418549 0.0000000000 0.0000000000 13.9437055588 30.6557617188 13.7301731110
3.6050438881 41.8831825256 -5.1622710228 16.4618453979 0.0000000000 0.0000000000 13.9437055588 30.6557617188 13.7168025970
3.5586166382 41.7994308472 -5.2287712097 16.3798084259 0.0000000000 0.0000000000 13.9437055588 30.6557617188 13.7036371231
3.5142850876 41.7180023193 -5.2613067627 16.4536037445 0.0000000000 0.0000000000 13.9437055588 30.6557617188 13.6910667419
3.4691936970 41.6381225586 -5.2599411011 16.4304199219 0.0000000000 0.0000000000 13.9437055588 30.6557617188 13.6782817841
3.4278647900 41.5598602295 -5.3629946709 16.4166488647 0.0000000000 0.0000000000 13.9437055588 30.6557617188 13.6665611267
3.3860611916 41.4847412109 -5.3628950119 16.3838901520 0.0000000000 0.0000000000 13.9437055588 30.6557617188 13.6547069550
3.3470396996 41.4113960266 -5.4236383438 16.4282703400 0.0000000000 0.0000000000 13.9437055588 30.6557617188 13.6436424255
3.3077707291 41.3392181396 -5.4341754913 16.3868770599 0.0000000000 0.0000000000 13.9437055588 30.6557617188 13.6325082779
3.2711827755 41.2697067261 -5.4862709045 16.4173393250 0.0000000000 0.0000000000 13.9437055588 30.6557617188 13.6221342087
3.2339825630 41.2021026611 -5.4853963852 16.3892421722 0.0000000000 0.0000000000 13.9437055588 30.6557617188 13.6115846634
3.2006223202 41.1358299255 -5.5797743797 16.3995571136 0.0000000000 0.0000000000 13.9437055588 30.6557617188 13.6021242142
3.1647536755 41.0715026855 -5.5146832466 16.4322242737 0.0000000000 0.0000000000 13.9437055588 30.6557617188 13.5919532776
3.1331698895 41.0101394653 -5.6199765205 16.3997402191 0.0000000000 0.0000000000 13.9437055588 30.6557617188 13.5829982758
3.1018881798 40.9502296448 -5.6553535461 16.3462734222 0.0000000000 0.0000000000 13.9437055588 30.6557617188 13.5741291046
3.0725855827 40.8922691345 -5.6622943878 16.4147548676 0.0000000000 0.0000000000 13.9437055588 30.6557617188 13.5658197403
3.0411927700 40.8354644775 -5.6308279037 16.4167194366 0.0000000000 0.0000000000 13.9437055588 30.6557617188 13.5569162369
3.0146853924 40.7807617188 -5.7551908493 16.3763408661 0.0000000000 0.0000000000 13.9437055588 30.6557617188 13.5494012833
2.9860932827 40.7281303406 -5.7038645744 16.3909435272 0.0000000000 0.0000000000 13.9437055588 30.6557617188 13.5412940979
2.9613814354 40.6778831482 -5.7860684395 16.3789482117 0.0000000000 0.0000000000 13.9437055588 30.6557617188 13.5342855453
2.9350101948 40.6280059814 -5.7588734627 16.3781909943 0.0000000000 0.0000000000 13.9437055588 30.6557617188 13.5268077850
2.9120352268 40.5810813904 -5.8181786537 16.3873062134 0.0000000000 0.0000000000 13.9437055588 30.6557617188 13.5202932358
2.8868370056 40.5348396301 -5.7822008133 16.3980178833 0.0000000000 0.0000000000 13.9437055588 30.6557617188 13.5131483078
2.8664200306 40.4904594421 -5.8934125900 16.3605575562 0.0000000000 0.0000000000 13.9437055588 30.6557617188 13.5073595047
2.8430130482 40.4476089478 -5.8143048286 16.3886756897 0.0000000000 0.0000000000 13.9437055588 30.6557617188 13.5007209778
2.8240199089 40.4075279236 -5.9193558693 16.3535499573 0.0000000000 0.0000000000 13.9437055588 30.6557617188 13.4953346252
2.8031568527 40.3674888611 -5.8902015686 16.3586235046 0.0000000000 0.0000000000 13.9437055588 30.6557617188 13.4894199371
2.7854206562 40.3297119141 -5.9311318398 16.3715305328 0.0000000000 0.0000000000 13.9437055588 30.6557617188 13.4843902588
2.7651145458 40.2932205200 -5.8940644264 16.3854866028 0.0000000000 0.0000000000 13.9437055588 30.6557617188 13.4786319733
2.7500147820 40.2583770752 -6.0228772163 16.3248882294 0.0000000000 0.0000000000 13.9437055588 30.6557617188 13.4743509293
2.7307991982 40.2241172791 -5.9154248238 16.3997135162 0.0000000000 0.0000000000 13.9437055588 30.6557617188 13.4689025879
2.7162106037 40.1924057007 -6.0078959465 16.3448677063 0.0000000000 0.0000000000 13.9437055588 30.6557617188 13.4647655487
2.6997051239 40.1610679626 -5.9826173782 16.3420085907 0.0000000000 0.0000000000 13.9437055588 30.6557617188 13.4600858688
2.6865873337 40.1322898865 -6.0554466248 16.3371028900 0.0000000000 0.0000000000 13.9437055588 30.6557617188 13.4563646317
2.6710247993 40.1041374207 -6.0139298439 16.3513355255 0.0000000000 0.0000000000 13.9437055588 30.6557617188 13.4519510269
2.6599969864 40.0770683289 -6.1111850739 16.3031959534 0.0000000000 0.0000000000 13.9437055588 30.6557617188 13.4488248825
2.6444230080 40.0508117676 -5.9916872978 16.3924846649 0.0000000000 0.0000000000 13.9437055588 30.6557617188 13.4444084167
2.6341438293 40.0268058777 -6.1213750839 16.2985515594 0.0000000000 0.0000000000 13.9437055588 30.6557617188 13.4414949417
2.6214156151 40.0029563904 -6.0749816895 16.3245105743 0.0000000000 0.0000000000 13.9437055588 30.6557617188 13.4378852844
2.6118490696 39.9812545776 -6.1305541992 16.3191108704 0.0000000000 0.0000000000 13.9437055588 30.6557617188 13.4351730347
2.5770573616 39.8932380676 -5.2415251732 16.4982395172 0.0000000000 0.0000000000 13.9437055588 30.6557617188 13.4253072739
2.5463285446 39.8085250854 -5.3666887283 16.4613132477 0.0000000000 0.0000000000 13.9437055588 30.6557617188 13.4165935516
2.5144088268 39.7263641357 -5.3348407745 16.4433479309 0.0000000000 0.0000000000 13.9437055588 30.6557617188 13.4075422287
2.4853668213 39.6463241577 -5.4015035629 16.4516239166 0.0000000000 0.0000000000 13.9437055588 30.6557617188 13.3993062973
2.4557166100 39.5690040588 -5.3919529915 16.4364547729 0.0000000000 0.0000000000 13.9437055588 30.6557617188 13.3909006119
2.4286229610 39.4933090210 -5.4534168243 16.4469413757 0.0000000000 0.0000000000 13.9437055588 30.6557617188 13.3832159042
2.4002249241 39.4199867249 -5.4194946289 16.4505043030 0.0000000000 0.0000000000 13.9437055588 30.6557617188 13.3751630783
2.3758835793 39.3491249084 -5.5248789787 16.4221019745 0.0000000000 0.0000000000 13.9437055588 30.6557617188 13.3682622910
2.3491051197 39.2798461914 -5.4536890984 16.4481449127 0.0000000000 0.0000000000 13.9437055588 30.6557617188 13.3606700897
2.3265511990 39.2133522034 -5.5599408150 16.4167041779 0.0000000000 0.0000000000 13.9437055588 30.6557617188 13.3542737961
2.3018848896 39.1486778259 -5.4990544319 16.4459362030 0.0000000000 0.0000000000 13.9437055588 30.6557617188 13.3472785950
2.2809863091 39.0858840942 -5.6056241989 16.4156379700 0.0000000000 0.0000000000 13.9437055588 30.6557617188 13.3413534164
2.2577226162 39.0252609253 -5.5311732292 16.4412536621 0.0000000000 0.0000000000 13.9437055588 30.6557617188 13.3347558975
2.2392313480 38.9669723511 -5.6637091637 16.3954486847 0.0000000000 0.0000000000 13.9437055588 30.6557617188 13.3295125961
2.2171773911 38.9099197388 -5.5477390289 16.4514656067 0.0000000000 0.0000000000 13.9437055588 30.6557617188 13.3232593536
2.2001037598 38.8554649353 -5.6840524673 16.3933334351 0.0000000000 0.0000000000 13.9437055588 30.6557617188 13.3184175491
2.1809930801 38.8030319214 -5.6288552284 16.4116096497 0.0000000000 0.0000000000 13.9437055588 30.6557617188 13.3129987717
2.1650702953 38.7519531250 -5.7099566460 16.3950214386 0.0000000000 0.0000000000 13.9437055588 30.6557617188 13.3084831238
2.1468846798 38.7029075623 -5.6433238983 16.4126319885 0.0000000000 0.0000000000 13.9437055588 30.6557617188 13.3033275604
2.1331272125 38.6556358337 -5.7580127716 16.3742694855 0.0000000000 0.0000000000 13.9437055588 30.6557617188 13.2994260788
2.1156935692 38.6095809937 -5.6571040154 16.4202442169 0.0000000000 0.0000000000 13.9437055588 30.6557617188 13.2944812775
2.1029512882 38.5653953552 -5.7791147232 16.3700275421 0.0000000000 0.0000000000 13.9437055588 30.6557617188 13.2908697128
2.0875349045 38.5231819153 -5.6994333267 16.4094734192 0.0000000000 0.0000000000 13.9437055588 30.6557617188 13.2864971161
2.0756065845 38.4817390442 -5.7963256836 16.3723983765 0.0000000000 0.0000000000 13.9437055588 30.6557617188 13.2831163406
2.0609900951 38.4421539307 -5.7212986946 16.3945884705 0.0000000000 0.0000000000 13.9437055588 30.6557617188 13.2789697647
2.0510284901 38.4042663574 -5.8395366669 16.3535747528 0.0000000000 0.0000000000 13.9437055588 30.6557617188 13.2761468887
2.0366663933 38.3669815063 -5.7190155983 16.4092216492 0.0000000000 0.0000000000 13.9437055588 30.6557617188 13.2720718384
2.0273945332 38.3313560486 -5.8550987244 16.3491096497 0.0000000000 0.0000000000 13.9437055588 30.6557617188 13.2694444656
2.0144567490 38.2970924377 -5.7557926178 16.4044437408 0.0000000000 0.0000000000 13.9437055588 30.6557617188 13.2657775879
2.0054643154 38.2638130188 -5.8488454819 16.3543643951 0.0000000000 0.0000000000 13.9437055588 30.6557617188 13.2632274628
1.9939137697 38.2321586609 -5.8003754616 16.3739318848 0.0000000000 0.0000000000 13.9437055588 30.6557617188 13.2599506378
1.9865916967 38.2017326355 -5.8932666779 16.3400344849 0.0000000000 0.0000000000 13.9437055588 30.6557617188 13.2578754425
1.9746866226 38.1718063354 -5.7768464088 16.3945140839 0.0000000000 0.0000000000 13.9437055588 30.6557617188 13.2544984818
1.9680112600 38.1434898376 -5.9188866615 16.3313674927 0.0000000000 0.0000000000 13.9437055588 30.6557617188 13.2526044846
1.9577558041 38.1164207458 -5.8189678192 16.3721408844 0.0000000000 0.0000000000 13.9437055588 30.6557617188 13.2496976852
1.9508843422 38.0896530151 -5.9053182602 16.3433246613 0.0000000000 0.0000000000 13.9437055588 30.6557617188 13.2477493286
1.9415329695 38.0644645691 -5.8527045250 16.3528614044 0.0000000000 0.0000000000 13.9437055588 30.6557617188 13.2450962067
1.9361743927 38.0401802063 -5.9451332092 16.3238601685 0.0000000000 0.0000000000 13.9437055588 30.6557617188 13.2435770035
1.9262585640 38.0162162781 -5.8275213242 16.3774280548 0.0000000000 0.0000000000 13.9437055588 30.6557617188 13.2407665253
1.9216439724 37.9937095642 -5.9734578133 16.3055458069 0.0000000000 0.0000000000 13.9437055588 30.6557617188 13.2394590378
1.9129521847 37.9719581604 -5.8575568199 16.3592720032 0.0000000000 0.0000000000 13.9437055588 30.6557617188 13.2369937897
1.9079135656 37.9505844116 -5.9542918205 16.3237972260 0.0000000000 0.0000000000 13.9437055588 30.6557617188 13.2355642319
1.8999152184 37.9304656982 -5.8860483170 16.3454875946 0.0000000000 0.0000000000 13.9437055588 30.6557617188 13.2332954407
1.8961672783 37.9112586975 -5.9826970100 16.3052711487 0.0000000000 0.0000000000 13.9437055588 30.6557617188 13.2322330475
1.8879629374 37.8923263550 -5.8720760345 16.3489170074 0.0000000000 0.0000000000 13.9437055588 30.6557617188 13.2299060822
1.8847309351 37.8742561340 -6.0105671883 16.2951622009 0.0000000000 0.0000000000 13.9437055588 30.6557617188 13.2289915085
1.8778529167 37.8573951721 -5.9036231041 16.3326435089 0.0000000000 0.0000000000 13.9437055588 30.6557617188 13.2270393372
1.8739866018 37.8405380249 -5.9773163795 16.3048152924 0.0000000000 0.0000000000 13.9437055588 30.6557617188 13.2259416580
1.8672232628 37.8245849609 -5.9174871445 16.3326778412 0.0000000000 0.0000000000 13.9437055588 30.6557617188 13.2240257263
1.8648252487 37.8095283508 -6.0197324753 16.2804870605 0.0000000000 0.0000000000 13.9437055588 30.6557617188 13.2233476639
1.8181873560 37.7473144531 -4.8984141350 16.7646141052 0.0000000000 0.0000000000 13.9437055588 30.6557617188 13.2101211548
1.7757110596 37.6883277893 -5.0557465553 16.7225532532 0.0000000000 0.0000000000 13.9437055588 30.6557617188 13.1980781555
1.7334904671 37.6314468384 -5.0306377411 16.6992454529 0.0000000000 0.0000000000 13.9437055588 30.6557617188 13.1861057281
1.6938893795 37.5762329102 -5.1240110397 16.7148685455 0.0000000000 0.0000000000 13.9437055588 30.6557617188 13.1748752594
1.6544468403 37.5236816406 -5.0912933350 16.6962223053 0.0000000000 0.0000000000 13.9437055588 30.6557617188 13.1636896133
1.6190098524 37.4721679688 -5.2246117592 16.6805496216 0.0000000000 0.0000000000 13.9437055588 30.6557617188 13.1536436081
1.5818957090 37.4225425720 -5.1280288696 16.6990356445 0.0000000000 0.0000000000 13.9437055588 30.6557617188 13.1431188583
1.5493159294 37.3749046326 -5.2691030502 16.6750545502 0.0000000000 0.0000000000 13.9437055588 30.6557617188 13.1338806152
1.5161908865 37.3295097351 -5.2212100029 16.6671810150 0.0000000000 0.0000000000 13.9437055588 30.6557617188 13.1244859695
1.4861609936 37.2847976685 -5.3158979416 16.6631984711 0.0000000000 0.0000000000 13.9437055588 30.6557617188 13.1159715652
1.4558223486 37.2426567078 -5.2716035843 16.6542091370 0.0000000000 0.0000000000 13.9437055588 30.6557617188 13.1073694229
1.4295133352 37.2018928528 -5.3866257668 16.6458415985 0.0000000000 0.0000000000 13.9437055588 30.6557617188 13.0999097824
1.4008740187 37.1620292664 -5.2898645401 16.6686153412 0.0000000000 0.0000000000 13.9437055588 30.6557617188 13.0917892456
1.3772449493 37.1238937378 -5.4323086739 16.6280193329 0.0000000000 0.0000000000 13.9437055588 30.6557617188 13.0850887299
1.3522220850 37.0878829956 -5.3641357422 16.6336994171 0.0000000000 0.0000000000 13.9437055588 30.6557617188 13.0779924393
1.3301323652 37.0523262024 -5.4390192032 16.6321029663 0.0000000000 0.0000000000 13.9437055588 30.6557617188 13.0717287064
1.3073602915 37.0185928345 -5.4053354263 16.6189231873 0.0000000000 0.0000000000 13.9437055588 30.6557617188 13.0652723312
1.2887204885 36.9856605530 -5.5123229027 16.6071701050 0.0000000000 0.0000000000 13.9437055588 30.6557617188 13.0599861145
1.2665843964 36.9539756775 -5.3976345062 16.6400375366 0.0000000000 0.0000000000 13.9437055588 30.6557617188 13.0537099838
1.2493778467 36.9234085083 -5.5199532509 16.6045036316 0.0000000000 0.0000000000 13.9437055588 30.6557617188 13.0488300323
1.2308629751 36.8940811157 -5.4910831451 16.5900077820 0.0000000000 0.0000000000 13.9437055588 30.6557617188 13.0435800552
1.2148268223 36.8654136658 -5.5302629471 16.6054363251 0.0000000000 0.0000000000 13.9437055588 30.6557617188 13.0390319824
1.1974269152 36.8384933472 -5.4958124161 16.5969371796 0.0000000000 0.0000000000 13.9437055588 30.6557617188 13.0340995789
1.1841131449 36.8112564087 -5.6049609184 16.5631542206 0.0000000000 0.0000000000 13.9437055588 30.6557617188 13.0303220749
1.1665581465 36.7856903076 -5.4651384354 16.6207466125 0.0000000000 0.0000000000 13.9437055588 30.6557617188 13.0253448486
1.1542941332 36.7602767944 -5.6191730499 16.5668487549 0.0000000000 0.0000000000 13.9437055588 30.6557617188 13.0218687057
1.1399043798 36.7364845276 -5.5574927330 16.5663299561 0.0000000000 0.0000000000 13.9437055588 30.6557617188 13.0177888870
1.1278853416 36.7127342224 -5.5971574783 16.5725173950 0.0000000000 0.0000000000 13.9437055588 30.6557617188 13.0143795013
1.1142699718 36.6906356812 -5.5656352043 16.5705890656 0.0000000000 0.0000000000 13.9437055588 30.6557617188 13.0105199814
1.1045285463 36.6681671143 -5.6653599739 16.5402965546 0.0000000000 0.0000000000 13.9437055588 30.6557617188 13.0077571869
1.0904555321 36.6466140747 -5.5409603119 16.5907707214 0.0000000000 0.0000000000 13.9437055588 30.6557617188 13.0037660599
1.0811722279 36.6254081726 -5.6604533195 16.5473060608 0.0000000000 0.0000000000 13.9437055588 30.6557617188 13.0011339188
1.0698025227 36.6058273315 -5.6208672523 16.5393390656 0.0000000000 0.0000000000 13.9437055588 30.6557617188 12.9979085922
1.0606303215 36.5856246948 -5.6560211182 16.5496444702 0.0000000000 0.0000000000 13.9437055588 30.6557617188 12.9953088760
1.0495606661 36.5669250488 -5.6173334122 16.5492267609 0.0000000000 0.0000000000 13.9437055588 30.6557617188 12.9921703339
1.0422407389 36.5479125977 -5.7095894814 16.5150623322 0.0000000000 0.0000000000 13.9437055588 30.6557617188 12.9900951385
1.0304274559 36.5301170349 -5.5899686813 16.5671844482 0.0000000000 0.0000000000 13.9437055588 30.6557617188 12.9867439270
1.0234521627 36.5120048523 -5.7115454674 16.5272426605 0.0000000000 0.0000000000 13.9437055588 30.6557617188 12.9847660065
1.0140916109 36.4952735901 -5.6601886749 16.5180988312 0.0000000000 0.0000000000 13.9437055588 30.6557617188 12.9821128845
1.0067448616 36.4781036377 -5.6922740936 16.5264644623 0.0000000000 0.0000000000 13.9437055588 30.6557617188 12.9800281525
0.9974921346 36.4625778198 -5.6520199776 16.5247058868 0.0000000000 0.0000000000 13.9437055588 30.6557617188 12.9774045944
0.9920475483 36.4462165833 -5.7551903725 16.4975795746 0.0000000000 0.0000000000 13.9437055588 30.6557617188 12.9758625031
0.9818267226 36.4307899475 -5.6245203018 16.5470104218 0.0000000000 0.0000000000 13.9437055588 30.6557617188 12.9729642868
0.9762381911 36.4152755737 -5.7361516953 16.5047893524 0.0000000000 0.0000000000 13.9437055588 30.6557617188 12.9713783264
0.9683198333 36.4013595581 -5.6936802864 16.4978027344 0.0000000000 0.0000000000 13.9437055588 30.6557617188 12.9691324234
0.9624287486 36.3865356445 -5.7277107239 16.5096092224 0.0000000000 0.0000000000 13.9437055588 30.6557617188 12.9674625397
0.9546183348 36.3730926514 -5.6891431808 16.5025405884 0.0000000000 0.0000000000 13.9437055588 30.6557617188 12.9652462006
0.9502683282 36.3589897156 -5.7799744606 16.4754791260 0.0000000000 0.0000000000 13.9437055588 30.6557617188 12.9640150070
0.9412595630 36.3460731506 -5.6570611000 16.5291500092 0.0000000000 0.0000000000 13.9437055588 30.6557617188 12.9614591599
0.9367448092 36.3327255249 -5.7659664154 16.4846935272 0.0000000000 0.0000000000 13.9437055588 30.6557617188 12.9601802826
0.9350121021 36.3041610718 -5.5739564896 16.9053726196 0.0000000000 0.0000000000 13.9437055588 30.6557617188 12.9596872330
0.9343095422 36.2757110596 -5.5828843117 16.9152660370 0.0000000000 0.0000000000 13.9437055588 30.6557617188 12.9594888687
0.9326428175 36.2489395142 -5.5759487152 16.8787612915 0.0000000000 0.0000000000 13.9437055588 30.6557617188 12.9590158463
0.9325878024 36.2227554321 -5.6341934204 16.8787784576 0.0000000000 0.0000000000 13.9437055588 30.6557617188 12.9590015411
0.9297549725 36.1975898743 -5.5617961884 16.8885250092 0.0000000000 0.0000000000 13.9437055588 30.6557617188 12.9581975937
0.9290101528 36.1727142334 -5.6074914932 16.8697910309 0.0000000000 0.0000000000 13.9437055588 30.6557617188 12.9579858780
0.9269618392 36.1497688293 -5.5983390808 16.8485469818 0.0000000000 0.0000000000 13.9437055588 30.6557617188 12.9574060440
0.9256290197 36.1268463135 -5.6059145927 16.8682861328 0.0000000000 0.0000000000 13.9437055588 30.6557617188 12.9570274353
0.9228156209 36.1048698425 -5.5795688629 16.8543605804 0.0000000000 0.0000000000 13.9437055588 30.6557617188 12.9562292099
0.9218299389 36.0836563110 -5.6329393387 16.8327369690 0.0000000000 0.0000000000 13.9437055588 30.6557617188 12.9559497833
0.9183563590 36.0629463196 -5.5794529915 16.8521060944 0.0000000000 0.0000000000 13.9437055588 30.6557617188 12.9549646378
0.9168402553 36.0429000854 -5.6127319336 16.8339805603 0.0000000000 0.0000000000 13.9437055588 30.6557617188 12.9545354843
0.9139629602 36.0240516663 -5.6082320213 16.8151721954 0.0000000000 0.0000000000 13.9437055588 30.6557617188 12.9537200928
0.9117751122 36.0049476624 -5.6226239204 16.8269443512 0.0000000000 0.0000000000 13.9437055588 30.6557617188 12.9531002045
0.9080798030 35.9867401123 -5.5878953934 16.8237552643 0.0000000000 0.0000000000 13.9437055588 30.6557617188 12.9520521164
0.9066258073 35.9692039490 -5.6497015953 16.7990608215 0.0000000000 0.0000000000 13.9437055588 30.6557617188 12.9516401291
0.9022062421 35.9519004822 -5.5876140594 16.8270301819 0.0000000000 0.0000000000 13.9437055588 30.6557617188 12.9503870010
0.9003149867 35.9347686768 -5.6481795311 16.7972736359 0.0000000000 0.0000000000 13.9437055588 30.6557617188 12.9498510361
0.8967169523 35.9188995361 -5.6204514503 16.7884330750 0.0000000000 0.0000000000 13.9437055588 30.6557617188 12.9488306046
0.8941064477 35.9026794434 -5.6426491737 16.7975425720 0.0000000000 0.0000000000 13.9437055588 30.6557617188 12.9480895996
0.8895925879 35.8871116638 -5.6038823128 16.7990798950 0.0000000000 0.0000000000 13.9437055588 30.6557617188 12.9468088150
0.8873185515 35.8717880249 -5.6616015434 16.7750434875 0.0000000000 0.0000000000 13.9437055588 30.6557617188 12.9461641312
0.8825512528 35.8569221497 -5.6104073524 16.7901554108 0.0000000000 0.0000000000 13.9437055588 30.6557617188 12.9448118210
0.8799462318 35.8419685364 -5.6602997780 16.7814006805 0.0000000000 0.0000000000 13.9437055588 30.6557617188 12.9440736771
0.8759528399 35.8282356262 -5.6388039589 16.7632656097 0.0000000000 0.0000000000 13.9437055588 30.6557617188 12.9429426193
0.8727846742 35.8138389587 -5.6560549736 16.7702636719 0.0000000000 0.0000000000 13.9437055588 30.6557617188 12.9420442581
0.8681347370 35.8002166748 -5.6298651695 16.7730445862 0.0000000000 0.0000000000 13.9437055588 30.6557617188 12.9407243729
0.8658444881 35.7867164612 -5.6920351982 16.7557144165 0.0000000000 0.0000000000 13.9437055588 30.6557617188 12.9400758743
0.8607901931 35.7737045288 -5.6336584091 16.7661571503 0.0000000000 0.0000000000 13.9437055588 30.6557617188 12.9386434555
0.8579682112 35.7604522705 -5.6738681793 16.7571945190 0.0000000000 0.0000000000 13.9437055588 30.6557617188 12.9378414154
0.8539457321 35.7484703064 -5.6668581963 16.7390613556 0.0000000000 0.0000000000 13.9437055588 30.6557617188 12.9366998672
0.8509585261 35.7357635498 -5.6919507980 16.7523689270 0.0000000000 0.0000000000 13.9437055588 30.6557617188 12.9358549118
0.8459675312 35.7238693237 -5.6413030624 16.7510013580 0.0000000000 0.0000000000 13.9437055588 30.6557617188 12.9344396591
0.8435321450 35.7118263245 -5.7081546783 16.7309932709 0.0000000000 0.0000000000 13.9437055588 30.6557617188 12.9337491989
0.8384521008 35.7004737854 -5.6539878845 16.7442569733 0.0000000000 0.0000000000 13.9437055588 30.6557617188 12.9323091507
0.8356462121 35.6887245178 -5.6986942291 16.7378215790 0.0000000000 0.0000000000 13.9437055588 30.6557617188 12.9315118790
0.8316311836 35.6783027649 -5.6867094040 16.7182769775 0.0000000000 0.0000000000 13.9437055588 30.6557617188 12.9303731918
0.8284558654 35.6669883728 -5.7008481026 16.7281169891 0.0000000000 0.0000000000 13.9437055588 30.6557617188 12.9294729233
0.8239209056 35.6567306519 -5.6716017723 16.7231979370 0.0000000000 0.0000000000 13.9437055588 30.6557617188 12.9281873703
0.8218369484 35.6462402344 -5.7355690002 16.7125930786 0.0000000000 0.0000000000 13.9437055588 30.6557617188 12.9275960922
0.8164855838 35.6363372803 -5.6680059433 16.7277069092 0.0000000000 0.0000000000 13.9437055588 30.6557617188 12.9260797501
0.8138984442 35.6259803772 -5.7157325745 16.7130012512 0.0000000000 0.0000000000 13.9437055588 30.6557617188 12.9253435135
0.8098130226 35.6168174744 -5.7085609436 16.7009296417 0.0000000000 0.0000000000 13.9437055588 30.6557617188 12.9241867065
0.8072177768 35.6072273254 -5.7256760597 16.7118759155 0.0000000000 0.0000000000 13.9437055588 30.6557617188 12.9234514236
0.8020624518 35.5981826782 -5.6734991074 16.7139205933 0.0000000000 0.0000000000 13.9437055588 30.6557617188 12.9219903946
0.8004265428 35.5888023376 -5.7622356415 16.6885318756 0.0000000000 0.0000000000 13.9437055588 30.6557617188 12.9215250015
0.7952469587 35.5805740356 -5.6869282722 16.7085895538 0.0000000000 0.0000000000 13.9437055588 30.6557617188 12.9200553894
0.7929481268 35.5717010498 -5.7337217331 16.6965236664 0.0000000000 0.0000000000 13.9437055588 30.6557617188 12.9194049835
0.7887225747 35.5636863708 -5.7211089134 16.6854591370 0.0000000000 0.0000000000 13.9437055588 30.6557617188 12.9182062149
0.7864075303 35.5550041199 -5.7447953224 16.6881370544 0.0000000000 0.0000000000 13.9437055588 30.6557617188 12.9175510406
0.7360494137 35.5182723999 -4.7687149048 16.9841461182 0.0000000000 0.0000000000 13.9437055588 30.6557617188 12.9032707214
0.6897357106 35.4837188721 -4.8976535797 16.9561443329 0.0000000000 0.0000000000 13.9437055588 30.6557617188 12.8901367188
0.6430528164 35.4516525269 -4.8734464645 16.9690704346 0.0000000000 0.0000000000 13.9437055588 30.6557617188 12.8769025803
0.6003535986 35.4211273193 -4.9558286667 16.9389514923 0.0000000000 0.0000000000 13.9437055588 30.6557617188 12.8647928238
0.5591738820 35.3928413391 -5.0031089783 16.9227752686 0.0000000000 0.0000000000 13.9437055588 30.6557617188 12.8531160355
0.5201709867 35.3660011292 -5.0143518448 16.9168415070 0.0000000000 0.0000000000 13.9437055588 30.6557617188 12.8420562744
0.4820370376 35.3410797119 -5.0362467766 16.9194946289 0.0000000000 0.0000000000 13.9437055588 30.6557617188 12.8312425613
0.4485645294 35.3174667358 -5.1375441551 16.8910541534 0.0000000000 0.0000000000 13.9437055588 30.6557617188 12.8217506409
0.4136158228 35.2946548462 -5.0881500244 16.9074401855 0.0000000000 0.0000000000 13.9437055588 30.6557617188 12.8118419647
0.3831312060 35.2737464905 -5.1607794762 16.8868389130 0.0000000000 0.0000000000 13.9437055588 30.6557617188 12.8031978607
0.3522296846 35.2544326782 -5.1637711525 16.8885173798 0.0000000000 0.0000000000 13.9437055588 30.6557617188 12.7944345474
0.3252050877 35.2360153198 -5.2150912285 16.8617153168 0.0000000000 0.0000000000 13.9437055588 30.6557617188 12.7867727280
0.2967911661 35.2183532715 -5.1882491112 16.8840312958 0.0000000000 0.0000000000 13.9437055588 30.6557617188 12.7787151337
0.2738739848 35.2017745972 -5.2947239876 16.8355064392 0.0000000000 0.0000000000 13.9437055588 30.6557617188 12.7722158432
0.2480842024 35.1857528687 -5.2273759842 16.8685340881 0.0000000000 0.0000000000 13.9437055588 30.6557617188 12.7649021149
0.2274343669 35.1705818176 -5.3141183853 16.8379459381 0.0000000000 0.0000000000 13.9437055588 30.6557617188 12.7590494156
0.2049334049 35.1566848755 -5.2852559090 16.8402748108 0.0000000000 0.0000000000 13.9437055588 30.6557617188 12.7526674271
0.1863268614 35.1430702209 -5.3418946266 16.8200912476 0.0000000000 0.0000000000 13.9437055588 30.6557617188 12.7473907471
0.1657162756 35.1296005249 -5.3104190826 16.8527736664 0.0000000000 0.0000000000 13.9437055588 30.6557617188 12.7415466309
0.1501975507 35.1171875000 -5.4051213264 16.7909374237 0.0000000000 0.0000000000 13.9437055588 30.6557617188 12.7371482849
0.1310610473 35.1056594849 -5.3212552071 16.8261928558 0.0000000000 0.0000000000 13.9437055588 30.6557617188 12.7317199707
0.1171559170 35.0938034058 -5.4208908081 16.7977943420 0.0000000000 0.0000000000 13.9437055588 30.6557617188 12.7277774811
0.1002637222 35.0830650330 -5.3707404137 16.8125305176 0.0000000000 0.0000000000 13.9437055588 30.6557617188 12.7229871750
0.0873927325 35.0724029541 -5.4240183830 16.7828216553 0.0000000000 0.0000000000 13.9437055588 30.6557617188 12.7193374634
0.0723738670 35.0625267029 -5.4015927315 16.8064785004 0.0000000000 0.0000000000 13.9437055588 30.6557617188 12.7150783539
0.0616516210 35.0527496338 -5.4769759178 16.7640075684 0.0000000000 0.0000000000 13.9437055588 30.6557617188 12.7120380402
0.0468357392 35.0434417725 -5.3904061317 16.8000602722 0.0000000000 0.0000000000 13.9437055588 30.6557617188 12.7078380585
0.0370705277 35.0340156555 -5.4837255478 16.7676448822 0.0000000000 0.0000000000 13.9437055588 30.6557617188 12.7050666809
0.0239445157 35.0260658264 -5.4322428703 16.7751674652 0.0000000000 0.0000000000 13.9437055588 30.6557617188 12.7013444901
0.0153588178 35.0174407959 -5.4986906052 16.7506790161 0.0000000000 0.0000000000 13.9437055588 30.6557617188 12.6989126205
0.0031269905 35.0093421936 -5.4455790520 16.7862396240 0.0000000000 0.0000000000 13.9437055588 30.6557617188 12.6954431534
-0.0049561681 35.0015792847 -5.5137996674 16.7364578247 0.0000000000 0.0000000000 13.9437055588 30.6557617188 12.6931514740
-0.0161642507 34.9946746826 -5.4641346931 16.7687797546 0.0000000000 0.0000000000 13.9437055588 30.6557617188 12.6899728775
-0.0232342388 34.9869461060 -5.5319404602 16.7412509918 0.0000000000 0.0000000000 13.9437055588 30.6557617188 12.6879682541
-0.0338695943 34.9804191589 -5.4766144753 16.7529239655 0.0000000000 0.0000000000 13.9437055588 30.6557617188 12.6849517822
-0.0403081700 34.9735145569 -5.5419120789 16.7296829224 0.0000000000 0.0000000000 13.9437055588 30.6557617188 12.6831254959
-0.0503817871 34.9677200317 -5.4862318039 16.7613868713 0.0000000000 0.0000000000 13.9437055588 30.6557617188 12.6802701950
-0.0561728701 34.9611778259 -5.5612049103 16.7082118988 0.0000000000 0.0000000000 13.9437055588 30.6557617188 12.6786270142
-0.0658613518 34.9553871155 -5.4959454536 16.7504615784 0.0000000000 0.0000000000 13.9437055588 30.6557617188 12.6758794785
-0.0706653297 34.9492263794 -5.5776166916 16.7140522003 0.0000000000 0.0000000000 13.9437055588 30.6557617188 12.6745185852
-0.0799262151 34.9449005127 -5.5032277107 16.7344017029 0.0000000000 0.0000000000 13.9437055588 30.6557617188 12.6718921661
-0.0850188956 34.9389801025 -5.5693693161 16.6980781555 0.0000000000 0.0000000000 13.9437055588 30.6557617188 12.6704483032
-0.0933235064 34.9338417053 -5.5284466743 16.7403812408 0.0000000000 0.0000000000 13.9437055588 30.6557617188 12.6680927277
-0.0974789560 34.9288101196 -5.6004848480 16.6904811859 0.0000000000 0.0000000000 13.9437055588 30.6557617188 12.6669158936
-0.1061437279 34.9251251221 -5.5095720291 16.7311267853 0.0000000000 0.0000000000 13.9437055588 30.6557617188 12.6644573212
-0.1101699993 34.9200706482 -5.5958361626 16.6960487366 0.0000000000 0.0000000000 13.9437055588 30.6557617188 12.6633176804
-0.1177163199 34.9158325195 -5.5557222366 16.7081069946 0.0000000000 0.0000000000 13.9437055588 30.6557617188 12.6611776352
-0.1217155531 34.9114227295 -5.5907325745 16.6848888397 0.0000000000 0.0000000000 13.9437055588 30.6557617188 12.6600427628
-0.1291036606 34.9081840515 -5.5472669601 16.7213401794 0.0000000000 0.0000000000 13.9437055588 30.6557617188 12.6579475403
-0.1324031949 34.9041862488 -5.6228599548 16.6710777283 0.0000000000 0.0000000000 13.9437055588 30.6557617188 12.6570129395
-0.1074171215 34.9084930420 -5.9202585220 16.8005256653 0.0000000000 0.0000000000 13.9437055588 30.6557617188 12.6640977859
