        rmsthk      stdthk       rmsvel       stdvel       rmsdiv       stddiv       rmsusurf       stdusurf       vol
3.6751205921 18.1397418976 -18.6779727936 30.6450710297 0.0000000000 0.0000000000 13.9437055588 30.6557617188 13.7366752625
3.6842732430 18.0023498535 -18.6388530731 30.5940361023 0.0000000000 0.0000000000 13.9437055588 30.6557617188 13.7392692566
3.6921033859 17.8865985870 -18.6014480591 30.5547981262 0.0000000000 0.0000000000 13.9437055588 30.6557617188 13.7414903641
3.6992518902 17.7830562592 -18.5807113647 30.5107803345 0.0000000000 0.0000000000 13.9437055588 30.6557617188 13.7435178757
3.7059199810 17.6874370575 -18.5458621979 30.4860057831 0.0000000000 0.0000000000 13.9437055588 30.6557617188 13.7454051971
3.7123205662 17.5973243713 -18.5242137909 30.4524192810 0.0000000000 0.0000000000 13.9437055588 30.6557617188 13.7472229004
3.7185168266 17.5112876892 -18.5024433136 30.4210281372 0.0000000000 0.0000000000 13.9437055588 30.6557617188 13.7489786148
3.7245843410 17.4283332825 -18.4775600433 30.3947811127 0.0000000000 0.0000000000 13.9437055588 30.6557617188 13.7506990433
3.7305586338 17.3478107452 -18.4560623169 30.3652362823 0.0000000000 0.0000000000 13.9437055588 30.6557617188 13.7523937225
3.7364981174 17.2692413330 -18.4423637390 30.3300399780 0.0000000000 0.0000000000 13.9437055588 30.6557617188 13.7540769577
3.7423772812 17.1923027039 -18.4119701385 30.3111343384 0.0000000000 0.0000000000 13.9437055588 30.6557617188 13.7557449341
3.7482786179 17.1166954041 -18.3985500336 30.2763919830 0.0000000000 0.0000000000 13.9437055588 30.6557617188 13.7574186325
3.7541682720 17.0422325134 -18.3690891266 30.2577342987 0.0000000000 0.0000000000 13.9437055588 30.6557617188 13.7590875626
3.7601146698 16.9687576294 -18.3609523773 30.2198486328 0.0000000000 0.0000000000 13.9437055588 30.6557617188 13.7607755661
3.7660622597 16.8962154388 -18.3297271729 30.2014236450 0.0000000000 0.0000000000 13.9437055588 30.6557617188 13.7624616623
3.7720754147 16.8245201111 -18.3172779083 30.1663722992 0.0000000000 0.0000000000 13.9437055588 30.6557617188 13.7641668320
3.7781035900 16.7536411285 -18.2868080139 30.1475086212 0.0000000000 0.0000000000 13.9437055588 30.6557617188 13.7658748627
3.7842130661 16.6835231781 -18.2732830048 30.1124839783 0.0000000000 0.0000000000 13.9437055588 30.6557617188 13.7676086426
3.7903494835 16.6141777039 -18.2424564362 30.0931797028 0.0000000000 0.0000000000 13.9437055588 30.6557617188 13.7693490982
3.7965779305 16.5455818176 -18.2283668518 30.0577678680 0.0000000000 0.0000000000 13.9437055588 30.6557617188 13.7711143494
3.8028416634 16.4777698517 -18.1972599030 30.0382976532 0.0000000000 0.0000000000 13.9437055588 30.6557617188 13.7728900909
3.8092067242 16.4107379913 -18.1827888489 30.0022506714 0.0000000000 0.0000000000 13.9437055588 30.6557617188 13.7746963501
3.8156371117 16.3445224762 -18.1554298401 29.9780521393 0.0000000000 0.0000000000 13.9437055588 30.6557617188 13.7765169144
3.8221640587 16.2791557312 -18.1392917633 29.9444389343 0.0000000000 0.0000000000 13.9437055588 30.6557617188 13.7783699036
3.8287644386 16.2147006989 -18.1115589142 29.9196224213 0.0000000000 0.0000000000 13.9437055588 30.6557617188 13.7802410126
3.8354763985 16.1511974335 -18.0976924896 29.8823184967 0.0000000000 0.0000000000 13.9437055588 30.6557617188 13.7821435928
3.8422424793 16.0887317657 -18.0644531250 29.8613853455 0.0000000000 0.0000000000 13.9437055588 30.6557617188 13.7840633392
3.8491208553 16.0273265839 -18.0492248535 29.8237686157 0.0000000000 0.0000000000 13.9437055588 30.6557617188 13.7860136032
3.8560612202 15.9670848846 -18.0157489777 29.8024864197 0.0000000000 0.0000000000 13.9437055588 30.6557617188 13.7879810333
3.8631632328 15.9080066681 -18.0077438354 29.7562770844 0.0000000000 0.0000000000 13.9437055588 30.6557617188 13.7899951935
3.8702814579 15.8502683640 -17.9657001495 29.7423210144 0.0000000000 0.0000000000 13.9437055588 30.6557617188 13.7920131683
3.8775796890 15.7938299179 -17.9625263214 29.6906337738 0.0000000000 0.0000000000 13.9437055588 30.6557617188 13.7940835953
3.8848791122 15.7388925552 -17.9156875610 29.6802120209 0.0000000000 0.0000000000 13.9437055588 30.6557617188 13.7961521149
3.8923821449 15.6853866577 -17.9116153717 29.6281833649 0.0000000000 0.0000000000 13.9437055588 30.6557617188 13.7982797623
3.8998911381 15.6335449219 -17.8654212952 29.6167659760 0.0000000000 0.0000000000 13.9437055588 30.6557617188 13.8004102707
3.9075882435 15.5833358765 -17.8603305817 29.5645446777 0.0000000000 0.0000000000 13.9437055588 30.6557617188 13.8025922775
3.9153070450 15.5349321365 -17.8124065399 29.5531749725 0.0000000000 0.0000000000 13.9437055588 30.6557617188 13.8047828674
3.9232220650 15.4883098602 -17.8111572266 29.4980888367 0.0000000000 0.0000000000 13.9437055588 30.6557617188 13.8070259094
3.9311625957 15.4436864853 -17.7636089325 29.4857368469 0.0000000000 0.0000000000 13.9437055588 30.6557617188 13.8092775345
3.9393103123 15.4010047913 -17.7591037750 29.4315109253 0.0000000000 0.0000000000 13.9437055588 30.6557617188 13.8115892410
3.9474747181 15.3605060577 -17.7123470306 29.4179191589 0.0000000000 0.0000000000 13.9437055588 30.6557617188 13.8139019012
3.9558336735 15.3221588135 -17.7072048187 29.3630313873 0.0000000000 0.0000000000 13.9437055588 30.6557617188 13.8162727356
3.9642367363 15.2861042023 -17.6613025665 29.3465366364 0.0000000000 0.0000000000 13.9437055588 30.6557617188 13.8186550140
3.9728772640 15.2523460388 -17.6558647156 29.2913722992 0.0000000000 0.0000000000 13.9437055588 30.6557617188 13.8211059570
3.9815273285 15.2210998535 -17.6099395752 29.2762317657 0.0000000000 0.0000000000 13.9437055588 30.6557617188 13.8235588074
3.9904072285 15.1923151016 -17.5992088318 29.2246894836 0.0000000000 0.0000000000 13.9437055588 30.6557617188 13.8260765076
3.9993424416 15.1661872864 -17.5622749329 29.1997604370 0.0000000000 0.0000000000 13.9437055588 30.6557617188 13.8286113739
4.0084743500 15.1427402496 -17.5488090515 29.1500110626 0.0000000000 0.0000000000 13.9437055588 30.6557617188 13.8311996460
4.0176296234 15.1221342087 -17.4996910095 29.1335754395 0.0000000000 0.0000000000 13.9437055588 30.6557617188 13.8337945938
4.0270104408 15.1043787003 -17.4939403534 29.0754852295 0.0000000000 0.0000000000 13.9437055588 30.6557617188 13.8364553452
4.0189781189 15.0631160736 -11.0282859802 29.3456420898 0.0000000000 0.0000000000 13.9437055588 30.6557617188 13.8341789246
4.0109481812 15.0249300003 -11.0159330368 29.2858257294 0.0000000000 0.0000000000 13.9437055588 30.6557617188 13.8319015503
4.0027823448 14.9898147583 -10.9833889008 29.2507629395 0.0000000000 0.0000000000 13.9437055588 30.6557617188 13.8295850754
3.9947280884 14.9578714371 -10.9848880768 29.1862792969 0.0000000000 0.0000000000 13.9437055588 30.6557617188 13.8273010254
3.9865186214 14.9291210175 -10.9528064728 29.1513881683 0.0000000000 0.0000000000 13.9437055588 30.6557617188 13.8249731064
3.9784080982 14.9038124084 -10.9528408051 29.0876998901 0.0000000000 0.0000000000 13.9437055588 30.6557617188 13.8226728439
3.9701449871 14.8818626404 -10.9180450439 29.0544681549 0.0000000000 0.0000000000 13.9437055588 30.6557617188 13.8203296661
3.9619562626 14.8635396957 -10.9094791412 28.9950351715 0.0000000000 0.0000000000 13.9437055588 30.6557617188 13.8180084229
3.9536356926 14.8487501144 -10.8811187744 28.9549999237 0.0000000000 0.0000000000 13.9437055588 30.6557617188 13.8156480789
3.9454033375 14.8376655579 -10.8815555573 28.8898010254 0.0000000000 0.0000000000 13.9437055588 30.6557617188 13.8133144379
3.9370887280 14.8303394318 -10.8496046066 28.8520336151 0.0000000000 0.0000000000 13.9437055588 30.6557617188 13.8109569550
3.9288182259 14.8267621994 -10.8430252075 28.7905921936 0.0000000000 0.0000000000 13.9437055588 30.6557617188 13.8086099625
3.9204661846 14.8270130157 -10.8176717758 28.7452526093 0.0000000000 0.0000000000 13.9437055588 30.6557617188 13.8062448502
3.9122848511 14.8312139511 -10.8219575882 28.6793632507 0.0000000000 0.0000000000 13.9437055588 30.6557617188 13.8039255142
3.9039504528 14.8393812180 -10.7755632401 28.6528015137 0.0000000000 0.0000000000 13.9437055588 30.6557617188 13.8015613556
3.8957936764 14.8515310287 -10.7937049866 28.5698127747 0.0000000000 0.0000000000 13.9437055588 30.6557617188 13.7992458344
3.8875281811 14.8677740097 -10.7413291931 28.5493144989 0.0000000000 0.0000000000 13.9437055588 30.6557617188 13.7969036102
3.8793611526 14.8881855011 -10.7496023178 28.4771804810 0.0000000000 0.0000000000 13.9437055588 30.6557617188 13.7945890427
3.8711240292 14.9126424789 -10.7081031799 28.4423980713 0.0000000000 0.0000000000 13.9437055588 30.6557617188 13.7922534943
3.8631072044 14.9413890839 -10.7314901352 28.3625926971 0.0000000000 0.0000000000 13.9437055588 30.6557617188 13.7899789810
3.8548779488 14.9742155075 -10.6651344299 28.3417549133 0.0000000000 0.0000000000 13.9437055588 30.6557617188 13.7876462936
3.8468420506 15.0113277435 -10.6863079071 28.2637767792 0.0000000000 0.0000000000 13.9437055588 30.6557617188 13.7853660583
3.8387475014 15.0525493622 -10.6230173111 28.2412528992 0.0000000000 0.0000000000 13.9437055588 30.6557617188 13.7830715179
3.8308515549 15.0981054306 -10.6510324478 28.1570549011 0.0000000000 0.0000000000 13.9437055588 30.6557617188 13.7808322906
3.8229639530 15.1477689743 -10.6080083847 28.1231212616 0.0000000000 0.0000000000 13.9437055588 30.6557617188 13.7785978317
3.8151946068 15.2018022537 -10.6142158508 28.0506706238 0.0000000000 0.0000000000 13.9437055588 30.6557617188 13.7763938904
3.8074567318 15.2598018646 -10.5725564957 28.0166912079 0.0000000000 0.0000000000 13.9437055588 30.6557617188 13.7741994858
3.7998995781 15.3222427368 -10.5867118835 27.9356765747 0.0000000000 0.0000000000 13.9437055588 30.6557617188 13.7720565796
3.7923204899 15.3887195587 -10.5438308716 27.9029979706 0.0000000000 0.0000000000 13.9437055588 30.6557617188 13.7699060440
3.7849137783 15.4595460892 -10.5471239090 27.8384284973 0.0000000000 0.0000000000 13.9437055588 30.6557617188 13.7678079605
3.7776167393 15.5341405869 -10.5281715393 27.7890644073 0.0000000000 0.0000000000 13.9437055588 30.6557617188 13.7657375336
3.7704520226 15.6132574081 -10.5256395340 27.7248325348 0.0000000000 0.0000000000 13.9437055588 30.6557617188 13.7637052536
3.7633991241 15.6962041855 -10.5020217896 27.6709556580 0.0000000000 0.0000000000 13.9437055588 30.6557617188 13.7617073059
3.7564613819 15.7833042145 -10.4879636765 27.6169223785 0.0000000000 0.0000000000 13.9437055588 30.6557617188 13.7597389221
3.7496457100 15.8743124008 -10.4700565338 27.5673694611 0.0000000000 0.0000000000 13.9437055588 30.6557617188 13.7578067780
3.7428562641 15.9695510864 -10.4420881271 27.5135250092 0.0000000000 0.0000000000 13.9437055588 30.6557617188 13.7558822632
3.7361941338 16.0683784485 -10.4251050949 27.4626331329 0.0000000000 0.0000000000 13.9437055588 30.6557617188 13.7539911270
3.7296965122 16.1713886261 -10.4048175812 27.4084720612 0.0000000000 0.0000000000 13.9437055588 30.6557617188 13.7521495819
3.7233698368 16.2779216766 -10.4009914398 27.3465194702 0.0000000000 0.0000000000 13.9437055588 30.6557617188 13.7503547668
3.7170391083 16.3883399963 -10.3679952621 27.3014888763 0.0000000000 0.0000000000 13.9437055588 30.6557617188 13.7485599518
3.7109220028 16.5024948120 -10.3658132553 27.2407798767 0.0000000000 0.0000000000 13.9437055588 30.6557617188 13.7468261719
3.7048044205 16.6202945709 -10.3272333145 27.1923828125 0.0000000000 0.0000000000 13.9437055588 30.6557617188 13.7450895309
3.6990504265 16.7416419983 -10.3430080414 27.1252956390 0.0000000000 0.0000000000 13.9437055588 30.6557617188 13.7434606552
3.6933462620 16.8666057587 -10.3087158203 27.0791397095 0.0000000000 0.0000000000 13.9437055588 30.6557617188 13.7418413162
3.6878395081 16.9948673248 -10.3072938919 27.0187072754 0.0000000000 0.0000000000 13.9437055588 30.6557617188 13.7402801514
3.6824982166 17.1265373230 -10.2718439102 26.9748649597 0.0000000000 0.0000000000 13.9437055588 30.6557617188 13.7387657166
3.6774494648 17.2614269257 -10.2989683151 26.9011383057 0.0000000000 0.0000000000 13.9437055588 30.6557617188 13.7373332977
3.6724233627 17.3995494843 -10.2497205734 26.8601455688 0.0000000000 0.0000000000 13.9437055588 30.6557617188 13.7359085083
3.6678659916 17.5408687592 -10.2872180939 26.7790832520 0.0000000000 0.0000000000 13.9437055588 30.6557617188 13.7346172333
3.6631433964 17.6853885651 -10.2116613388 26.7572212219 0.0000000000 0.0000000000 13.9437055588 30.6557617188 13.7332773209
3.6667516232 17.8144073486 -10.7652168274 26.5096511841 0.0000000000 0.0000000000 13.9437055588 30.6557617188 13.7342987061
3.6701250076 17.9468441010 -10.6722888947 26.4930553436 0.0000000000 0.0000000000 13.9437055588 30.6557617188 13.7352561951
3.6740174294 18.0823249817 -10.7292747498 26.4002513885 0.0000000000 0.0000000000 13.9437055588 30.6557617188 13.7363595963
3.6777851582 18.2211341858 -10.6440610886 26.3868217468 0.0000000000 0.0000000000 13.9437055588 30.6557617188 13.7374286652
3.6819500923 18.3630352020 -10.6987895966 26.3006420135 0.0000000000 0.0000000000 13.9437055588 30.6557617188 13.7386083603
3.6859605312 18.5081138611 -10.6067190170 26.2889289856 0.0000000000 0.0000000000 13.9437055588 30.6557617188 13.7397470474
3.6905255318 18.6560935974 -10.6601381302 26.1984119415 0.0000000000 0.0000000000 13.9437055588 30.6557617188 13.7410430908
3.6949102879 18.8071937561 -10.5854301453 26.1757316589 0.0000000000 0.0000000000 13.9437055588 30.6557617188 13.7422857285
3.6996669769 18.9611415863 -10.6207799911 26.1016674042 0.0000000000 0.0000000000 13.9437055588 30.6557617188 13.7436332703
3.7044465542 19.1179599762 -10.5636291504 26.0748882294 0.0000000000 0.0000000000 13.9437055588 30.6557617188 13.7449903488
3.7094595432 19.2775249481 -10.5825290680 26.0023651123 0.0000000000 0.0000000000 13.9437055588 30.6557617188 13.7464113235
3.7144801617 19.4396667480 -10.5167818069 25.9722843170 0.0000000000 0.0000000000 13.9437055588 30.6557617188 13.7478351593
3.7199909687 19.6043281555 -10.5634431839 25.8945655823 0.0000000000 0.0000000000 13.9437055588 30.6557617188 13.7493972778
3.7254693508 19.7714691162 -10.5020732880 25.8752422333 0.0000000000 0.0000000000 13.9437055588 30.6557617188 13.7509498596
3.7311511040 19.9411659241 -10.5279397964 25.8005466461 0.0000000000 0.0000000000 13.9437055588 30.6557617188 13.7525625229
3.7371006012 20.1130275726 -10.4924173355 25.7672920227 0.0000000000 0.0000000000 13.9437055588 30.6557617188 13.7542467117
3.7433085442 20.2871894836 -10.5226192474 25.7112312317 0.0000000000 0.0000000000 13.9437055588 30.6557617188 13.7560119629
3.7496180534 20.4635143280 -10.4830026627 25.6679592133 0.0000000000 0.0000000000 13.9437055588 30.6557617188 13.7577981949
3.7561581135 20.6420860291 -10.4823360443 25.6129455566 0.0000000000 0.0000000000 13.9437055588 30.6557617188 13.7596530914
3.7627921104 20.8227405548 -10.4636554718 25.5640068054 0.0000000000 0.0000000000 13.9437055588 30.6557617188 13.7615337372
3.7695205212 21.0053920746 -10.4398756027 25.5149459839 0.0000000000 0.0000000000 13.9437055588 30.6557617188 13.7634420395
3.7766792774 21.1897392273 -10.4411602020 25.4586353302 0.0000000000 0.0000000000 13.9437055588 30.6557617188 13.7654724121
3.7840602398 21.3759078979 -10.4318447113 25.4230937958 0.0000000000 0.0000000000 13.9437055588 30.6557617188 13.7675628662
3.7917799950 21.5638332367 -10.4457311630 25.3497200012 0.0000000000 0.0000000000 13.9437055588 30.6557617188 13.7697534561
3.7995564938 21.7536563873 -10.4001493454 25.3235950470 0.0000000000 0.0000000000 13.9437055588 30.6557617188 13.7719583511
3.8075613976 21.9451274872 -10.4199304581 25.2508850098 0.0000000000 0.0000000000 13.9437055588 30.6557617188 13.7742271423
3.8156087399 22.1383972168 -10.3643074036 25.2273521423 0.0000000000 0.0000000000 13.9437055588 30.6557617188 13.7765102386
3.8240683079 22.3330154419 -10.3894796371 25.1480522156 0.0000000000 0.0000000000 13.9437055588 30.6557617188 13.7789087296
3.8326103687 22.5293083191 -10.3652238846 25.1260890961 0.0000000000 0.0000000000 13.9437055588 30.6557617188 13.7813310623
3.8412973881 22.7269592285 -10.3599252701 25.0547504425 0.0000000000 0.0000000000 13.9437055588 30.6557617188 13.7837944031
3.8502271175 22.9260044098 -10.3339395523 25.0259170532 0.0000000000 0.0000000000 13.9437055588 30.6557617188 13.7863273621
3.8592832088 23.1264743805 -10.3577222824 24.9718723297 0.0000000000 0.0000000000 13.9437055588 30.6557617188 13.7888946533
3.8683989048 23.3283596039 -10.3108139038 24.9453792572 0.0000000000 0.0000000000 13.9437055588 30.6557617188 13.7914810181
3.8780150414 23.5313091278 -10.3422918320 24.8702278137 0.0000000000 0.0000000000 13.9437055588 30.6557617188 13.7942066193
3.8874337673 23.7355842590 -10.2974853516 24.8536300659 0.0000000000 0.0000000000 13.9437055588 30.6557617188 13.7968778610
3.8973484039 23.9410037994 -10.3159685135 24.7772712708 0.0000000000 0.0000000000 13.9437055588 30.6557617188 13.7996892929
3.9075608253 24.1474666595 -10.3094882965 24.7339649200 0.0000000000 0.0000000000 13.9437055588 30.6557617188 13.8025836945
3.9177627563 24.3552398682 -10.2943925858 24.6995067596 0.0000000000 0.0000000000 13.9437055588 30.6557617188 13.8054780960
3.9282798767 24.5638732910 -10.2861185074 24.6471557617 0.0000000000 0.0000000000 13.9437055588 30.6557617188 13.8084583282
3.9390463829 24.7737045288 -10.2877988815 24.6047077179 0.0000000000 0.0000000000 13.9437055588 30.6557617188 13.8115129471
3.9500122070 24.9843730927 -10.2934036255 24.5451984406 0.0000000000 0.0000000000 13.9437055588 30.6557617188 13.8146219254
3.9610738754 25.1960239410 -10.2572708130 24.5107917786 0.0000000000 0.0000000000 13.9437055588 30.6557617188 13.8177585602
3.9725818634 25.4086513519 -10.2739629745 24.4496078491 0.0000000000 0.0000000000 13.9437055588 30.6557617188 13.8210220337
3.9839849472 25.6221599579 -10.2529706955 24.4202423096 0.0000000000 0.0000000000 13.9437055588 30.6557617188 13.8242559433
3.9957332611 25.8362846375 -10.2394762039 24.3718547821 0.0000000000 0.0000000000 13.9437055588 30.6557617188 13.8275861740
4.0078139305 26.0513935089 -10.2560405731 24.3224678040 0.0000000000 0.0000000000 13.9437055588 30.6557617188 13.8310136795
4.0198206902 26.2669315338 -10.2269611359 24.2959175110 0.0000000000 0.0000000000 13.9437055588 30.6557617188 13.8344163895
4.0322914124 26.4830417633 -10.2665767670 24.2381973267 0.0000000000 0.0000000000 13.9437055588 30.6557617188 13.8379516602
4.0450749397 26.7000236511 -10.2439813614 24.2018623352 0.0000000000 0.0000000000 13.9437055588 30.6557617188 13.8415775299
4.0578050613 26.9175930023 -10.2455749512 24.1635742188 0.0000000000 0.0000000000 13.9437055588 30.6557617188 13.8451871872
4.0853223801 27.1003074646 -10.5731735229 22.6735553741 0.0000000000 0.0000000000 13.9437055588 30.6557617188 13.8529911041
4.1124324799 27.2849674225 -10.3799152374 22.6565666199 0.0000000000 0.0000000000 13.9437055588 30.6557617188 13.8606777191
4.1400961876 27.4708518982 -10.4569520950 22.5847206116 0.0000000000 0.0000000000 13.9437055588 30.6557617188 13.8685226440
4.1673817635 27.6583061218 -10.3305330276 22.5887737274 0.0000000000 0.0000000000 13.9437055588 30.6557617188 13.8762578964
4.1955785751 27.8470096588 -10.4477825165 22.4917545319 0.0000000000 0.0000000000 13.9437055588 30.6557617188 13.8842554092
4.2230534554 28.0373744965 -10.3004798889 22.5067615509 0.0000000000 0.0000000000 13.9437055588 30.6557617188 13.8920450211
4.2511548996 28.2287101746 -10.3734827042 22.4242305756 0.0000000000 0.0000000000 13.9437055588 30.6557617188 13.9000139236
4.2789025307 28.4214954376 -10.2606678009 22.4264335632 0.0000000000 0.0000000000 13.9437055588 30.6557617188 13.9078807831
4.3070387840 28.6153182983 -10.3125038147 22.3534717560 0.0000000000 0.0000000000 13.9437055588 30.6557617188 13.9158601761
4.3349552155 28.8100128174 -10.2135848999 22.3457317352 0.0000000000 0.0000000000 13.9437055588 30.6557617188 13.9237775803
4.3634433746 29.0059375763 -10.2979202271 22.2765388489 0.0000000000 0.0000000000 13.9437055588 30.6557617188 13.9318542480
4.3914008141 29.2028083801 -10.1663150787 22.2788562775 0.0000000000 0.0000000000 13.9437055588 30.6557617188 13.9397830963
4.4198164940 29.4005241394 -10.2406969070 22.2177658081 0.0000000000 0.0000000000 13.9437055588 30.6557617188 13.9478406906
4.4480729103 29.5991134644 -10.1429586411 22.2073135376 0.0000000000 0.0000000000 13.9437055588 30.6557617188 13.9558515549
4.4766054153 29.7986087799 -10.2063083649 22.1547565460 0.0000000000 0.0000000000 13.9437055588 30.6557617188 13.9639434814
4.5048227310 29.9987373352 -10.1073188782 22.1480312347 0.0000000000 0.0000000000 13.9437055588 30.6557617188 13.9719438553
4.5337028503 30.1996879578 -10.1735439301 22.0861396790 0.0000000000 0.0000000000 13.9437055588 30.6557617188 13.9801330566
4.5623016357 30.4013023376 -10.1014413834 22.0716094971 0.0000000000 0.0000000000 13.9437055588 30.6557617188 13.9882421494
4.5909824371 30.6036453247 -10.1045446396 22.0279636383 0.0000000000 0.0000000000 13.9437055588 30.6557617188 13.9963760376
4.6198139191 30.8064918518 -10.0680274963 22.0138187408 0.0000000000 0.0000000000 13.9437055588 30.6557617188 14.0045518875
4.6488838196 31.0095748901 -10.1172342300 21.9769229889 0.0000000000 0.0000000000 13.9437055588 30.6557617188 14.0127935410
4.6777701378 31.2133483887 -10.0474500656 21.9562721252 0.0000000000 0.0000000000 13.9437055588 30.6557617188 14.0209856033
4.7072896957 31.4176902771 -10.1078386307 21.9080944061 0.0000000000 0.0000000000 13.9437055588 30.6557617188 14.0293550491
4.7363934517 31.6225032806 -10.0388851166 21.8826179504 0.0000000000 0.0000000000 13.9437055588 30.6557617188 14.0376081467
4.7658624649 31.8277988434 -10.0632057190 21.8407173157 0.0000000000 0.0000000000 13.9437055588 30.6557617188 14.0459651947
4.7950663567 32.0335731506 -10.0104379654 21.8289699554 0.0000000000 0.0000000000 13.9437055588 30.6557617188 14.0542449951
4.8246259689 32.2393760681 -10.0252542496 21.7848167419 0.0000000000 0.0000000000 13.9437055588 30.6557617188 14.0626277924
4.8537678719 32.4457092285 -9.9909963608 21.8186569214 0.0000000000 0.0000000000 13.9437055588 30.6557617188 14.0708904266
4.8835940361 32.6520614624 -10.0313997269 21.7416744232 0.0000000000 0.0000000000 13.9437055588 30.6557617188 14.0793485641
4.9127879143 32.8589286804 -9.9613084793 21.7373371124 0.0000000000 0.0000000000 13.9437055588 30.6557617188 14.0876274109
4.9425845146 33.0656700134 -10.0096797943 21.6972618103 0.0000000000 0.0000000000 13.9437055588 30.6557617188 14.0960760117
4.9719228745 33.2732391357 -9.9393863678 21.6737480164 0.0000000000 0.0000000000 13.9437055588 30.6557617188 14.1043939590
5.0020155907 33.4804344177 -9.9975728989 21.6080799103 0.0000000000 0.0000000000 13.9437055588 30.6557617188 14.1129274368
5.0315780640 33.6881332397 -9.9315853119 21.6313304901 0.0000000000 0.0000000000 13.9437055588 30.6557617188 14.1213111877
5.0618863106 33.8955688477 -9.9787130356 21.5699501038 0.0000000000 0.0000000000 13.9437055588 30.6557617188 14.1299047470
5.0915403366 34.1033020020 -9.9186534882 21.5687351227 0.0000000000 0.0000000000 13.9437055588 30.6557617188 14.1383132935
5.1219058037 34.3106689453 -9.9598646164 21.5483455658 0.0000000000 0.0000000000 13.9437055588 30.6557617188 14.1469230652
5.1518397331 34.5187187195 -9.9235630035 21.5397415161 0.0000000000 0.0000000000 13.9437055588 30.6557617188 14.1554126740
5.1822686195 34.7263488770 -9.9534502029 21.4635944366 0.0000000000 0.0000000000 13.9437055588 30.6557617188 14.1640415192
5.2123432159 34.9344978333 -9.9256982803 21.5050601959 0.0000000000 0.0000000000 13.9437055588 30.6557617188 14.1725683212
5.2428236008 35.1423072815 -9.9183998108 21.4228649139 0.0000000000 0.0000000000 13.9437055588 30.6557617188 14.1812124252
5.2728104591 35.3503417969 -9.9109096527 21.4378757477 0.0000000000 0.0000000000 13.9437055588 30.6557617188 14.1897153854
5.3035473824 35.5581092834 -9.9321117401 21.4003334045 0.0000000000 0.0000000000 13.9437055588 30.6557617188 14.1984300613
5.3336911201 35.7663917542 -9.9099264145 21.3866596222 0.0000000000 0.0000000000 13.9437055588 30.6557617188 14.2069768906
5.3639855385 35.9741287231 -9.8762359619 21.3269996643 0.0000000000 0.0000000000 13.9437055588 30.6557617188 14.2155685425
5.3941102028 36.1823387146 -9.8850288391 21.3514595032 0.0000000000 0.0000000000 13.9437055588 30.6557617188 14.2241115570
5.4245424271 36.3902854919 -9.8875999451 21.3057823181 0.0000000000 0.0000000000 13.9437055588 30.6557617188 14.2327384949
5.4544644356 36.5983200073 -9.8622550964 21.2998809814 0.0000000000 0.0000000000 13.9437055588 30.6557617188 14.2412242889
5.4848189354 36.8059654236 -9.8395252228 21.2501010895 0.0000000000 0.0000000000 13.9437055588 30.6557617188 14.2498321533
5.5151014328 37.0138816833 -9.8876743317 21.2955245972 0.0000000000 0.0000000000 13.9437055588 30.6557617188 14.2584190369
5.5302619934 37.1242752075 -7.8082151413 19.4008712769 0.0000000000 0.0000000000 13.9437055588 30.6557617188 14.2627172470
5.5452966690 37.2378005981 -7.2518301010 19.0236644745 0.0000000000 0.0000000000 13.9437055588 30.6557617188 14.2669801712
5.5613627434 37.3537788391 -7.3938426971 18.8951549530 0.0000000000 0.0000000000 13.9437055588 30.6557617188 14.2715368271
5.5768990517 37.4716644287 -7.2702236176 18.9497127533 0.0000000000 0.0000000000 13.9437055588 30.6557617188 14.2759428024
5.5934820175 37.5917358398 -7.3541874886 18.8349399567 0.0000000000 0.0000000000 13.9437055588 30.6557617188 14.2806444168
5.6096534729 37.7135353088 -7.2487235069 18.8583679199 0.0000000000 0.0000000000 13.9437055588 30.6557617188 14.2852287292
5.6268439293 37.8376121521 -7.3437652588 18.7556400299 0.0000000000 0.0000000000 13.9437055588 30.6557617188 14.2901029587
5.6437435150 37.9631996155 -7.2527379990 18.8152542114 0.0000000000 0.0000000000 13.9437055588 30.6557617188 14.2948970795
5.6613488197 38.0909194946 -7.3378157616 18.7008419037 0.0000000000 0.0000000000 13.9437055588 30.6557617188 14.2998886108
5.6784739494 38.2202606201 -7.2174649239 18.7341976166 0.0000000000 0.0000000000 13.9437055588 30.6557617188 14.3047456741
5.6969356537 38.3516082764 -7.3619651794 18.6502876282 0.0000000000 0.0000000000 13.9437055588 30.6557617188 14.3099794388
5.7143702507 38.4843177795 -7.2076482773 18.6760501862 0.0000000000 0.0000000000 13.9437055588 30.6557617188 14.3149232864
5.7328920364 38.6187133789 -7.3223528862 18.5731906891 0.0000000000 0.0000000000 13.9437055588 30.6557617188 14.3201751709
5.7511334419 38.7546081543 -7.2382926941 18.6466064453 0.0000000000 0.0000000000 13.9437055588 30.6557617188 14.3253469467
5.7698984146 38.8919639587 -7.2811055183 18.5146541595 0.0000000000 0.0000000000 13.9437055588 30.6557617188 14.3306703568
5.7883467674 39.0304603577 -7.2284455299 18.5810489655 0.0000000000 0.0000000000 13.9437055588 30.6557617188 14.3358993530
5.8079075813 39.1705894470 -7.3154478073 18.4945983887 0.0000000000 0.0000000000 13.9437055588 30.6557617188 14.3414478302
5.8264155388 39.3114814758 -7.1863751411 18.5267353058 0.0000000000 0.0000000000 13.9437055588 30.6557617188 14.3466949463
5.8461790085 39.4542465210 -7.2940950394 18.3963279724 0.0000000000 0.0000000000 13.9437055588 30.6557617188 14.3522987366
5.8655166626 39.5975456238 -7.2158946991 18.4840354919 0.0000000000 0.0000000000 13.9437055588 30.6557617188 14.3577833176
5.8850874901 39.7422294617 -7.2178373337 18.3612022400 0.0000000000 0.0000000000 13.9437055588 30.6557617188 14.3633317947
5.9045419693 39.8875656128 -7.1643323898 18.3988952637 0.0000000000 0.0000000000 13.9437055588 30.6557617188 14.3688478470
5.9249849319 40.0344581604 -7.2493548393 18.3232955933 0.0000000000 0.0000000000 13.9437055588 30.6557617188 14.3746442795
5.9446020126 40.1811447144 -7.1400995255 18.3560085297 0.0000000000 0.0000000000 13.9437055588 30.6557617188 14.3802089691
5.9650306702 40.3296546936 -7.2150573730 18.2527790070 0.0000000000 0.0000000000 13.9437055588 30.6557617188 14.3859996796
5.9855518341 40.4777450562 -7.1382942200 18.3000354767 0.0000000000 0.0000000000 13.9437055588 30.6557617188 14.3918180466
6.0061917305 40.6281433105 -7.1802687645 18.1950092316 0.0000000000 0.0000000000 13.9437055588 30.6557617188 14.3976726532
6.0267629623 40.7766761780 -7.0821113586 18.2300968170 0.0000000000 0.0000000000 13.9437055588 30.6557617188 14.4035062790
6.0479583740 40.9285964966 -7.1510539055 18.1775836945 0.0000000000 0.0000000000 13.9437055588 30.6557617188 14.4095153809
6.0681281090 41.0785751343 -6.9981274605 18.1738052368 0.0000000000 0.0000000000 13.9437055588 30.6557617188 14.4152355194
6.0896878242 41.2318344116 -7.1267395020 18.0743808746 0.0000000000 0.0000000000 13.9437055588 30.6557617188 14.4213504791
6.1106076241 41.3833656311 -7.0506882668 18.1218509674 0.0000000000 0.0000000000 13.9437055588 30.6557617188 14.4272804260
6.1316761971 41.5379066467 -7.0452027321 18.0125770569 0.0000000000 0.0000000000 13.9437055588 30.6557617188 14.4332523346
6.1531162262 41.6901817322 -7.0765404701 18.0677318573 0.0000000000 0.0000000000 13.9437055588 30.6557617188 14.4393348694
6.1752614975 41.8460426331 -7.0867624283 17.9806270599 0.0000000000 0.0000000000 13.9437055588 30.6557617188 14.4456119537
6.1956667900 41.9986228943 -6.8615698814 18.0118751526 0.0000000000 0.0000000000 13.9437055588 30.6557617188 14.4513998032
6.2180042267 42.1550445557 -7.0894827843 17.9251518250 0.0000000000 0.0000000000 13.9437055588 30.6557617188 14.4577322006
6.2394132614 42.3085212708 -6.9176387787 17.9829998016 0.0000000000 0.0000000000 13.9437055588 30.6557617188 14.4638032913
6.2612757683 42.4658355713 -7.0133132935 17.8755035400 0.0000000000 0.0000000000 13.9437055588 30.6557617188 14.4700040817
6.2827796936 42.6196670532 -6.9169158936 17.9555015564 0.0000000000 0.0000000000 13.9437055588 30.6557617188 14.4761028290
6.3058233261 42.7776489258 -7.0350742340 17.8042354584 0.0000000000 0.0000000000 13.9437055588 30.6557617188 14.4826354980
6.3265848160 42.9321212769 -6.8268542290 17.9022541046 0.0000000000 0.0000000000 13.9437055588 30.6557617188 14.4885225296
6.3496007919 43.0902519226 -7.0621061325 17.7501697540 0.0000000000 0.0000000000 13.9437055588 30.6557617188 14.4950494766
6.3711500168 43.2456779480 -6.8634796143 17.8372344971 0.0000000000 0.0000000000 13.9437055588 30.6557617188 14.5011596680
6.3938889503 43.4040870667 -7.0167641640 17.6959304810 0.0000000000 0.0000000000 13.9437055588 30.6557617188 14.5076074600
6.4156813622 43.5591278076 -6.8777899742 17.8209285736 0.0000000000 0.0000000000 13.9437055588 30.6557617188 14.5137863159
6.4392557144 43.7181854248 -7.0146679878 17.6005268097 0.0000000000 0.0000000000 13.9437055588 30.6557617188 14.5204725266
6.4600191116 43.8732528687 -6.7629046440 17.7968349457 0.0000000000 0.0000000000 13.9437055588 30.6557617188 14.5263586044
6.4837985039 44.0319671631 -7.0157580376 17.5668468475 0.0000000000 0.0000000000 13.9437055588 30.6557617188 14.5331029892
6.5048699379 44.1871223450 -6.7626619339 17.7307014465 0.0000000000 0.0000000000 13.9437055588 30.6557617188 14.5390777588
6.4617633820 44.1601829529 -3.0040619373 16.7606678009 0.0000000000 0.0000000000 13.9437055588 30.6557617188 14.5268554688
6.4198284149 44.1328506470 -2.6849174500 16.4504470825 0.0000000000 0.0000000000 13.9437055588 30.6557617188 14.5149631500
6.3785161972 44.1099319458 -2.5992057323 16.5192203522 0.0000000000 0.0000000000 13.9437055588 30.6557617188 14.5032501221
6.3380131721 44.0864372253 -2.6202294827 16.3684730530 0.0000000000 0.0000000000 13.9437055588 30.6557617188 14.4917631149
6.2985253334 44.0688400269 -2.6654229164 16.4719200134 0.0000000000 0.0000000000 13.9437055588 30.6557617188 14.4805660248
6.2590703964 44.0501174927 -2.7229137421 16.3585243225 0.0000000000 0.0000000000 13.9437055588 30.6557617188 14.4693794250
6.2219347954 44.0377655029 -2.7815332413 16.3851146698 0.0000000000 0.0000000000 13.9437055588 30.6557617188 14.4588470459
6.1838951111 44.0234718323 -2.7686357498 16.3147087097 0.0000000000 0.0000000000 13.9437055588 30.6557617188 14.4480628967
6.1476206779 44.0167121887 -2.8605272770 16.2878589630 0.0000000000 0.0000000000 13.9437055588 30.6557617188 14.4377756119
6.1110372543 44.0071792603 -2.8386545181 16.2518291473 0.0000000000 0.0000000000 13.9437055588 30.6557617188 14.4274024963
6.0765547752 44.0052604675 -2.9671463966 16.2544975281 0.0000000000 0.0000000000 13.9437055588 30.6557617188 14.4176244736
6.0413365364 44.0000190735 -2.9134452343 16.2250576019 0.0000000000 0.0000000000 13.9437055588 30.6557617188 14.4076395035
6.0090508461 44.0030326843 -3.1113250256 16.2222309113 0.0000000000 0.0000000000 13.9437055588 30.6557617188 14.3984823227
5.9744882584 44.0008049011 -2.8904299736 16.2545280457 0.0000000000 0.0000000000 13.9437055588 30.6557617188 14.3886823654
5.9436101913 44.0084686279 -3.1404113770 16.1112213135 0.0000000000 0.0000000000 13.9437055588 30.6557617188 14.3799266815
5.9103655815 44.0094413757 -2.9138138294 16.2726745605 0.0000000000 0.0000000000 13.9437055588 30.6557617188 14.3704986572
5.8818321228 44.0214767456 -3.2233052254 16.1061553955 0.0000000000 0.0000000000 13.9437055588 30.6557617188 14.3624086380
5.8494906425 44.0261306763 -2.9226751328 16.2088909149 0.0000000000 0.0000000000 13.9437055588 30.6557617188 14.3532371521
5.8227581978 44.0426902771 -3.3205783367 16.0359497070 0.0000000000 0.0000000000 13.9437055588 30.6557617188 14.3456573486
5.7916960716 44.0518722534 -3.0041260719 16.1417026520 0.0000000000 0.0000000000 13.9437055588 30.6557617188 14.3368501663
5.7666287422 44.0726890564 -3.3872447014 15.9815397263 0.0000000000 0.0000000000 13.9437055588 30.6557617188 14.3297414780
5.7370100021 44.0859336853 -3.0868113041 16.1040725708 0.0000000000 0.0000000000 13.9437055588 30.6557617188 14.3213434219
5.7136206627 44.1108360291 -3.4558217525 15.9433631897 0.0000000000 0.0000000000 13.9437055588 30.6557617188 14.3147106171
5.6852641106 44.1278114319 -3.1597111225 16.0723991394 0.0000000000 0.0000000000 13.9437055588 30.6557617188 14.3066682816
5.6640863419 44.1569824219 -3.5771965981 15.9042205811 0.0000000000 0.0000000000 13.9437055588 30.6557617188 14.3006649017
5.6368508339 44.1780967712 -3.2148904800 15.9899272919 0.0000000000 0.0000000000 13.9437055588 30.6557617188 14.2929430008
5.6170778275 44.2104415894 -3.6087195873 15.8802223206 0.0000000000 0.0000000000 13.9437055588 30.6557617188 14.2873363495
5.5916600227 44.2351455688 -3.3431324959 15.9803857803 0.0000000000 0.0000000000 13.9437055588 30.6557617188 14.2801275253
5.5738325119 44.2708549500 -3.6935710907 15.8566856384 0.0000000000 0.0000000000 13.9437055588 30.6557617188 14.2750711441
5.5491013527 44.2987594604 -3.3558540344 15.9056425095 0.0000000000 0.0000000000 13.9437055588 30.6557617188 14.2680597305
5.5329971313 44.3377075195 -3.7669563293 15.8413858414 0.0000000000 0.0000000000 13.9437055588 30.6557617188 14.2634925842
5.5098919868 44.3688430786 -3.4550411701 15.8671388626 0.0000000000 0.0000000000 13.9437055588 30.6557617188 14.2569417953
5.4956035614 44.4107856750 -3.8236579895 15.8133535385 0.0000000000 0.0000000000 13.9437055588 30.6557617188 14.2528915405
5.4736733437 44.4446830750 -3.5177943707 15.8297319412 0.0000000000 0.0000000000 13.9437055588 30.6557617188 14.2466716766
5.4607181549 44.4892768860 -3.8502943516 15.7568540573 0.0000000000 0.0000000000 13.9437055588 30.6557617188 14.2429971695
5.4399871826 44.5253829956 -3.5861940384 15.8553276062 0.0000000000 0.0000000000 13.9437055588 30.6557617188 14.2371187210
5.4290490150 44.5729713440 -3.9451315403 15.7724256516 0.0000000000 0.0000000000 13.9437055588 30.6557617188 14.2340173721
5.4093451500 44.6119346619 -3.6338279247 15.7528562546 0.0000000000 0.0000000000 13.9437055588 30.6557617188 14.2284307480
5.3994817734 44.6614112854 -3.9549994469 15.7750177383 0.0000000000 0.0000000000 13.9437055588 30.6557617188 14.2256355286
5.3811583519 44.7026634216 -3.7252740860 15.7792835236 0.0000000000 0.0000000000 13.9437055588 30.6557617188 14.2204370499
5.3733639717 44.7545318604 -4.0732746124 15.7616405487 0.0000000000 0.0000000000 13.9437055588 30.6557617188 14.2182273865
5.3554701805 44.7978897095 -3.7173001766 15.7150659561 0.0000000000 0.0000000000 13.9437055588 30.6557617188 14.2131538391
5.3491573334 44.8519973755 -4.1125020981 15.7491655350 0.0000000000 0.0000000000 13.9437055588 30.6557617188 14.2113637924
5.3324923515 44.8971290588 -3.7818019390 15.6747426987 0.0000000000 0.0000000000 13.9437055588 30.6557617188 14.2066373825
5.3270316124 44.9529724121 -4.1224341393 15.7444553375 0.0000000000 0.0000000000 13.9437055588 30.6557617188 14.2050895691
5.3115344048 45.0005149841 -3.8523399830 15.6559028625 0.0000000000 0.0000000000 13.9437055588 30.6557617188 14.2006950378
5.3076248169 45.0580329895 -4.1789460182 15.6746425629 0.0000000000 0.0000000000 13.9437055588 30.6557617188 14.1995878220
5.2925677299 45.1066665649 -3.8699219227 15.6923046112 0.0000000000 0.0000000000 13.9437055588 30.6557617188 14.1953182220
5.2907290459 45.1660423279 -4.2773308754 15.6797447205 0.0000000000 0.0000000000 13.9437055588 30.6557617188 14.1947965622
5.2761421204 45.2164802551 -3.8687899113 15.5731439590 0.0000000000 0.0000000000 13.9437055588 30.6557617188 14.1906585693
5.2184805870 45.0897254944 -1.0955541134 15.7293424606 0.0000000000 0.0000000000 13.9437055588 30.6557617188 14.1743106842
5.1584062576 44.9636383057 -1.0406967402 15.6089630127 0.0000000000 0.0000000000 13.9437055588 30.6557617188 14.1572742462
5.1020331383 44.8423767090 -1.2589360476 15.6848039627 0.0000000000 0.0000000000 13.9437055588 30.6557617188 14.1412887573
5.0429444313 44.7216644287 -1.1255205870 15.5355587006 0.0000000000 0.0000000000 13.9437055588 30.6557617188 14.1245336533
4.9886236191 44.6055717468 -1.4375725985 15.6415615082 0.0000000000 0.0000000000 13.9437055588 30.6557617188 14.1091299057
4.9305443764 44.4904136658 -1.2222294807 15.4550828934 0.0000000000 0.0000000000 13.9437055588 30.6557617188 14.0926628113
4.8781261444 44.3796386719 -1.5644760132 15.5855207443 0.0000000000 0.0000000000 13.9437055588 30.6557617188 14.0777969360
4.8213000298 44.2695999146 -1.3003338575 15.4650039673 0.0000000000 0.0000000000 13.9437055588 30.6557617188 14.0616836548
4.7710986137 44.1634864807 -1.7130227089 15.5412445068 0.0000000000 0.0000000000 13.9437055588 30.6557617188 14.0474500656
4.7151794434 44.0589752197 -1.3138749599 15.4572391510 0.0000000000 0.0000000000 13.9437055588 30.6557617188 14.0315923691
4.6680221558 43.9576721191 -1.9087344408 15.5767574310 0.0000000000 0.0000000000 13.9437055588 30.6557617188 14.0182209015
4.6130342484 43.8580894470 -1.3972407579 15.3700103760 0.0000000000 0.0000000000 13.9437055588 30.6557617188 14.0026273727
4.5682806969 43.7623939514 -2.0443956852 15.4747772217 0.0000000000 0.0000000000 13.9437055588 30.6557617188 13.9899387360
4.5144863129 43.6691513062 -1.5052608252 15.3202886581 0.0000000000 0.0000000000 13.9437055588 30.6557617188 13.9746847153
4.4715819359 43.5776863098 -2.1637206078 15.4728813171 0.0000000000 0.0000000000 13.9437055588 30.6557617188 13.9625186920
4.4197373390 43.4901123047 -1.6697189808 15.2903423309 0.0000000000 0.0000000000 13.9437055588 30.6557617188 13.9478158951
4.3789052963 43.4045410156 -2.2665779591 15.3977861404 0.0000000000 0.0000000000 13.9437055588 30.6557617188 13.9362382889
4.3282127380 43.3218154907 -1.7648441792 15.2521791458 0.0000000000 0.0000000000 13.9437055588 30.6557617188 13.9218635559
4.2904124260 43.2412986755 -2.4239578247 15.4017591476 0.0000000000 0.0000000000 13.9437055588 30.6557617188 13.9111461639
4.2408928871 43.1649742126 -1.8500497341 15.1807937622 0.0000000000 0.0000000000 13.9437055588 30.6557617188 13.8971052170
4.2044453621 43.0891265869 -2.4979333878 15.2746019363 0.0000000000 0.0000000000 13.9437055588 30.6557617188 13.8867702484
4.1569900513 43.0179939270 -2.0245375633 15.1823177338 0.0000000000 0.0000000000 13.9437055588 30.6557617188 13.8733129501
4.1226949692 42.9481544495 -2.5819654465 15.2965412140 0.0000000000 0.0000000000 13.9437055588 30.6557617188 13.8635873795
4.0764222145 42.8818702698 -2.0896985531 15.0993137360 0.0000000000 0.0000000000 13.9437055588 30.6557617188 13.8504667282
4.0445928574 42.8169708252 -2.7190022469 15.2204294205 0.0000000000 0.0000000000 13.9437055588 30.6557617188 13.8414430618
3.9993431568 42.7559204102 -2.1793372631 15.0603246689 0.0000000000 0.0000000000 13.9437055588 30.6557617188 13.8286113739
3.9690921307 42.6960868835 -2.7869243622 15.2172956467 0.0000000000 0.0000000000 13.9437055588 30.6557617188 13.8200321198
3.9260747433 42.6403274536 -2.3386054039 15.0437288284 0.0000000000 0.0000000000 13.9437055588 30.6557617188 13.8078355789
3.8974587917 42.5860099792 -2.8408458233 15.0879449844 0.0000000000 0.0000000000 13.9437055588 30.6557617188 13.7997198105
3.8556723595 42.5342941284 -2.4198241234 15.0233249664 0.0000000000 0.0000000000 13.9437055588 30.6557617188 13.7878704071
3.8295838833 42.4849929810 -3.0141482353 15.1838798523 0.0000000000 0.0000000000 13.9437055588 30.6557617188 13.7804727554
3.7888805866 42.4392585754 -2.4713430405 14.9297637939 0.0000000000 0.0000000000 13.9437055588 30.6557617188 13.7689313889
3.7644026279 42.3946533203 -3.0354454517 15.0356416702 0.0000000000 0.0000000000 13.9437055588 30.6557617188 13.7619895935
3.7255477905 42.3528594971 -2.6203017235 14.9765462875 0.0000000000 0.0000000000 13.9437055588 30.6557617188 13.7509727478
3.7027931213 42.3132171631 -3.1391203403 15.0549440384 0.0000000000 0.0000000000 13.9437055588 30.6557617188 13.7445201874
3.6652042866 42.2763404846 -2.6594407558 14.8751153946 0.0000000000 0.0000000000 13.9437055588 30.6557617188 13.7338609695
3.6445300579 42.2414779663 -3.2318370342 15.0207576752 0.0000000000 0.0000000000 13.9437055588 30.6557617188 13.7279996872
3.6080822945 42.2088470459 -2.7474286556 14.8610048294 0.0000000000 0.0000000000 13.9437055588 30.6557617188 13.7176647186
3.5892038345 42.1787567139 -3.2943294048 15.0127401352 0.0000000000 0.0000000000 13.9437055588 30.6557617188 13.7123117447
3.5544576645 42.1503448486 -2.8362143040 14.8408393860 0.0000000000 0.0000000000 13.9437055588 30.6557617188 13.7024583817
3.5366687775 42.1254158020 -3.3276450634 14.9081897736 0.0000000000 0.0000000000 13.9437055588 30.6557617188 13.6974153519
3.5033795834 42.1007766724 -2.9205429554 14.8081426620 0.0000000000 0.0000000000 13.9437055588 30.6557617188 13.6879749298
3.4878120422 42.0800018311 -3.4411840439 14.9697685242 0.0000000000 0.0000000000 13.9437055588 30.6557617188 13.6835603714
3.4556517601 42.0598793030 -2.9441933632 14.7166891098 0.0000000000 0.0000000000 13.9437055588 30.6557617188 13.6744413376
3.4415004253 42.0431404114 -3.4612271786 14.8657197952 0.0000000000 0.0000000000 13.9437055588 30.6557617188 13.6704282761
3.4108765125 42.0267944336 -3.0611028671 14.7663774490 0.0000000000 0.0000000000 13.9437055588 30.6557617188 13.6617450714
3.3982868195 42.0135955811 -3.5529932976 14.9117822647 0.0000000000 0.0000000000 13.9437055588 30.6557617188 13.6581754684
3.3686311245 42.0011520386 -3.0744566917 14.6850585938 0.0000000000 0.0000000000 13.9437055588 30.6557617188 13.6497631073
3.3576064110 41.9925498962 -3.5791487694 14.8095273972 0.0000000000 0.0000000000 13.9437055588 30.6557617188 13.6466398239
3.3293385506 41.9831695557 -3.1455631256 14.6669368744 0.0000000000 0.0000000000 13.9437055588 30.6557617188 13.6386251450
3.2749249935 41.8689002991 -1.3220008612 15.0449781418 0.0000000000 0.0000000000 13.9437055588 30.6557617188 13.6231946945
3.2145798206 41.7677574158 -0.9793380499 15.0046482086 0.0000000000 0.0000000000 13.9437055588 30.6557617188 13.6060829163
3.1631805897 41.6584472656 -1.5820392370 15.1320495605 0.0000000000 0.0000000000 13.9437055588 30.6557617188 13.5915088654
3.1040599346 41.5637397766 -1.0713266134 15.0138254166 0.0000000000 0.0000000000 13.9437055588 30.6557617188 13.5747451782
3.0555298328 41.4604759216 -1.7238121033 15.0735330582 0.0000000000 0.0000000000 13.9437055588 30.6557617188 13.5609817505
2.9982392788 41.3717956543 -1.2199170589 14.9186019897 0.0000000000 0.0000000000 13.9437055588 30.6557617188 13.5447378159
2.9521825314 41.2740478516 -1.8774844408 15.0832920074 0.0000000000 0.0000000000 13.9437055588 30.6557617188 13.5316772461
2.8970251083 41.1912803650 -1.3485072851 14.8708286285 0.0000000000 0.0000000000 13.9437055588 30.6557617188 13.5160360336
2.8535494804 41.0995864868 -1.9998064041 14.9968681335 0.0000000000 0.0000000000 13.9437055588 30.6557617188 13.5037088394
2.8001427650 41.0230331421 -1.4721782207 14.8320474625 0.0000000000 0.0000000000 13.9437055588 30.6557617188 13.4885654449
2.7596664429 40.9369735718 -2.1253530979 14.9196462631 0.0000000000 0.0000000000 13.9437055588 30.6557617188 13.4770870209
2.7081437111 40.8664970398 -1.5719385147 14.7381439209 0.0000000000 0.0000000000 13.9437055588 30.6557617188 13.4624776840
2.6700298786 40.7859191895 -2.2592439651 14.9365377426 0.0000000000 0.0000000000 13.9437055588 30.6557617188 13.4516696930
2.6205480099 40.7218017578 -1.7073853016 14.7056951523 0.0000000000 0.0000000000 13.9437055588 30.6557617188 13.4376382828
2.5848939419 40.6463050842 -2.3489236832 14.7965688705 0.0000000000 0.0000000000 13.9437055588 30.6557617188 13.4275293350
2.5371994972 40.5875816345 -1.8163063526 14.6790666580 0.0000000000 0.0000000000 13.9437055588 30.6557617188 13.4140033722
2.5038511753 40.5177459717 -2.4653849602 14.8048839569 0.0000000000 0.0000000000 13.9437055588 30.6557617188 13.4045486450
2.4580225945 40.4649314880 -1.9220312834 14.6282405853 0.0000000000 0.0000000000 13.9437055588 30.6557617188 13.3915538788
2.4269328117 40.3995361328 -2.5598502159 14.7171106339 0.0000000000 0.0000000000 13.9437055588 30.6557617188 13.3827381134
2.3829438686 40.3515968323 -2.0166392326 14.5582876205 0.0000000000 0.0000000000 13.9437055588 30.6557617188 13.3702650070
2.3541121483 40.2916793823 -2.6612293720 14.6947212219 0.0000000000 0.0000000000 13.9437055588 30.6557617188 13.3620901108
2.3111579418 40.2487487793 -2.0857541561 14.5406274796 0.0000000000 0.0000000000 13.9437055588 30.6557617188 13.3499078751
2.2845425606 40.1930084229 -2.7175717354 14.5306100845 0.0000000000 0.0000000000 13.9437055588 30.6557617188 13.3423614502
2.2441077232 40.1551666260 -2.2222058773 14.5143709183 0.0000000000 0.0000000000 13.9437055588 30.6557617188 13.3308954239
2.2188832760 40.1041564941 -2.8096442223 14.5973911285 0.0000000000 0.0000000000 13.9437055588 30.6557617188 13.3237419128
2.1792976856 40.0707855225 -2.2598023415 14.4246139526 0.0000000000 0.0000000000 13.9437055588 30.6557617188 13.3125190735
2.1566572189 40.0244178772 -2.8769910336 14.4329442978 0.0000000000 0.0000000000 13.9437055588 30.6557617188 13.3060979843
2.1187770367 39.9953613281 -2.3703470230 14.4637060165 0.0000000000 0.0000000000 13.9437055588 30.6557617188 13.2953557968
2.0975210667 39.9530296326 -2.9346809387 14.4116849899 0.0000000000 0.0000000000 13.9437055588 30.6557617188 13.2893295288
2.0612933636 39.9290695190 -2.4429244995 14.3703327179 0.0000000000 0.0000000000 13.9437055588 30.6557617188 13.2790555954
2.0418972969 39.8904228210 -3.0284779072 14.3993597031 0.0000000000 0.0000000000 13.9437055588 30.6557617188 13.2735557556
2.0069451332 39.8698730469 -2.5110383034 14.3538608551 0.0000000000 0.0000000000 13.9437055588 30.6557617188 13.2636442184
1.9893008471 39.8362731934 -3.0735063553 14.2854824066 0.0000000000 0.0000000000 13.9437055588 30.6557617188 13.2586431503
1.9556497335 39.8194351196 -2.5863826275 14.3574848175 0.0000000000 0.0000000000 13.9437055588 30.6557617188 13.2490997314
1.9399622679 39.7888221741 -3.1571052074 14.2651214600 0.0000000000 0.0000000000 13.9437055588 30.6557617188 13.2446527481
1.9081295729 39.7765846252 -2.6484837532 14.2799348831 0.0000000000 0.0000000000 13.9437055588 30.6557617188 13.2356252670
1.8937469721 39.7493629456 -3.2282660007 14.3249244690 0.0000000000 0.0000000000 13.9437055588 30.6557617188 13.2315473557
1.8629767895 39.7402267456 -2.7096598148 14.2595214844 0.0000000000 0.0000000000 13.9437055588 30.6557617188 13.2228231430
1.8506649733 39.7170829773 -3.2751245499 14.2095746994 0.0000000000 0.0000000000 13.9437055588 30.6557617188 13.2193298340
1.8211306334 39.7114715576 -2.7704508305 14.2783098221 0.0000000000 0.0000000000 13.9437055588 30.6557617188 13.2109556198
1.8099732399 39.6915473938 -3.3041567802 14.1367025375 0.0000000000 0.0000000000 13.9437055588 30.6557617188 13.2077922821
1.7823015451 39.6896018982 -2.8213140965 14.1841125488 0.0000000000 0.0000000000 13.9437055588 30.6557617188 13.1999444962
1.7725032568 39.6724243164 -3.3944747448 14.1859741211 0.0000000000 0.0000000000 13.9437055588 30.6557617188 13.1971673965
1.7458121777 39.6725997925 -2.8696668148 14.1806716919 0.0000000000 0.0000000000 13.9437055588 30.6557617188 13.1895999908
1.7381678820 39.6589508057 -3.4281761646 14.0929756165 0.0000000000 0.0000000000 13.9437055588 30.6557617188 13.1874313354
1.7123324871 39.6627769470 -2.9138083458 14.1948289871 0.0000000000 0.0000000000 13.9437055588 30.6557617188 13.1801071167
1.7058298588 39.6510543823 -3.4853997231 14.0991401672 0.0000000000 0.0000000000 13.9437055588 30.6557617188 13.1782627106
1.6818552017 39.6576919556 -2.9611749649 14.1210718155 0.0000000000 0.0000000000 13.9437055588 30.6557617188 13.1714639664
1.6763806343 39.6491661072 -3.5146179199 14.0737686157 0.0000000000 0.0000000000 13.9437055588 30.6557617188 13.1699094772
1.6532909870 39.6581878662 -3.0080425739 14.1118545532 0.0000000000 0.0000000000 13.9437055588 30.6557617188 13.1633634567
1.6072618961 39.6036682129 -2.0169897079 14.5016098022 0.0000000000 0.0000000000 13.9437055588 30.6557617188 13.1503124237
1.5587037802 39.5628242493 -1.8310709000 14.5952033997 0.0000000000 0.0000000000 13.9437055588 30.6557617188 13.1365423203
1.5154054165 39.5158348083 -2.2297813892 14.4794168472 0.0000000000 0.0000000000 13.9437055588 30.6557617188 13.1242637634
1.4717459679 39.4781646729 -2.2066946030 14.4841375351 0.0000000000 0.0000000000 13.9437055588 30.6557617188 13.1118850708
1.4313023090 39.4382019043 -2.4646422863 14.4972066879 0.0000000000 0.0000000000 13.9437055588 30.6557617188 13.1004161835
1.3914707899 39.4072723389 -2.3733909130 14.4435243607 0.0000000000 0.0000000000 13.9437055588 30.6557617188 13.0891227722
1.3543020487 39.3721351624 -2.5988740921 14.5165367126 0.0000000000 0.0000000000 13.9437055588 30.6557617188 13.0785837173
1.3175209761 39.3469696045 -2.4983434677 14.4790124893 0.0000000000 0.0000000000 13.9437055588 30.6557617188 13.0681524277
1.2838873863 39.3181877136 -2.6685044765 14.4243144989 0.0000000000 0.0000000000 13.9437055588 30.6557617188 13.0586156845
1.2495936155 39.2971229553 -2.5924570560 14.4731798172 0.0000000000 0.0000000000 13.9437055588 30.6557617188 13.0488910675
1.2185869217 39.2737655640 -2.7532782555 14.4349470139 0.0000000000 0.0000000000 13.9437055588 30.6557617188 13.0400972366
1.1871575117 39.2594871521 -2.6590647697 14.4004650116 0.0000000000 0.0000000000 13.9437055588 30.6557617188 13.0311870575
1.1595247984 39.2399711609 -2.8590795994 14.4471483231 0.0000000000 0.0000000000 13.9437055588 30.6557617188 13.0233507156
1.1294240952 39.2306823730 -2.6923403740 14.4190511703 0.0000000000 0.0000000000 13.9437055588 30.6557617188 13.0148143768
1.1040568352 39.2167778015 -2.8670847416 14.3463420868 0.0000000000 0.0000000000 13.9437055588 30.6557617188 13.0076217651
1.0775474310 39.2118721008 -2.8177092075 14.3649320602 0.0000000000 0.0000000000 13.9437055588 30.6557617188 13.0001058578
1.0551213026 39.2024536133 -2.9785659313 14.3861398697 0.0000000000 0.0000000000 13.9437055588 30.6557617188 12.9937477112
1.0295462608 39.2025070190 -2.7959904671 14.2573957443 0.0000000000 0.0000000000 13.9437055588 30.6557617188 12.9864950180
1.0090367794 39.1965904236 -3.0172846317 14.3480072021 0.0000000000 0.0000000000 13.9437055588 30.6557617188 12.9806785583
0.9858260751 39.2013282776 -2.8943274021 14.2946071625 0.0000000000 0.0000000000 13.9437055588 30.6557617188 12.9740972519
0.9676815271 39.1997871399 -3.0504703522 14.2461557388 0.0000000000 0.0000000000 13.9437055588 30.6557617188 12.9689531326
0.9455547333 39.2062110901 -2.9309966564 14.2851371765 0.0000000000 0.0000000000 13.9437055588 30.6557617188 12.9626779556
0.9287171364 39.2083053589 -3.1086561680 14.2863111496 0.0000000000 0.0000000000 13.9437055588 30.6557617188 12.9579048157
0.9091508985 39.2192382812 -2.9877667427 14.1757469177 0.0000000000 0.0000000000 13.9437055588 30.6557617188 12.9523544312
0.8941919804 39.2241592407 -3.1546967030 14.2353153229 0.0000000000 0.0000000000 13.9437055588 30.6557617188 12.9481134415
0.8755716085 39.2386054993 -3.0468449593 14.2226448059 0.0000000000 0.0000000000 13.9437055588 30.6557617188 12.9428329468
0.8620484471 39.2462158203 -3.1959447861 14.2125091553 0.0000000000 0.0000000000 13.9437055588 30.6557617188 12.9389991760
0.8445912600 39.2609443665 -3.0876839161 14.1873435974 0.0000000000 0.0000000000 13.9437055588 30.6557617188 12.9340486526
0.8324611783 39.2719078064 -3.2273168564 14.1645965576 0.0000000000 0.0000000000 13.9437055588 30.6557617188 12.9306097031
0.8165707588 39.2906303406 -3.1097519398 14.1202678680 0.0000000000 0.0000000000 13.9437055588 30.6557617188 12.9261045456
0.8053031564 39.3025321960 -3.2454073429 14.1644096375 0.0000000000 0.0000000000 13.9437055588 30.6557617188 12.9229087830
0.7909059525 39.3225326538 -3.1728334427 14.1189327240 0.0000000000 0.0000000000 13.9437055588 30.6557617188 12.9188251495
0.7812550068 39.3372230530 -3.2712092400 14.0567789078 0.0000000000 0.0000000000 13.9437055588 30.6557617188 12.9160890579
0.7672801018 39.3589439392 -3.1714155674 14.0980901718 0.0000000000 0.0000000000 13.9437055588 30.6557617188 12.9121255875
0.7586398721 39.3752899170 -3.3227908611 14.1188383102 0.0000000000 0.0000000000 13.9437055588 30.6557617188 12.9096775055
0.7460379004 39.3982276917 -3.2004704475 14.0288724899 0.0000000000 0.0000000000 13.9437055588 30.6557617188 12.9061031342
0.7381067276 39.4155578613 -3.3322205544 14.0687904358 0.0000000000 0.0000000000 13.9437055588 30.6557617188 12.9038543701
0.7261193395 39.4415283203 -3.2210536003 14.0451488495 0.0000000000 0.0000000000 13.9437055588 30.6557617188 12.9004554749
0.7193927765 39.4601974487 -3.3496308327 14.0447034836 0.0000000000 0.0000000000 13.9437055588 30.6557617188 12.8985481262
0.7080453038 39.4850921631 -3.2240219116 13.9953870773 0.0000000000 0.0000000000 13.9437055588 30.6557617188 12.8953304291
0.7022745609 39.5056724548 -3.3923668861 14.0604114532 0.0000000000 0.0000000000 13.9437055588 30.6557617188 12.8936929703
0.6919237971 39.5333938599 -3.2380495071 13.9529314041 0.0000000000 0.0000000000 13.9437055588 30.6557617188 12.8907575607
0.6863239408 39.5536537170 -3.3740413189 14.0071754456 0.0000000000 0.0000000000 13.9437055588 30.6557617188 12.8891706467
0.6770140529 39.5815887451 -3.2790772915 13.9757356644 0.0000000000 0.0000000000 13.9437055588 30.6557617188 12.8865299225
0.6727456450 39.6030387878 -3.4183168411 13.9829778671 0.0000000000 0.0000000000 13.9437055588 30.6557617188 12.8853197098
0.6631094813 39.6317596436 -3.2566106319 13.9588985443 0.0000000000 0.0000000000 13.9437055588 30.6557617188 12.8825874329
0.6597206593 39.6545219421 -3.4576404095 14.0033235550 0.0000000000 0.0000000000 13.9437055588 30.6557617188 12.8816261292
0.6519274712 39.6833992004 -3.3003983498 13.8894987106 0.0000000000 0.0000000000 13.9437055588 30.6557617188 12.8794174194
0.6482846141 39.7058181763 -3.4410898685 13.9783620834 0.0000000000 0.0000000000 13.9437055588 30.6557617188 12.8783855438
0.6407001019 39.7366218567 -3.3276405334 13.9611463547 0.0000000000 0.0000000000 13.9437055588 30.6557617188 12.8762331009
0.6278591752 39.7525596619 -2.8981215954 14.7472572327 0.0000000000 0.0000000000 13.9437055588 30.6557617188 12.8725910187
0.6172254086 39.7742958069 -2.9778156281 14.6818017960 0.0000000000 0.0000000000 13.9437055588 30.6557617188 12.8695774078
0.6076817513 39.7959365845 -3.0802581310 14.7399244308 0.0000000000 0.0000000000 13.9437055588 30.6557617188 12.8668708801
0.5980935097 39.8219146729 -3.0001089573 14.7319917679 0.0000000000 0.0000000000 13.9437055588 30.6557617188 12.8641519547
0.5913913250 39.8472862244 -3.1680324078 14.7274427414 0.0000000000 0.0000000000 13.9437055588 30.6557617188 12.8622522354
0.5836902857 39.8765335083 -3.0466032028 14.6967124939 0.0000000000 0.0000000000 13.9437055588 30.6557617188 12.8600673676
0.5775413513 39.9048080444 -3.1518385410 14.7321615219 0.0000000000 0.0000000000 13.9437055588 30.6557617188 12.8583240509
0.5718469620 39.9369316101 -3.1138689518 14.6908454895 0.0000000000 0.0000000000 13.9437055588 30.6557617188 12.8567094803
0.5669160485 39.9683227539 -3.1554195881 14.7175998688 0.0000000000 0.0000000000 13.9437055588 30.6557617188 12.8553113937
0.5617628098 40.0026626587 -3.1202638149 14.7023153305 0.0000000000 0.0000000000 13.9437055588 30.6557617188 12.8538503647
0.5595245361 40.0358314514 -3.2435083389 14.6788387299 0.0000000000 0.0000000000 13.9437055588 30.6557617188 12.8532152176
0.5547431111 40.0725669861 -3.1233832836 14.6927690506 0.0000000000 0.0000000000 13.9437055588 30.6557617188 12.8518581390
0.5522183776 40.1081657410 -3.1807787418 14.6723766327 0.0000000000 0.0000000000 13.9437055588 30.6557617188 12.8511438370
0.5495282412 40.1464767456 -3.1661982536 14.6206007004 0.0000000000 0.0000000000 13.9437055588 30.6557617188 12.8503799438
0.5482602715 40.1834106445 -3.2163677216 14.6759672165 0.0000000000 0.0000000000 13.9437055588 30.6557617188 12.8500213623
0.5448332429 40.2233123779 -3.1311480999 14.6569728851 0.0000000000 0.0000000000 13.9437055588 30.6557617188 12.8490486145
0.5453139544 40.2616081238 -3.2529313564 14.6094160080 0.0000000000 0.0000000000 13.9437055588 30.6557617188 12.8491849899
0.5426445603 40.3028182983 -3.1511189938 14.6282186508 0.0000000000 0.0000000000 13.9437055588 30.6557617188 12.8484287262
0.5429096818 40.3423004150 -3.2375576496 14.6438808441 0.0000000000 0.0000000000 13.9437055588 30.6557617188 12.8485040665
0.5413634181 40.3844108582 -3.1719303131 14.5666065216 0.0000000000 0.0000000000 13.9437055588 30.6557617188 12.8480663300
0.5418627858 40.4249877930 -3.2364463806 14.6278762817 0.0000000000 0.0000000000 13.9437055588 30.6557617188 12.8482055664
0.5403810740 40.4676856995 -3.1770811081 14.6023530960 0.0000000000 0.0000000000 13.9437055588 30.6557617188 12.8477859497
0.5426095724 40.5079689026 -3.2930500507 14.5656633377 0.0000000000 0.0000000000 13.9437055588 30.6557617188 12.8484191895
0.5408164263 40.5516777039 -3.1606633663 14.5834989548 0.0000000000 0.0000000000 13.9437055588 30.6557617188 12.8479099274
0.5420874953 40.5928878784 -3.2557787895 14.6109304428 0.0000000000 0.0000000000 13.9437055588 30.6557617188 12.8482704163
0.5417371988 40.6357955933 -3.1931910515 14.5202188492 0.0000000000 0.0000000000 13.9437055588 30.6557617188 12.8481712341
0.5433323383 40.6763267517 -3.2741148472 14.5892515182 0.0000000000 0.0000000000 13.9437055588 30.6557617188 12.8486232758
0.5422090292 40.7199745178 -3.1821641922 14.5546216965 0.0000000000 0.0000000000 13.9437055588 30.6557617188 12.8483047485
0.5449475050 40.7598533630 -3.2845749855 14.5407724380 0.0000000000 0.0000000000 13.9437055588 30.6557617188 12.8490810394
0.5440202355 40.8032913208 -3.1689114571 14.5120191574 0.0000000000 0.0000000000 13.9437055588 30.6557617188 12.8488206863
0.5459841490 40.8426132202 -3.2730185986 14.5557193756 0.0000000000 0.0000000000 13.9437055588 30.6557617188 12.8493747711
0.5461927652 40.8849983215 -3.1958110332 14.4672422409 0.0000000000 0.0000000000 13.9437055588 30.6557617188 12.8494338989
0.5478782058 40.9245223999 -3.2694976330 14.5514039993 0.0000000000 0.0000000000 13.9437055588 30.6557617188 12.8499126434
0.5473558903 40.9666671753 -3.1887204647 14.5064868927 0.0000000000 0.0000000000 13.9437055588 30.6557617188 12.8497657776
0.5504944324 41.0046195984 -3.3122451305 14.4947910309 0.0000000000 0.0000000000 13.9437055588 30.6557617188 12.8506555557
0.5498776436 41.0466842651 -3.1833322048 14.4828119278 0.0000000000 0.0000000000 13.9437055588 30.6557617188 12.8504800797
0.5520561934 41.0844383240 -3.2951469421 14.5426034927 0.0000000000 0.0000000000 13.9437055588 30.6557617188 12.8510990143
0.5526280999 41.1250495911 -3.2046389580 14.4355783463 0.0000000000 0.0000000000 13.9437055588 30.6557617188 12.8512582779
0.5545102954 41.1620521545 -3.2789723873 14.4849433899 0.0000000000 0.0000000000 13.9437055588 30.6557617188 12.8517942429
0.5545305014 41.2025222778 -3.2153224945 14.5035018921 0.0000000000 0.0000000000 13.9437055588 30.6557617188 12.8517999649
0.5577992201 41.2384948730 -3.3188405037 14.4727497101 0.0000000000 0.0000000000 13.9437055588 30.6557617188 12.8527250290
0.5575309992 41.2784576416 -3.1989572048 14.4371118546 0.0000000000 0.0000000000 13.9437055588 30.6557617188 12.8526496887
0.5597196221 41.3133506775 -3.3055360317 14.5018272400 0.0000000000 0.0000000000 13.9437055588 30.6557617188 12.8532695770
0.5608796477 41.3520545959 -3.2443599701 14.4387950897 0.0000000000 0.0000000000 13.9437055588 30.6557617188 12.8536005020
0.5626800060 41.3870429993 -3.2866549492 14.4763441086 0.0000000000 0.0000000000 13.9437055588 30.6557617188 12.8541097641
0.5629919767 41.4248466492 -3.2225906849 14.4533166885 0.0000000000 0.0000000000 13.9437055588 30.6557617188 12.8541975021
0.5660731196 41.4581565857 -3.3266892433 14.4380388260 0.0000000000 0.0000000000 13.9437055588 30.6557617188 12.8550729752
0.5662962794 41.4960365295 -3.2273290157 14.4426441193 0.0000000000 0.0000000000 13.9437055588 30.6557617188 12.8551359177
0.5685977936 41.5288543701 -3.3164505959 14.4918975830 0.0000000000 0.0000000000 13.9437055588 30.6557617188 12.8557872772
0.5701030493 41.5650520325 -3.2518875599 14.3898401260 0.0000000000 0.0000000000 13.9437055588 30.6557617188 12.8562145233
0.5455761552 41.6007347107 -2.5720689297 15.7631912231 0.0000000000 0.0000000000 13.9437055588 30.6557617188 12.8492593765
0.5234346986 41.6406097412 -2.7483587265 15.7229385376 0.0000000000 0.0000000000 13.9437055588 30.6557617188 12.8429813385
0.5032305717 41.6800079346 -2.7626569271 15.6531686783 0.0000000000 0.0000000000 13.9437055588 30.6557617188 12.8372516632
0.4839680195 41.7219276428 -2.8308486938 15.7186899185 0.0000000000 0.0000000000 13.9437055588 30.6557617188 12.8317909241
0.4675652981 41.7636108398 -2.8753476143 15.6711263657 0.0000000000 0.0000000000 13.9437055588 30.6557617188 12.8271398544
0.4515202641 41.8070678711 -2.8730020523 15.6709432602 0.0000000000 0.0000000000 13.9437055588 30.6557617188 12.8225908279
0.4382299185 41.8498725891 -2.9491407871 15.7035942078 0.0000000000 0.0000000000 13.9437055588 30.6557617188 12.8188209534
0.4252443612 41.8949546814 -2.9277048111 15.6572227478 0.0000000000 0.0000000000 13.9437055588 30.6557617188 12.8151388168
0.4150533080 41.9389266968 -2.9802167416 15.6309175491 0.0000000000 0.0000000000 13.9437055588 30.6557617188 12.8122501373
0.4049588442 41.9849624634 -3.0086500645 15.6850099564 0.0000000000 0.0000000000 13.9437055588 30.6557617188 12.8093872070
0.3977870047 42.0297126770 -3.0423951149 15.6258039474 0.0000000000 0.0000000000 13.9437055588 30.6557617188 12.8073520660
0.3893848360 42.0760574341 -2.9782605171 15.6011772156 0.0000000000 0.0000000000 13.9437055588 30.6557617188 12.8049707413
0.3841389120 42.1210212708 -3.0746467113 15.6494016647 0.0000000000 0.0000000000 13.9437055588 30.6557617188 12.8034830093
0.3783280849 42.1676750183 -3.0455131531 15.6043758392 0.0000000000 0.0000000000 13.9437055588 30.6557617188 12.8018350601
0.3745715022 42.2121086121 -3.0593261719 15.6130800247 0.0000000000 0.0000000000 13.9437055588 30.6557617188 12.8007707596
0.3703296483 42.2585716248 -3.0876724720 15.6290798187 0.0000000000 0.0000000000 13.9437055588 30.6557617188 12.7995681763
0.3686150312 42.3037185669 -3.1116836071 15.5833606720 0.0000000000 0.0000000000 13.9437055588 30.6557617188 12.7990808487
0.3650244474 42.3499526978 -3.0505640507 15.5673141479 0.0000000000 0.0000000000 13.9437055588 30.6557617188 12.7980613708
0.3650475144 42.3948402405 -3.1844172478 15.6281003952 0.0000000000 0.0000000000 13.9437055588 30.6557617188 12.7980690002
0.3627964854 42.4407806396 -3.0880887508 15.5682516098 0.0000000000 0.0000000000 13.9437055588 30.6557617188 12.7974328995
0.3630026579 42.4850273132 -3.1342308521 15.5707740784 0.0000000000 0.0000000000 13.9437055588 30.6557617188 12.7974901199
0.3615873158 42.5305213928 -3.1258842945 15.5952720642 0.0000000000 0.0000000000 13.9437055588 30.6557617188 12.7970886230
0.3634083569 42.5743217468 -3.1874921322 15.5691127777 0.0000000000 0.0000000000 13.9437055588 30.6557617188 12.7976045609
0.3620074093 42.6188621521 -3.0829918385 15.5524206161 0.0000000000 0.0000000000 13.9437055588 30.6557617188 12.7972078323
0.3649037778 42.6610946655 -3.2292382717 15.5870056152 0.0000000000 0.0000000000 13.9437055588 30.6557617188 12.7980289459
0.3643540144 42.7050743103 -3.1075885296 15.5323009491 0.0000000000 0.0000000000 13.9437055588 30.6557617188 12.7978725433
0.3663705289 42.7464141846 -3.1522834301 15.5315084457 0.0000000000 0.0000000000 13.9437055588 30.6557617188 12.7984437943
0.3676472604 42.7888107300 -3.1986074448 15.5871286392 0.0000000000 0.0000000000 13.9437055588 30.6557617188 12.7988061905
0.3702532947 42.8295898438 -3.1789662838 15.5495138168 0.0000000000 0.0000000000 13.9437055588 30.6557617188 12.7995452881
0.3699105978 42.8717002869 -3.0865495205 15.4982671738 0.0000000000 0.0000000000 13.9437055588 30.6557617188 12.7994489670
0.3737705946 42.9103622437 -3.2255437374 15.5697183609 0.0000000000 0.0000000000 13.9437055588 30.6557617188 12.8005428314
0.3754434288 42.9509620667 -3.1673853397 15.5205974579 0.0000000000 0.0000000000 13.9437055588 30.6557617188 12.8010177612
0.3779327869 42.9894218445 -3.1531169415 15.5252561569 0.0000000000 0.0000000000 13.9437055588 30.6557617188 12.8017234802
0.3798083067 43.0292243958 -3.1834678650 15.5251417160 0.0000000000 0.0000000000 13.9437055588 30.6557617188 12.8022546768
0.3835787773 43.0665588379 -3.2131633759 15.5389699936 0.0000000000 0.0000000000 13.9437055588 30.6557617188 12.8033237457
0.3843707740 43.1053581238 -3.1194524765 15.4949235916 0.0000000000 0.0000000000 13.9437055588 30.6557617188 12.8035488129
0.3885693848 43.1408195496 -3.2260544300 15.5589447021 0.0000000000 0.0000000000 13.9437055588 30.6557617188 12.8047399521
0.3908769488 43.1786079407 -3.1700146198 15.4612865448 0.0000000000 0.0000000000 13.9437055588 30.6557617188 12.8053922653
0.3938729167 43.2135887146 -3.1715364456 15.5365457535 0.0000000000 0.0000000000 13.9437055588 30.6557617188 12.8062429428
0.3966567218 43.2499351501 -3.2049851418 15.5215320587 0.0000000000 0.0000000000 13.9437055588 30.6557617188 12.8070325851
0.4007765651 43.2838096619 -3.2153286934 15.5144891739 0.0000000000 0.0000000000 13.9437055588 30.6557617188 12.8082008362
0.4019957483 43.3196830750 -3.1213078499 15.4506797791 0.0000000000 0.0000000000 13.9437055588 30.6557617188 12.8085460663
0.4066645503 43.3520889282 -3.2465898991 15.5558452606 0.0000000000 0.0000000000 13.9437055588 30.6557617188 12.8098707199
0.4099849761 43.3861122131 -3.2090532780 15.4712667465 0.0000000000 0.0000000000 13.9437055588 30.6557617188 12.8108119965
0.4129939079 43.4180450439 -3.1803159714 15.5095233917 0.0000000000 0.0000000000 13.9437055588 30.6557617188 12.8116655350
0.4159165025 43.4515953064 -3.2000792027 15.4770832062 0.0000000000 0.0000000000 13.9437055588 30.6557617188 12.8124942780
0.4206648767 43.4822998047 -3.2409160137 15.5152368546 0.0000000000 0.0000000000 13.9437055588 30.6557617188 12.8138418198
0.4223712087 43.5151672363 -3.1475427151 15.4614562988 0.0000000000 0.0000000000 13.9437055588 30.6557617188 12.8143243790
0.4271526933 43.5445480347 -3.2510576248 15.5287895203 0.0000000000 0.0000000000 13.9437055588 30.6557617188 12.8156795502
0.4300125837 43.5762062073 -3.1799566746 15.4228534698 0.0000000000 0.0000000000 13.9437055588 30.6557617188 12.8164911270
0.3993270993 43.6219482422 -2.4464969635 17.2320518494 0.0000000000 0.0000000000 13.9437055588 30.6557617188 12.8077888489
0.3720201254 43.6709060669 -2.6995725632 17.1459903717 0.0000000000 0.0000000000 13.9437055588 30.6557617188 12.8000459671
0.3471438587 43.7194252014 -2.6973617077 17.1657066345 0.0000000000 0.0000000000 13.9437055588 30.6557617188 12.7929925919
0.3239234686 43.7691535950 -2.7423233986 17.1066341400 0.0000000000 0.0000000000 13.9437055588 30.6557617188 12.7864074707
0.3038167357 43.8182067871 -2.8168907166 17.1618080139 0.0000000000 0.0000000000 13.9437055588 30.6557617188 12.7807054520
0.2847588956 43.8681640625 -2.8082785606 17.0664424896 0.0000000000 0.0000000000 13.9437055588 30.6557617188 12.7753019333
0.2683762312 43.9175148010 -2.8718211651 17.1689453125 0.0000000000 0.0000000000 13.9437055588 30.6557617188 12.7706575394
0.2535238564 43.9672164917 -2.9057397842 17.0838985443 0.0000000000 0.0000000000 13.9437055588 30.6557617188 12.7664470673
0.2407318801 44.0161132812 -2.9220731258 17.1342525482 0.0000000000 0.0000000000 13.9437055588 30.6557617188 12.7628183365
0.2286600918 44.0655174255 -2.9097437859 17.0192260742 0.0000000000 0.0000000000 13.9437055588 30.6557617188 12.7593955994
0.2194339037 44.1139068604 -3.0245301723 17.1838111877 0.0000000000 0.0000000000 13.9437055588 30.6557617188 12.7567787170
0.2105161697 44.1621780396 -2.9741716385 17.0236396790 0.0000000000 0.0000000000 13.9437055588 30.6557617188 12.7542495728
0.2028971016 44.2098274231 -2.9737696648 17.0855159760 0.0000000000 0.0000000000 13.9437055588 30.6557617188 12.7520904541
0.1969746649 44.2575721741 -3.0575716496 17.0305233002 0.0000000000 0.0000000000 13.9437055588 30.6557617188 12.7504100800
0.1920965910 44.3035659790 -3.0582227707 17.1317558289 0.0000000000 0.0000000000 13.9437055588 30.6557617188 12.7490282059
0.1873817295 44.3498497009 -3.0313966274 16.9665412903 0.0000000000 0.0000000000 13.9437055588 30.6557617188 12.7476911545
0.1847760528 44.3951911926 -3.1157333851 17.1044960022 0.0000000000 0.0000000000 13.9437055588 30.6557617188 12.7469491959
0.1818669438 44.4395141602 -3.0741779804 16.9837284088 0.0000000000 0.0000000000 13.9437055588 30.6557617188 12.7461261749
0.1798214018 44.4840278625 -3.0876584053 17.0754184723 0.0000000000 0.0000000000 13.9437055588 30.6557617188 12.7455463409
0.1785817891 44.5275726318 -3.1178464890 16.9853763580 0.0000000000 0.0000000000 13.9437055588 30.6557617188 12.7451944351
0.1776565760 44.5700225830 -3.0980727673 17.0509529114 0.0000000000 0.0000000000 13.9437055588 30.6557617188 12.7449321747
0.1767272204 44.6121139526 -3.1011600494 16.9666919708 0.0000000000 0.0000000000 13.9437055588 30.6557617188 12.7446689606
0.1774807274 44.6537094116 -3.1580584049 17.0752353668 0.0000000000 0.0000000000 13.9437055588 30.6557617188 12.7448825836
0.1777530611 44.6935615540 -3.1222720146 16.9506607056 0.0000000000 0.0000000000 13.9437055588 30.6557617188 12.7449588776
0.1784888357 44.7341384888 -3.1269865036 17.0292129517 0.0000000000 0.0000000000 13.9437055588 30.6557617188 12.7451686859
0.1797905117 44.7731971741 -3.1583063602 16.9683589935 0.0000000000 0.0000000000 13.9437055588 30.6557617188 12.7455387115
0.1816084236 44.8116760254 -3.1477015018 17.0294170380 0.0000000000 0.0000000000 13.9437055588 30.6557617188 12.7460536957
0.1832920909 44.8496360779 -3.1474189758 16.9252643585 0.0000000000 0.0000000000 13.9437055588 30.6557617188 12.7465305328
0.1859809905 44.8870582581 -3.1828949451 17.0507469177 0.0000000000 0.0000000000 13.9437055588 30.6557617188 12.7472925186
0.1882076114 44.9227447510 -3.1578831673 16.9283180237 0.0000000000 0.0000000000 13.9437055588 30.6557617188 12.7479257584
0.1906160712 44.9592590332 -3.1581408978 17.0272331238 0.0000000000 0.0000000000 13.9437055588 30.6557617188 12.7486085892
0.1937435269 44.9938850403 -3.1838884354 16.9478664398 0.0000000000 0.0000000000 13.9437055588 30.6557617188 12.7494935989
0.1966211200 45.0287895203 -3.1613776684 17.0058937073 0.0000000000 0.0000000000 13.9437055588 30.6557617188 12.7503099442
0.2000224590 45.0626411438 -3.1815419197 16.9004688263 0.0000000000 0.0000000000 13.9437055588 30.6557617188 12.7512750626
0.2037266493 45.0965118408 -3.1844828129 17.0159168243 0.0000000000 0.0000000000 13.9437055588 30.6557617188 12.7523250580
0.2068735212 45.1287651062 -3.1703605652 16.9390106201 0.0000000000 0.0000000000 13.9437055588 30.6557617188 12.7532176971
0.2105104476 45.1616210938 -3.1795291901 16.9964962006 0.0000000000 0.0000000000 13.9437055588 30.6557617188 12.7542486191
0.2143579870 45.1931419373 -3.1862277985 16.9056091309 0.0000000000 0.0000000000 13.9437055588 30.6557617188 12.7553405762
0.2184280306 45.2246665955 -3.1906740665 16.9950447083 0.0000000000 0.0000000000 13.9437055588 30.6557617188 12.7564926147
0.2223416865 45.2548789978 -3.1919949055 16.9295978546 0.0000000000 0.0000000000 13.9437055588 30.6557617188 12.7576036453
0.2268393189 45.2857742310 -3.2079894543 16.9818305969 0.0000000000 0.0000000000 13.9437055588 30.6557617188 12.7588796616
0.2304755300 45.3147201538 -3.1794421673 16.9184703827 0.0000000000 0.0000000000 13.9437055588 30.6557617188 12.7599105835
0.2346517146 45.3445510864 -3.1880123615 16.9867420197 0.0000000000 0.0000000000 13.9437055588 30.6557617188 12.7610950470
0.2396209985 45.3729515076 -3.2224388123 16.9026279449 0.0000000000 0.0000000000 13.9437055588 30.6557617188 12.7625045776
0.2434497029 45.4017295837 -3.1878194809 17.0094661713 0.0000000000 0.0000000000 13.9437055588 30.6557617188 12.7635889053
0.2476036102 45.4291801453 -3.1879882812 16.8990821838 0.0000000000 0.0000000000 13.9437055588 30.6557617188 12.7647676468
0.2523140609 45.4574394226 -3.2126517296 17.0012359619 0.0000000000 0.0000000000 13.9437055588 30.6557617188 12.7661027908
0.2569820583 45.4835815430 -3.2131960392 16.9115104675 0.0000000000 0.0000000000 13.9437055588 30.6557617188 12.7674274445
0.2610770166 45.5111351013 -3.1939888000 16.9916458130 0.0000000000 0.0000000000 13.9437055588 30.6557617188 12.7685890198
0.2658588290 45.5370712280 -3.2001976967 16.8797588348 0.0000000000 0.0000000000 13.9437055588 30.6557617188 12.7699432373
0.2192674875 45.5955390930 -2.2123849392 19.2931079865 0.0000000000 0.0000000000 13.9437055588 30.6557617188 12.7567329407
