     velsurf       thk_regu           glen
     30.8487         3.0247        -0.8321
     31.7341         3.1044        -0.8321
     31.7334         3.1043        -0.8321
     31.7328         3.1042        -0.8321
     31.7324         3.1041        -0.8321
     31.7320         3.1040        -0.8321
     31.7315         3.1039        -0.8321
     31.7311         3.1038        -0.8321
     31.7308         3.1037        -0.8321
     31.7304         3.1036        -0.8321
     31.7300         3.1036        -0.8321
     31.7296         3.1035        -0.8321
     31.7293         3.1034        -0.8321
     31.7288         3.1033        -0.8321
     31.7284         3.1032        -0.8321
     31.7280         3.1031        -0.8321
     31.7276         3.1031        -0.8321
     31.7272         3.1030        -0.8321
     31.7268         3.1029        -0.8321
     31.7265         3.1028        -0.8321
     31.7261         3.1027        -0.8321
     31.7256         3.1026        -0.8321
     31.7252         3.1026        -0.8321
     31.7248         3.1025        -0.8321
     31.7244         3.1024        -0.8321
     31.7239         3.1023        -0.8321
     31.7235         3.1022        -0.8321
     31.7231         3.1021        -0.8321
     31.7226         3.1020        -0.8321
     31.7222         3.1019        -0.8321
     31.7217         3.1018        -0.8321
     31.7212         3.1017        -0.8321
     31.7207         3.1016        -0.8321
     31.7202         3.1015        -0.8321
     31.7197         3.1014        -0.8321
     31.7193         3.1013        -0.8321
     31.7188         3.1012        -0.8321
     31.7182         3.1011        -0.8321
     31.7178         3.1010        -0.8321
     31.7172         3.1009        -0.8321
     31.7167         3.1008        -0.8321
     31.7162         3.1007        -0.8321
     31.7157         3.1006        -0.8321
     31.7151         3.1005        -0.8321
     31.7146         3.1004        -0.8321
     31.7141         3.1003        -0.8321
     31.7136         3.1002        -0.8321
     31.7131         3.1001        -0.8321
     31.7125         3.1000        -0.8321
     31.7119         3.0999        -0.8868
     27.7736         3.0997        -0.8868
     27.7729         3.0996        -0.8868
     27.7723         3.0995        -0.8868
     27.7717         3.0994        -0.8868
     27.7711         3.0993        -0.8868
     27.7704         3.0992        -0.8868
     27.7698         3.0990        -0.8868
     27.7692         3.0989        -0.8868
     27.7685         3.0988        -0.8868
     27.7679         3.0987        -0.8868
     27.7672         3.0986        -0.8868
     27.7665         3.0984        -0.8868
     27.7658         3.0983        -0.8868
     27.7651         3.0982        -0.8868
     27.7643         3.0981        -0.8868
     27.7637         3.0979        -0.8868
     27.7630         3.0978        -0.8868
     27.7623         3.0977        -0.8868
     27.7616         3.0976        -0.8868
     27.7609         3.0974        -0.8868
     27.7602         3.0973        -0.8868
     27.7594         3.0972        -0.8868
     27.7588         3.0970        -0.8868
     27.7580         3.0969        -0.8868
     27.7573         3.0968        -0.8868
     27.7566         3.0966        -0.8868
     27.7558         3.0965        -0.8868
     27.7550         3.0964        -0.8868
     27.7543         3.0962        -0.8868
     27.7535         3.0961        -0.8868
     27.7528         3.0960        -0.8868
     27.7520         3.0958        -0.8868
     27.7513         3.0957        -0.8868
     27.7505         3.0956        -0.8868
     27.7497         3.0954        -0.8868
     27.7490         3.0953        -0.8868
     27.7482         3.0951        -0.8868
     27.7474         3.0950        -0.8868
     27.7466         3.0949        -0.8868
     27.7458         3.0947        -0.8868
     27.7450         3.0946        -0.8868
     27.7442         3.0944        -0.8868
     27.7433         3.0943        -0.8868
     27.7424         3.0942        -0.8868
     27.7416         3.0940        -0.8868
     27.7408         3.0939        -0.8868
     27.7400         3.0937        -0.8868
     27.7392         3.0936        -0.8868
     27.7384         3.0934        -0.8868
     27.7375         3.0933        -0.9465
     27.7133         3.0931        -0.9465
     27.7124         3.0930        -0.9465
     27.7115         3.0928        -0.9465
     27.7106         3.0927        -0.9465
     27.7097         3.0925        -0.9465
     27.7088         3.0924        -0.9465
     27.7079         3.0922        -0.9465
     27.7069         3.0921        -0.9465
     27.7061         3.0919        -0.9465
     27.7052         3.0918        -0.9465
     27.7044         3.0916        -0.9465
     27.7034         3.0915        -0.9465
     27.7025         3.0913        -0.9465
     27.7016         3.0911        -0.9465
     27.7007         3.0910        -0.9465
     27.6998         3.0908        -0.9465
     27.6989         3.0907        -0.9465
     27.6979         3.0905        -0.9465
     27.6969         3.0904        -0.9465
     27.6960         3.0902        -0.9465
     27.6951         3.0900        -0.9465
     27.6942         3.0899        -0.9465
     27.6933         3.0897        -0.9465
     27.6923         3.0896        -0.9465
     27.6914         3.0894        -0.9465
     27.6904         3.0892        -0.9465
     27.6895         3.0891        -0.9465
     27.6884         3.0889        -0.9465
     27.6875         3.0887        -0.9465
     27.6866         3.0886        -0.9465
     27.6856         3.0884        -0.9465
     27.6847         3.0883        -0.9465
     27.6837         3.0881        -0.9465
     27.6827         3.0879        -0.9465
     27.6816         3.0878        -0.9465
     27.6807         3.0876        -0.9465
     27.6797         3.0874        -0.9465
     27.6787         3.0873        -0.9465
     27.6776         3.0871        -0.9465
     27.6767         3.0869        -0.9465
     27.6757         3.0868        -0.9465
     27.6746         3.0866        -0.9465
     27.6736         3.0864        -0.9465
     27.6726         3.0863        -0.9465
     27.6716         3.0861        -0.9465
     27.6706         3.0859        -0.9465
     27.6696         3.0858        -0.9465
     27.6686         3.0856        -0.9465
     27.6675         3.0854        -0.9465
     27.6664         3.0853        -0.9980
     28.1460         3.0851        -0.9980
     28.1449         3.0849        -0.9980
     28.1438         3.0847        -0.9980
     28.1427         3.0846        -0.9980
     28.1416         3.0844        -0.9980
     28.1404         3.0842        -0.9980
     28.1393         3.0840        -0.9980
     28.1383         3.0839        -0.9980
     28.1372         3.0837        -0.9980
     28.1362         3.0835        -0.9980
     28.1351         3.0833        -0.9980
     28.1339         3.0831        -0.9980
     28.1328         3.0830        -0.9980
     28.1317         3.0828        -0.9980
     28.1306         3.0826        -0.9980
     28.1295         3.0824        -0.9980
     28.1284         3.0823        -0.9980
     28.1272         3.0821        -0.9980
     28.1260         3.0819        -0.9980
     28.1248         3.0817        -0.9980
     28.1237         3.0815        -0.9980
     28.1225         3.0814        -0.9980
     28.1214         3.0812        -0.9980
     28.1203         3.0810        -0.9980
     28.1191         3.0808        -0.9980
     28.1179         3.0806        -0.9980
     28.1167         3.0804        -0.9980
     28.1155         3.0803        -0.9980
     28.1143         3.0801        -0.9980
     28.1131         3.0799        -0.9980
     28.1119         3.0797        -0.9980
     28.1108         3.0795        -0.9980
     28.1097         3.0794        -0.9980
     28.1085         3.0792        -0.9980
     28.1073         3.0790        -0.9980
     28.1061         3.0788        -0.9980
     28.1049         3.0786        -0.9980
     28.1039         3.0784        -0.9980
     28.1026         3.0783        -0.9980
     28.1015         3.0781        -0.9980
     28.1003         3.0779        -0.9980
     28.0992         3.0777        -0.9980
     28.0981         3.0775        -0.9980
     28.0969         3.0773        -0.9980
     28.0957         3.0772        -0.9980
     28.0943         3.0770        -0.9980
     28.0931         3.0768        -0.9980
     28.0919         3.0766        -0.9980
     28.0907         3.0764        -0.9980
     28.0895         3.0762        -1.0433
     29.1733         3.0761        -1.0433
     29.1721         3.0759        -1.0433
     29.1708         3.0757        -1.0433
     29.1695         3.0755        -1.0433
     29.1683         3.0753        -1.0433
     29.1669         3.0751        -1.0433
     29.1657         3.0749        -1.0433
     29.1642         3.0747        -1.0433
     29.1628         3.0745        -1.0433
     29.1616         3.0743        -1.0433
     29.1602         3.0741        -1.0433
     29.1591         3.0739        -1.0433
     29.1578         3.0737        -1.0433
     29.1565         3.0735        -1.0433
     29.1551         3.0733        -1.0433
     29.1539         3.0731        -1.0433
     29.1526         3.0729        -1.0433
     29.1512         3.0728        -1.0433
     29.1499         3.0726        -1.0433
     29.1486         3.0724        -1.0433
     29.1472         3.0722        -1.0433
     29.1458         3.0720        -1.0433
     29.1444         3.0718        -1.0433
     29.1432         3.0716        -1.0433
     29.1418         3.0714        -1.0433
     29.1406         3.0712        -1.0433
     29.1392         3.0710        -1.0433
     29.1378         3.0708        -1.0433
     29.1364         3.0706        -1.0433
     29.1350         3.0704        -1.0433
     29.1338         3.0702        -1.0433
     29.1324         3.0700        -1.0433
     29.1310         3.0698        -1.0433
     29.1297         3.0696        -1.0433
     29.1283         3.0694        -1.0433
     29.1270         3.0692        -1.0433
     29.1257         3.0690        -1.0433
     29.1244         3.0689        -1.0433
     29.1229         3.0687        -1.0433
     29.1216         3.0685        -1.0433
     29.1203         3.0683        -1.0433
     29.1189         3.0681        -1.0433
     29.1175         3.0679        -1.0433
     29.1162         3.0677        -1.0433
     29.1150         3.0675        -1.0433
     29.1135         3.0673        -1.0433
     29.1122         3.0671        -1.0433
     29.1108         3.0669        -1.0433
     29.1094         3.0667        -1.0433
     29.1080         3.0665        -1.0829
     30.7407         3.0663        -1.0829
     30.7392         3.0661        -1.0829
     30.7377         3.0659        -1.0829
     30.7363         3.0657        -1.0829
     30.7348         3.0655        -1.0829
     30.7333         3.0653        -1.0829
     30.7317         3.0651        -1.0829
     30.7303         3.0649        -1.0829
     30.7288         3.0647        -1.0829
     30.7273         3.0645        -1.0829
     30.7259         3.0643        -1.0829
     30.7244         3.0641        -1.0829
     30.7230         3.0638        -1.0829
     30.7214         3.0636        -1.0829
     30.7199         3.0634        -1.0829
     30.7184         3.0632        -1.0829
     30.7169         3.0630        -1.0829
     30.7153         3.0628        -1.0829
     30.7138         3.0626        -1.0829
     30.7124         3.0624        -1.0829
     30.7109         3.0622        -1.0829
     30.7094         3.0620        -1.0829
     30.7080         3.0618        -1.0829
     30.7064         3.0616        -1.0829
     30.7048         3.0614        -1.0829
     30.7033         3.0612        -1.0829
     30.7019         3.0610        -1.0829
     30.7003         3.0608        -1.0829
     30.6990         3.0606        -1.0829
     30.6974         3.0604        -1.0829
     30.6960         3.0602        -1.0829
     30.6945         3.0600        -1.0829
     30.6930         3.0597        -1.0829
     30.6914         3.0595        -1.0829
     30.6900         3.0593        -1.0829
     30.6884         3.0591        -1.0829
     30.6870         3.0589        -1.0829
     30.6854         3.0587        -1.0829
     30.6839         3.0585        -1.0829
     30.6824         3.0583        -1.0829
     30.6808         3.0581        -1.0829
     30.6792         3.0579        -1.0829
     30.6776         3.0577        -1.0829
     30.6760         3.0575        -1.0829
     30.6744         3.0573        -1.0829
     30.6729         3.0571        -1.0829
     30.6714         3.0569        -1.0829
     30.6698         3.0567        -1.0829
     30.6682         3.0565        -1.0829
     30.6667         3.0563        -1.1171
     32.7281         3.0561        -1.1171
     32.7265         3.0559        -1.1171
     32.7249         3.0557        -1.1171
     32.7232         3.0554        -1.1171
     32.7215         3.0552        -1.1171
     32.7198         3.0550        -1.1171
     32.7181         3.0548        -1.1171
     32.7163         3.0546        -1.1171
     32.7148         3.0544        -1.1171
     32.7130         3.0542        -1.1171
     32.7115         3.0540        -1.1171
     32.7099         3.0537        -1.1171
     32.7083         3.0535        -1.1171
     32.7067         3.0533        -1.1171
     32.7050         3.0531        -1.1171
     32.7033         3.0529        -1.1171
     32.7016         3.0527        -1.1171
     32.6999         3.0525        -1.1171
     32.6983         3.0523        -1.1171
     32.6966         3.0521        -1.1171
     32.6950         3.0518        -1.1171
     32.6933         3.0516        -1.1171
     32.6914         3.0514        -1.1171
     32.6898         3.0512        -1.1171
     32.6881         3.0510        -1.1171
     32.6865         3.0508        -1.1171
     32.6848         3.0506        -1.1171
     32.6830         3.0504        -1.1171
     32.6813         3.0502        -1.1171
     32.6797         3.0500        -1.1171
     32.6780         3.0497        -1.1171
     32.6763         3.0495        -1.1171
     32.6746         3.0493        -1.1171
     32.6728         3.0491        -1.1171
     32.6710         3.0489        -1.1171
     32.6692         3.0487        -1.1171
     32.6675         3.0485        -1.1171
     32.6658         3.0483        -1.1171
     32.6640         3.0481        -1.1171
     32.6622         3.0479        -1.1171
     32.6605         3.0477        -1.1171
     32.6588         3.0475        -1.1171
     32.6571         3.0472        -1.1171
     32.6554         3.0470        -1.1171
     32.6537         3.0468        -1.1171
     32.6521         3.0466        -1.1171
     32.6503         3.0464        -1.1171
     32.6486         3.0462        -1.1171
     32.6468         3.0460        -1.1171
     32.6450         3.0458        -1.1459
     35.0059         3.0456        -1.1459
     35.0040         3.0454        -1.1459
     35.0023         3.0452        -1.1459
     35.0004         3.0449        -1.1459
     34.9986         3.0447        -1.1459
     34.9967         3.0445        -1.1459
     34.9947         3.0443        -1.1459
     34.9927         3.0441        -1.1459
     34.9907         3.0439        -1.1459
     34.9887         3.0437        -1.1459
     34.9868         3.0435        -1.1459
     34.9849         3.0432        -1.1459
     34.9830         3.0430        -1.1459
     34.9813         3.0428        -1.1459
     34.9795         3.0426        -1.1459
     34.9776         3.0424        -1.1459
     34.9758         3.0422        -1.1459
     34.9739         3.0420        -1.1459
     34.9719         3.0418        -1.1459
     34.9700         3.0416        -1.1459
     34.9680         3.0413        -1.1459
     34.9660         3.0411        -1.1459
     34.9642         3.0409        -1.1459
     34.9623         3.0407        -1.1459
     34.9604         3.0405        -1.1459
     34.9586         3.0403        -1.1459
     34.9566         3.0401        -1.1459
     34.9547         3.0399        -1.1459
     34.9528         3.0397        -1.1459
     34.9509         3.0395        -1.1459
     34.9491         3.0392        -1.1459
     34.9473         3.0390        -1.1459
     34.9453         3.0388        -1.1459
     34.9435         3.0386        -1.1459
     34.9416         3.0384        -1.1459
     34.9397         3.0382        -1.1459
     34.9379         3.0380        -1.1459
     34.9360         3.0378        -1.1459
     34.9340         3.0376        -1.1459
     34.9321         3.0374        -1.1459
     34.9302         3.0372        -1.1459
     34.9284         3.0370        -1.1459
     34.9266         3.0367        -1.1459
     34.9246         3.0365        -1.1459
     34.9227         3.0363        -1.1459
     34.9208         3.0361        -1.1459
     34.9188         3.0359        -1.1459
     34.9170         3.0357        -1.1459
     34.9150         3.0355        -1.1459
     34.9131         3.0353        -1.1699
     37.4268         3.0351        -1.1699
     37.4249         3.0349        -1.1699
     37.4227         3.0347        -1.1699
     37.4207         3.0345        -1.1699
     37.4185         3.0342        -1.1699
     37.4165         3.0340        -1.1699
     37.4145         3.0338        -1.1699
     37.4125         3.0336        -1.1699
     37.4103         3.0334        -1.1699
     37.4080         3.0332        -1.1699
     37.4059         3.0330        -1.1699
     37.4038         3.0328        -1.1699
     37.4017         3.0326        -1.1699
     37.3996         3.0323        -1.1699
     37.3975         3.0321        -1.1699
     37.3955         3.0319        -1.1699
     37.3906         3.0317        -1.1699
     37.3914         3.0315        -1.1699
     37.3863         3.0313        -1.1699
     37.3871         3.0311        -1.1699
     37.3822         3.0309        -1.1699
     37.3831         3.0307        -1.1699
     37.3781         3.0305        -1.1699
     37.3788         3.0303        -1.1699
     37.3738         3.0300        -1.1699
     37.3747         3.0298        -1.1699
     37.3698         3.0296        -1.1699
     37.3706         3.0294        -1.1699
     37.3656         3.0292        -1.1699
     37.3665         3.0290        -1.1699
     37.3615         3.0288        -1.1699
     37.3622         3.0286        -1.1699
     37.3573         3.0284        -1.1699
     37.3580         3.0282        -1.1699
     37.3532         3.0280        -1.1699
     37.3537         3.0278        -1.1699
     37.3488         3.0276        -1.1699
     37.3496         3.0274        -1.1699
     37.3446         3.0272        -1.1699
     37.3454         3.0270        -1.1699
     37.3403         3.0267        -1.1699
     37.3412         3.0265        -1.1699
     37.3362         3.0263        -1.1699
     37.3371         3.0261        -1.1699
     37.3322         3.0259        -1.1699
     37.3330         3.0257        -1.1699
     37.3281         3.0255        -1.1699
     37.3289         3.0253        -1.1699
     37.3241         3.0251        -1.1699
     37.3248         3.0249        -1.1894
     39.8604         3.0247        -1.1894
     39.8609         3.0245        -1.1894
     39.8557         3.0243        -1.1894
     39.8564         3.0241        -1.1894
     39.8514         3.0239        -1.1894
     39.8519         3.0237        -1.1894
     39.8468         3.0234        -1.1894
     39.8474         3.0232        -1.1894
     39.8423         3.0230        -1.1894
     39.8428         3.0228        -1.1894
     39.8377         3.0226        -1.1894
     39.8381         3.0224        -1.1894
     39.8334         3.0222        -1.1894
     39.8338         3.0220        -1.1894
     39.8288         3.0218        -1.1894
     39.8293         3.0216        -1.1894
     39.8243         3.0214        -1.1894
     39.8247         3.0212        -1.1894
     39.8196         3.0209        -1.1894
     39.8202         3.0207        -1.1894
     39.8153         3.0205        -1.1894
     39.8157         3.0203        -1.1894
     39.8106         3.0201        -1.1894
     39.8110         3.0199        -1.1894
     39.8061         3.0197        -1.1894
     39.8065         3.0195        -1.1894
     39.8016         3.0193        -1.1894
     39.8020         3.0191        -1.1894
     39.7971         3.0189        -1.1894
     39.7975         3.0187        -1.1894
     39.7924         3.0185        -1.1894
     39.7930         3.0183        -1.1894
     39.7880         3.0181        -1.1894
     39.7885         3.0179        -1.1894
     39.7835         3.0177        -1.1894
     39.7837         3.0175        -1.1894
     39.7789         3.0173        -1.1894
     39.7794         3.0170        -1.1894
     39.7742         3.0168        -1.1894
     39.7747         3.0166        -1.1894
     39.7698         3.0164        -1.1894
     39.7702         3.0162        -1.1894
     39.7654         3.0160        -1.1894
     39.7658         3.0158        -1.1894
     39.7608         3.0156        -1.1894
     39.7612         3.0154        -1.1894
     39.7562         3.0152        -1.1894
     39.7566         3.0150        -1.1894
     39.7515         3.0148        -1.1894
     39.7519         3.0146        -1.2048
     42.1875         3.0144        -1.2048
     42.1851         3.0142        -1.2048
     42.1828         3.0140        -1.2048
     42.1802         3.0138        -1.2048
     42.1777         3.0136        -1.2048
     42.1754         3.0134        -1.2048
     42.1730         3.0132        -1.2048
     42.1706         3.0130        -1.2048
     42.1681         3.0128        -1.2048
     42.1657         3.0126        -1.2048
     42.1632         3.0123        -1.2048
     42.1607         3.0121        -1.2048
     42.1581         3.0119        -1.2048
     42.1556         3.0117        -1.2048
     42.1532         3.0115        -1.2048
     42.1507         3.0113        -1.2048
     42.1483         3.0111        -1.2048
     42.1460         3.0109        -1.2048
     42.1435         3.0107        -1.2048
     42.1412         3.0105        -1.2048
     42.1388         3.0103        -1.2048
     42.1362         3.0101        -1.2048
     42.1337         3.0099        -1.2048
     42.1312         3.0097        -1.2048
     42.1288         3.0095        -1.2048
     42.1264         3.0093        -1.2048
     42.1238         3.0091        -1.2048
     42.1214         3.0089        -1.2048
     42.1192         3.0087        -1.2048
     42.1168         3.0085        -1.2048
     42.1143         3.0083        -1.2048
     42.1118         3.0081        -1.2048
     42.1093         3.0078        -1.2048
     42.1069         3.0076        -1.2048
     42.1021         3.0074        -1.2048
     42.0997         3.0072        -1.2048
     42.0972         3.0070        -1.2048
     42.0947         3.0068        -1.2048
     42.0923         3.0066        -1.2048
     42.0900         3.0064        -1.2048
     42.0876         3.0062        -1.2048
     42.0851         3.0060        -1.2048
     42.0828         3.0058        -1.2048
     42.0801         3.0056        -1.2048
     42.0776         3.0054        -1.2048
     42.0751         3.0052        -1.2048
     42.0727         3.0050        -1.2048
     42.0701         3.0048        -1.2048
     42.0678         3.0047        -1.2048
     42.0654         3.0045        -1.2170
     44.3302         3.0043        -1.2170
     44.3275         3.0040        -1.2170
     44.3249         3.0038        -1.2170
     44.3225         3.0036        -1.2170
     44.3200         3.0034        -1.2170
     44.3173         3.0032        -1.2170
     44.3147         3.0030        -1.2170
     44.3121         3.0028        -1.2170
     44.3096         3.0026        -1.2170
     44.3069         3.0024        -1.2170
     44.3029         3.0022        -1.2170
     44.3020         3.0020        -1.2170
     44.2992         3.0018        -1.2170
     44.2949         3.0015        -1.2170
     44.2938         3.0013        -1.2170
     44.2850         3.0011        -1.2170
     44.2810         3.0009        -1.2170
     44.2799         3.0007        -1.2170
     44.2772         3.0005        -1.2170
     44.2731         3.0003        -1.2170
     44.2719         3.0001        -1.2170
     44.2694         2.9999        -1.2170
     44.2651         2.9997        -1.2170
     44.2643         2.9995        -1.2170
     44.2617         2.9993        -1.2170
     44.2575         2.9991        -1.2170
     44.2565         2.9989        -1.2170
     44.2538         2.9987        -1.2170
     44.2496         2.9985        -1.2170
     44.2485         2.9983        -1.2170
     44.2459         2.9981        -1.2170
     44.2418         2.9979        -1.2170
     44.2407         2.9977        -1.2170
     44.2383         2.9975        -1.2170
     44.2341         2.9973        -1.2170
     44.2330         2.9971        -1.2170
     44.2304         2.9969        -1.2170
     44.2263         2.9966        -1.2170
     44.2253         2.9964        -1.2170
     44.2227         2.9962        -1.2170
     44.2186         2.9960        -1.2170
     44.2176         2.9958        -1.2170
     44.2150         2.9956        -1.2170
     44.2108         2.9954        -1.2170
     44.2099         2.9952        -1.2170
     44.2072         2.9951        -1.2170
     44.2029         2.9949        -1.2170
     44.2019         2.9947        -1.2170
     44.1992         2.9945        -1.2170
     44.1954         2.9943        -1.2260
     46.2337         2.9941        -1.2260
     46.2327         2.9938        -1.2260
     46.2267         2.9936        -1.2260
     46.2271         2.9934        -1.2260
     46.2226         2.9932        -1.2260
     46.2202         2.9930        -1.2260
     46.2170         2.9928        -1.2260
     46.2161         2.9926        -1.2260
     46.2103         2.9924        -1.2260
     46.2018         2.9922        -1.2260
     46.1973         2.9920        -1.2260
     46.1950         2.9917        -1.2260
     46.1919         2.9915        -1.2260
     46.1910         2.9913        -1.2260
     46.1853         2.9911        -1.2260
     46.1856         2.9909        -1.2260
     46.1811         2.9907        -1.2260
     46.1790         2.9905        -1.2260
     46.1759         2.9903        -1.2260
     46.1749         2.9901        -1.2260
     46.1690         2.9899        -1.2260
     46.1694         2.9897        -1.2260
     46.1648         2.9895        -1.2260
     46.1624         2.9893        -1.2260
     46.1592         2.9890        -1.2260
     46.1585         2.9888        -1.2260
     46.1527         2.9886        -1.2260
     46.1531         2.9884        -1.2260
     46.1486         2.9882        -1.2260
     46.1464         2.9880        -1.2260
     46.1431         2.9878        -1.2260
     46.1422         2.9876        -1.2260
     46.1363         2.9874        -1.2260
     46.1367         2.9872        -1.2260
     46.1319         2.9870        -1.2260
     46.1297         2.9868        -1.2260
     46.1265         2.9866        -1.2260
     46.1257         2.9864        -1.2260
     46.1197         2.9862        -1.2260
     46.1201         2.9860        -1.2260
     46.1155         2.9858        -1.2260
     46.1132         2.9856        -1.2260
     46.1099         2.9854        -1.2260
     46.1091         2.9852        -1.2260
     46.1031         2.9850        -1.2260
     46.1034         2.9848        -1.2260
     46.0989         2.9846        -1.2260
     46.0967         2.9844        -1.2260
     46.0933         2.9842        -1.2260
     46.0926         2.9840        -1.2323
     47.8773         2.9838        -1.2323
     47.8774         2.9836        -1.2323
     47.8727         2.9834        -1.2323
     47.8704         2.9832        -1.2323
     47.8668         2.9830        -1.2323
     47.8659         2.9827        -1.2323
     47.8602         2.9825        -1.2323
     47.8602         2.9823        -1.2323
     47.8555         2.9821        -1.2323
     47.8534         2.9819        -1.2323
     47.8497         2.9817        -1.2323
     47.8488         2.9815        -1.2323
     47.8429         2.9813        -1.2323
     47.8432         2.9811        -1.2323
     47.8387         2.9809        -1.2323
     47.8365         2.9807        -1.2323
     47.8328         2.9804        -1.2323
     47.8318         2.9802        -1.2323
     47.8260         2.9800        -1.2323
     47.8260         2.9798        -1.2323
     47.8213         2.9796        -1.2323
     47.8191         2.9794        -1.2323
     47.8077         2.9792        -1.2323
     47.8067         2.9790        -1.2323
     47.8012         2.9788        -1.2323
     47.8013         2.9786        -1.2323
     47.7967         2.9784        -1.2323
     47.7945         2.9782        -1.2323
     47.7907         2.9780        -1.2323
     47.7896         2.9778        -1.2323
     47.7839         2.9776        -1.2323
     47.7841         2.9774        -1.2323
     47.7793         2.9772        -1.2323
     47.7770         2.9770        -1.2323
     47.7735         2.9768        -1.2323
     47.7724         2.9766        -1.2323
     47.7666         2.9764        -1.2323
     47.7665         2.9762        -1.2323
     47.7621         2.9760        -1.2323
     47.7598         2.9758        -1.2323
     47.7562         2.9756        -1.2323
     47.7552         2.9754        -1.2323
     47.7495         2.9752        -1.2323
     47.7496         2.9750        -1.2323
     47.7449         2.9748        -1.2323
     47.7427         2.9746        -1.2323
     47.7395         2.9744        -1.2323
     47.7372         2.9742        -1.2323
     47.7328         2.9740        -1.2323
     47.7317         2.9738        -1.2364
     49.2641         2.9736        -1.2364
     49.2605         2.9733        -1.2364
     49.2578         2.9731        -1.2364
     49.2544         2.9729        -1.2364
     49.2519         2.9727        -1.2364
     49.2487         2.9725        -1.2364
     49.2461         2.9723        -1.2364
     49.2425         2.9721        -1.2364
     49.2399         2.9719        -1.2364
     49.2367         2.9717        -1.2364
     49.2342         2.9715        -1.2364
     49.2309         2.9713        -1.2364
     49.2283         2.9711        -1.2364
     49.2248         2.9709        -1.2364
     49.2221         2.9707        -1.2364
     49.2190         2.9705        -1.2364
     49.2165         2.9702        -1.2364
     49.2132         2.9700        -1.2364
     49.2106         2.9698        -1.2364
     49.2072         2.9696        -1.2364
     49.2046         2.9694        -1.2364
     49.2014         2.9692        -1.2364
     49.1989         2.9690        -1.2364
     49.1958         2.9688        -1.2364
     49.1932         2.9686        -1.2364
     49.1898         2.9684        -1.2364
     49.1872         2.9682        -1.2364
     49.1838         2.9680        -1.2364
     49.1813         2.9678        -1.2364
     49.1780         2.9676        -1.2364
     49.1753         2.9674        -1.2364
     49.1721         2.9672        -1.2364
     49.1695         2.9670        -1.2364
     49.1663         2.9668        -1.2364
     49.1637         2.9666        -1.2364
     49.1604         2.9664        -1.2364
     49.1578         2.9662        -1.2364
     49.1544         2.9660        -1.2364
     49.1517         2.9658        -1.2364
     49.1485         2.9656        -1.2364
     49.1458         2.9654        -1.2364
     49.1426         2.9652        -1.2364
     49.1402         2.9650        -1.2364
     49.1378         2.9648        -1.2364
     49.1332         2.9646        -1.2364
     49.1319         2.9644        -1.2364
     49.1284         2.9642        -1.2364
     49.1251         2.9640        -1.2364
     49.1225         2.9638        -1.2364
     49.1201         2.9636        -1.2385
     50.4051         2.9634        -1.2385
     50.4034         2.9632        -1.2385
     50.3993         2.9630        -1.2385
     50.3977         2.9628        -1.2385
     50.3934         2.9626        -1.2385
     50.3917         2.9624        -1.2385
     50.3873         2.9622        -1.2385
     50.3855         2.9620        -1.2385
     50.3813         2.9618        -1.2385
     50.3795         2.9616        -1.2385
     50.3750         2.9614        -1.2385
     50.3732         2.9612        -1.2385
     50.3686         2.9610        -1.2385
     50.3668         2.9608        -1.2385
     50.3625         2.9606        -1.2385
     50.3607         2.9604        -1.2385
     50.3563         2.9602        -1.2385
     50.3548         2.9600        -1.2385
     50.3506         2.9598        -1.2385
     50.3489         2.9596        -1.2385
     50.3446         2.9594        -1.2385
     50.3432         2.9592        -1.2385
     50.3390         2.9590        -1.2385
     50.3373         2.9588        -1.2385
     50.3330         2.9586        -1.2385
     50.3312         2.9584        -1.2385
     50.3267         2.9582        -1.2385
     50.3251         2.9580        -1.2385
     50.3208         2.9578        -1.2385
     50.3190         2.9576        -1.2385
     50.3146         2.9574        -1.2385
     50.3130         2.9572        -1.2385
     50.3087         2.9570        -1.2385
     50.3068         2.9568        -1.2385
     50.3027         2.9567        -1.2385
     50.3008         2.9565        -1.2385
     50.2966         2.9563        -1.2385
     50.2949         2.9561        -1.2385
     50.2905         2.9559        -1.2385
     50.2888         2.9557        -1.2385
     50.2845         2.9555        -1.2385
     50.2825         2.9553        -1.2385
     50.2785         2.9551        -1.2385
     50.2767         2.9549        -1.2385
     50.2724         2.9547        -1.2385
     50.2706         2.9545        -1.2385
     50.2665         2.9543        -1.2385
     50.2649         2.9541        -1.2385
     50.2607         2.9539        -1.2385
     50.2591         2.9537        -1.2390
     51.3128         2.9536        -1.2390
     51.3109         2.9534        -1.2390
     51.3068         2.9532        -1.2390
     51.3052         2.9530        -1.2390
     51.3007         2.9528        -1.2390
     51.2986         2.9526        -1.2390
     51.2945         2.9524        -1.2390
     51.2928         2.9522        -1.2390
     51.2886         2.9520        -1.2390
     51.2868         2.9518        -1.2390
     51.2826         2.9516        -1.2390
     51.2807         2.9514        -1.2390
     51.2763         2.9512        -1.2390
     51.2743         2.9510        -1.2390
     51.2699         2.9508        -1.2390
     51.2678         2.9506        -1.2390
     51.2640         2.9504        -1.2390
     51.2620         2.9502        -1.2390
     51.2576         2.9500        -1.2390
     51.2556         2.9498        -1.2390
     51.2514         2.9496        -1.2390
     51.2497         2.9494        -1.2390
     51.2457         2.9492        -1.2390
     51.2438         2.9491        -1.2390
     51.2396         2.9489        -1.2390
     51.2375         2.9487        -1.2390
     51.2335         2.9485        -1.2390
     51.2316         2.9483        -1.2390
     51.2274         2.9481        -1.2390
     51.2254         2.9479        -1.2390
     51.2211         2.9477        -1.2390
     51.2191         2.9475        -1.2390
     51.2149         2.9473        -1.2390
     51.2128         2.9471        -1.2390
     51.2087         2.9469        -1.2390
     51.2070         2.9468        -1.2390
     51.2030         2.9466        -1.2390
     51.2009         2.9464        -1.2390
     51.1967         2.9462        -1.2390
     51.1950         2.9460        -1.2390
     51.1908         2.9458        -1.2390
     51.1888         2.9456        -1.2390
     51.1846         2.9454        -1.2390
     51.1827         2.9452        -1.2390
     51.1787         2.9451        -1.2390
     51.1767         2.9449        -1.2390
     51.1724         2.9447        -1.2390
     51.1706         2.9445        -1.2390
     51.1664         2.9443        -1.2390
     51.1646         2.9441        -1.2383
     52.0011         2.9439        -1.2383
     51.9990         2.9438        -1.2383
     51.9949         2.9436        -1.2383
     51.9927         2.9434        -1.2383
     51.9887         2.9432        -1.2383
     51.9863         2.9430        -1.2383
     51.9821         2.9428        -1.2383
     51.9800         2.9426        -1.2383
     51.9759         2.9424        -1.2383
     51.9737         2.9422        -1.2383
     51.9697         2.9420        -1.2383
     51.9678         2.9418        -1.2383
     51.9635         2.9417        -1.2383
     51.9614         2.9415        -1.2383
     51.9573         2.9413        -1.2383
     51.9549         2.9411        -1.2383
     51.9510         2.9409        -1.2383
     51.9490         2.9407        -1.2383
     51.9449         2.9405        -1.2383
     51.9427         2.9403        -1.2383
     51.9386         2.9402        -1.2383
     51.9368         2.9400        -1.2383
     51.9327         2.9398        -1.2383
     51.9306         2.9396        -1.2383
     51.9268         2.9394        -1.2383
     51.9248         2.9392        -1.2383
     51.9209         2.9390        -1.2383
     51.9184         2.9389        -1.2383
     51.9145         2.9387        -1.2383
     51.9124         2.9385        -1.2383
     51.9084         2.9383        -1.2383
     51.9061         2.9381        -1.2383
     51.9019         2.9379        -1.2383
     51.8998         2.9377        -1.2383
     51.8959         2.9376        -1.2383
     51.8937         2.9374        -1.2383
     51.8897         2.9372        -1.2383
     51.8876         2.9370        -1.2383
     51.8835         2.9368        -1.2383
     51.8811         2.9367        -1.2383
     51.8774         2.9365        -1.2383
     51.8753         2.9363        -1.2383
     51.8713         2.9361        -1.2383
     51.8691         2.9359        -1.2383
     51.8650         2.9357        -1.2383
     51.8630         2.9356        -1.2383
     51.8590         2.9354        -1.2383
     51.8569         2.9352        -1.2383
     51.8529         2.9350        -1.2383
     51.8507         2.9348        -1.2366
     52.5171         2.9347        -1.2366
     52.5134         2.9345        -1.2366
     52.5100         2.9343        -1.2366
     52.5071         2.9341        -1.2366
     52.5040         2.9339        -1.2366
     52.5013         2.9338        -1.2366
     52.4978         2.9336        -1.2366
     52.4949         2.9334        -1.2366
     52.4915         2.9332        -1.2366
     52.4888         2.9330        -1.2366
     52.4853         2.9328        -1.2366
     52.4825         2.9327        -1.2366
     52.4790         2.9325        -1.2366
     52.4763         2.9323        -1.2366
     52.4728         2.9321        -1.2366
     52.4699         2.9319        -1.2366
     52.4664         2.9318        -1.2366
     52.4637         2.9316        -1.2366
     52.4604         2.9314        -1.2366
     52.4577         2.9312        -1.2366
     52.4543         2.9310        -1.2366
     52.4516         2.9309        -1.2366
     52.4483         2.9307        -1.2366
     52.4454         2.9305        -1.2366
     52.4421         2.9303        -1.2366
     52.4392         2.9301        -1.2366
     52.4358         2.9300        -1.2366
     52.4328         2.9298        -1.2366
     52.4295         2.9296        -1.2366
     52.4267         2.9294        -1.2366
     52.4234         2.9293        -1.2366
     52.4206         2.9291        -1.2366
     52.4172         2.9289        -1.2366
     52.4144         2.9287        -1.2366
     52.4111         2.9286        -1.2366
     52.4082         2.9284        -1.2366
     52.4022         2.9282        -1.2366
     52.3991         2.9280        -1.2366
     52.3957         2.9279        -1.2366
     52.3928         2.9277        -1.2366
     52.3900         2.9275        -1.2366
     52.3869         2.9273        -1.2366
     52.3831         2.9272        -1.2366
     52.3804         2.9270        -1.2366
     52.3773         2.9268        -1.2366
     52.3691         2.9266        -1.2366
     52.3662         2.9265        -1.2366
     52.3632         2.9263        -1.2366
     52.3595         2.9261        -1.2366
     52.3569         2.9259        -1.2345
     52.8391         2.9258        -1.2345
     52.8359         2.9256        -1.2345
     52.8328         2.9254        -1.2345
     52.8299         2.9252        -1.2345
     52.8267         2.9251        -1.2345
     52.8234         2.9249        -1.2345
     52.8207         2.9247        -1.2345
     52.8173         2.9245        -1.2345
     52.8142         2.9244        -1.2345
     52.8113         2.9242        -1.2345
     52.8084         2.9240        -1.2345
     52.8050         2.9239        -1.2345
     52.8021         2.9237        -1.2345
     52.7989         2.9235        -1.2345
     52.7956         2.9233        -1.2345
     52.7926         2.9232        -1.2345
     52.7894         2.9230        -1.2345
     52.7859         2.9228        -1.2345
     52.7831         2.9226        -1.2345
     52.7799         2.9225        -1.2345
     52.7767         2.9223        -1.2345
     52.7737         2.9221        -1.2345
     52.7706         2.9220        -1.2345
     52.7673         2.9218        -1.2345
     52.7643         2.9216        -1.2345
     52.7613         2.9215        -1.2345
     52.7579         2.9213        -1.2345
     52.7552         2.9211        -1.2345
     52.7521         2.9209        -1.2345
     52.7485         2.9208        -1.2345
     52.7458         2.9206        -1.2345
     52.7426         2.9204        -1.2345
     52.7392         2.9203        -1.2345
     52.7364         2.9201        -1.2345
     52.7331         2.9199        -1.2345
     52.7299         2.9198        -1.2345
     52.7270         2.9196        -1.2345
     52.7238         2.9194        -1.2345
     52.7208         2.9193        -1.2345
     52.7179         2.9191        -1.2345
     52.7143         2.9189        -1.2345
     52.7112         2.9188        -1.2345
     52.7084         2.9186        -1.2345
     52.7051         2.9184        -1.2345
     52.7019         2.9183        -1.2345
     52.6992         2.9181        -1.2345
     52.6958         2.9179        -1.2345
     52.6926         2.9178        -1.2345
     52.6902         2.9176        -1.2345
     52.6868         2.9175        -1.2316
     53.0581         2.9173        -1.2316
     53.0550         2.9171        -1.2316
     53.0519         2.9170        -1.2316
     53.0488         2.9168        -1.2316
     53.0457         2.9166        -1.2316
     53.0426         2.9165        -1.2316
     53.0393         2.9163        -1.2316
     53.0365         2.9161        -1.2316
     53.0333         2.9160        -1.2316
     53.0300         2.9158        -1.2316
     53.0270         2.9156        -1.2316
     53.0239         2.9155        -1.2316
     53.0205         2.9153        -1.2316
     53.0181         2.9151        -1.2316
     53.0147         2.9150        -1.2316
     53.0114         2.9148        -1.2316
     53.0084         2.9147        -1.2316
     53.0052         2.9145        -1.2316
     53.0020         2.9143        -1.2316
     52.9992         2.9142        -1.2316
     52.9958         2.9140        -1.2316
     52.9926         2.9138        -1.2316
     52.9898         2.9137        -1.2316
     52.9867         2.9135        -1.2316
     52.9832         2.9134        -1.2316
     52.9805         2.9132        -1.2316
     52.9775         2.9130        -1.2316
     52.9742         2.9129        -1.2316
     52.9712         2.9127        -1.2316
     52.9682         2.9126        -1.2316
     52.9652         2.9124        -1.2316
     52.9624         2.9122        -1.2316
     52.9593         2.9121        -1.2316
     52.9560         2.9119        -1.2316
     52.9532         2.9118        -1.2316
     52.9498         2.9116        -1.2316
     52.9467         2.9114        -1.2316
     52.9438         2.9113        -1.2316
     52.9409         2.9111        -1.2316
     52.9376         2.9110        -1.2316
     52.9345         2.9108        -1.2316
     52.9314         2.9107        -1.2316
     52.9280         2.9105        -1.2316
     52.9253         2.9103        -1.2316
     52.9220         2.9102        -1.2316
     52.9188         2.9100        -1.2316
     52.9159         2.9099        -1.2316
     52.9125         2.9097        -1.2316
     52.9092         2.9096        -1.2316
     52.9062         2.9094        -1.2284
     53.1611         2.9093        -1.2284
     53.1577         2.9091        -1.2284
     53.1550         2.9089        -1.2284
     53.1520         2.9088        -1.2284
     53.1485         2.9086        -1.2284
     53.1456         2.9085        -1.2284
     53.1427         2.9083        -1.2284
     53.1395         2.9082        -1.2284
     53.1363         2.9080        -1.2284
     53.1331         2.9079        -1.2284
     53.1298         2.9077        -1.2284
     53.1269         2.9075        -1.2284
     53.1239         2.9074        -1.2284
     53.1208         2.9072        -1.2284
     53.1180         2.9071        -1.2284
     53.1150         2.9069        -1.2284
     53.1117         2.9068        -1.2284
     53.1086         2.9066        -1.2284
     53.1056         2.9065        -1.2284
     53.1021         2.9063        -1.2284
     53.0993         2.9062        -1.2284
     53.0961         2.9060        -1.2284
     53.0928         2.9059        -1.2284
     53.0896         2.9057        -1.2284
     53.0865         2.9055        -1.2284
     53.0833         2.9054        -1.2284
     53.0803         2.9052        -1.2284
     53.0772         2.9051        -1.2284
     53.0740         2.9049        -1.2284
     53.0711         2.9048        -1.2284
     53.0678         2.9046        -1.2284
     53.0645         2.9045        -1.2284
     53.0620         2.9043        -1.2284
     53.0589         2.9042        -1.2284
     53.0554         2.9040        -1.2284
     53.0526         2.9039        -1.2284
     53.0497         2.9037        -1.2284
     53.0463         2.9036        -1.2284
     53.0434         2.9034        -1.2284
     53.0403         2.9033        -1.2284
     53.0373         2.9031        -1.2284
     53.0343         2.9030        -1.2284
     53.0313         2.9028        -1.2284
     53.0283         2.9027        -1.2284
     53.0255         2.9025        -1.2284
     53.0225         2.9024        -1.2284
     53.0192         2.9023        -1.2284
     53.0163         2.9021        -1.2284
     53.0133         2.9020        -1.2284
     53.0099         2.9018        -1.2249
     53.1479         2.9017        -1.2249
     53.1447         2.9015        -1.2249
     53.1416         2.9014        -1.2249
     53.1386         2.9012        -1.2249
     53.1355         2.9011        -1.2249
     53.1320         2.9009        -1.2249
     53.1295         2.9008        -1.2249
     53.1265         2.9006        -1.2249
     53.1233         2.9005        -1.2249
     53.1204         2.9003        -1.2249
     53.1171         2.9002        -1.2249
     53.1139         2.9001        -1.2249
     53.1108         2.8999        -1.2249
     53.1077         2.8998        -1.2249
     53.1043         2.8996        -1.2249
     53.1012         2.8995        -1.2249
     53.0981         2.8993        -1.2249
     53.0948         2.8992        -1.2249
     53.0920         2.8990        -1.2249
     53.0890         2.8989        -1.2249
     53.0857         2.8988        -1.2249
     53.0830         2.8986        -1.2249
     53.0798         2.8985        -1.2249
     53.0765         2.8983        -1.2249
     53.0740         2.8982        -1.2249
     53.0711         2.8980        -1.2249
     53.0678         2.8979        -1.2249
     53.0649         2.8978        -1.2249
     53.0619         2.8976        -1.2249
     53.0586         2.8975        -1.2249
     53.0559         2.8973        -1.2249
     53.0527         2.8972        -1.2249
     53.0495         2.8970        -1.2249
     53.0465         2.8969        -1.2249
     53.0422         2.8968        -1.2249
     53.0389         2.8966        -1.2249
     53.0363         2.8965        -1.2249
     53.0334         2.8963        -1.2249
     53.0299         2.8962        -1.2249
     53.0270         2.8961        -1.2249
     53.0222         2.8959        -1.2249
     53.0194         2.8958        -1.2249
     53.0164         2.8956        -1.2249
     53.0132         2.8955        -1.2249
     53.0101         2.8954        -1.2249
     53.0071         2.8952        -1.2249
     53.0041         2.8951        -1.2249
     53.0012         2.8950        -1.2249
     52.9981         2.8948        -1.2249
     52.9953         2.8947        -1.2212
     53.0472         2.8945        -1.2212
     53.0446         2.8944        -1.2212
     53.0415         2.8943        -1.2212
     53.0384         2.8941        -1.2212
     53.0357         2.8940        -1.2212
     53.0326         2.8939        -1.2212
     53.0294         2.8937        -1.2212
     53.0266         2.8936        -1.2212
     53.0236         2.8934        -1.2212
     53.0203         2.8933        -1.2212
     53.0174         2.8932        -1.2212
     53.0144         2.8930        -1.2212
     53.0110         2.8929        -1.2212
     53.0082         2.8928        -1.2212
     53.0052         2.8926        -1.2212
     53.0021         2.8925        -1.2212
     52.9991         2.8923        -1.2212
     52.9960         2.8922        -1.2212
     52.9934         2.8921        -1.2212
     52.9901         2.8919        -1.2212
     52.9871         2.8918        -1.2212
     52.9837         2.8917        -1.2212
     52.9810         2.8915        -1.2212
     52.9778         2.8914        -1.2212
     52.9752         2.8913        -1.2212
     52.9720         2.8911        -1.2212
     52.9693         2.8910        -1.2212
     52.9659         2.8909        -1.2212
     52.9632         2.8907        -1.2212
     52.9599         2.8906        -1.2212
     52.9572         2.8905        -1.2212
     52.9539         2.8903        -1.2212
     52.9510         2.8902        -1.2212
     52.9477         2.8901        -1.2212
     52.9449         2.8899        -1.2212
     52.9416         2.8898        -1.2212
     52.9388         2.8897        -1.2212
     52.9357         2.8895        -1.2212
     52.9330         2.8894        -1.2212
     52.9298         2.8893        -1.2212
     52.9206         2.8892        -1.2212
     52.9173         2.8890        -1.2212
     52.9145         2.8889        -1.2212
     52.9112         2.8888        -1.2212
     52.9085         2.8886        -1.2212
     52.9054         2.8885        -1.2212
     52.9025         2.8884        -1.2212
     52.8993         2.8882        -1.2212
     52.8965         2.8881        -1.2212
     52.8931         2.8880        -1.2174
     52.8810         2.8879        -1.2174
     52.8778         2.8877        -1.2174
     52.8749         2.8876        -1.2174
     52.8720         2.8875        -1.2174
     52.8692         2.8873        -1.2174
     52.8657         2.8872        -1.2174
     52.8631         2.8871        -1.2174
     52.8600         2.8869        -1.2174
     52.8570         2.8868        -1.2174
     52.8538         2.8867        -1.2174
     52.8512         2.8866        -1.2174
     52.8479         2.8864        -1.2174
     52.8451         2.8863        -1.2174
     52.8420         2.8862        -1.2174
     52.8392         2.8860        -1.2174
     52.8361         2.8859        -1.2174
     52.8331         2.8858        -1.2174
     52.8298         2.8857        -1.2174
     52.8268         2.8855        -1.2174
     52.8236         2.8854        -1.2174
     52.8208         2.8853        -1.2174
     52.8178         2.8851        -1.2174
     52.8148         2.8850        -1.2174
     52.8116         2.8849        -1.2174
     52.8088         2.8848        -1.2174
     52.8057         2.8846        -1.2174
     52.8029         2.8845        -1.2174
     52.7999         2.8844        -1.2174
     52.7970         2.8843        -1.2174
     52.7939         2.8841        -1.2174
     52.7911         2.8840        -1.2174
     52.7882         2.8839        -1.2174
     52.7854         2.8838        -1.2174
     52.7823         2.8836        -1.2174
     52.7791         2.8835        -1.2174
     52.7762         2.8834        -1.2174
     52.7733         2.8833        -1.2174
     52.7701         2.8831        -1.2174
     52.7674         2.8830        -1.2174
     52.7641         2.8829        -1.2174
     52.7611         2.8828        -1.2174
     52.7581         2.8827        -1.2174
     52.7552         2.8825        -1.2174
     52.7520         2.8824        -1.2174
     52.7491         2.8823        -1.2174
     52.7461         2.8822        -1.2174
     52.7433         2.8820        -1.2174
     52.7403         2.8819        -1.2174
     52.7375         2.8818        -1.2174
     52.7347         2.8817        -1.2136
     52.6508         2.8815        -1.2136
     52.6476         2.8814        -1.2136
     52.6448         2.8813        -1.2136
     52.6418         2.8812        -1.2136
     52.6389         2.8811        -1.2136
     52.6355         2.8809        -1.2136
     52.6325         2.8808        -1.2136
     52.6292         2.8807        -1.2136
     52.6265         2.8806        -1.2136
     52.6233         2.8805        -1.2136
     52.6206         2.8803        -1.2136
     52.6177         2.8802        -1.2136
     52.6148         2.8801        -1.2136
     52.6115         2.8800        -1.2136
     52.6088         2.8798        -1.2136
     52.6058         2.8797        -1.2136
     52.6027         2.8796        -1.2136
     52.5994         2.8795        -1.2136
     52.5969         2.8794        -1.2136
     52.5939         2.8792        -1.2136
     52.5911         2.8791        -1.2136
     52.5879         2.8790        -1.2136
     52.5851         2.8789        -1.2136
     52.5819         2.8788        -1.2136
     52.5788         2.8787        -1.2136
     52.5757         2.8785        -1.2136
     52.5730         2.8784        -1.2136
     52.5698         2.8783        -1.2136
     52.5672         2.8782        -1.2136
     52.5637         2.8781        -1.2136
     52.5611         2.8779        -1.2136
     52.5579         2.8778        -1.2136
     52.5552         2.8777        -1.2136
     52.5524         2.8776        -1.2136
     52.5497         2.8775        -1.2136
     52.5467         2.8774        -1.2136
     52.5439         2.8772        -1.2136
     52.5410         2.8771        -1.2136
     52.5381         2.8770        -1.2136
     52.5348         2.8769        -1.2136
     52.5320         2.8768        -1.2136
     52.5287         2.8767        -1.2136
     52.5256         2.8765        -1.2136
     52.5228         2.8764        -1.2136
     52.5199         2.8763        -1.2136
     52.5167         2.8762        -1.2136
     52.5143         2.8761        -1.2136
     52.5111         2.8760        -1.2136
     52.5085         2.8759        -1.2136
     52.5054         2.8757        -1.2098
     52.3647         2.8756        -1.2098
     52.3615         2.8755        -1.2098
     52.3589         2.8754        -1.2098
     52.3558         2.8753        -1.2098
     52.3532         2.8752        -1.2098
     52.3503         2.8751        -1.2098
     52.3476         2.8749        -1.2098
     52.3444         2.8748        -1.2098
     52.3419         2.8747        -1.2098
     52.3386         2.8746        -1.2098
     52.3360         2.8745        -1.2098
     52.3328         2.8744        -1.2098
     52.3298         2.8743        -1.2098
     52.3266         2.8741        -1.2098
     52.3239         2.8740        -1.2098
     52.3208         2.8739        -1.2098
     52.3179         2.8738        -1.2098
     52.3149         2.8737        -1.2098
     52.3121         2.8736        -1.2098
     52.3090         2.8735        -1.2098
     52.3065         2.8734        -1.2098
     52.3033         2.8732        -1.2098
     52.3007         2.8731        -1.2098
     52.2977         2.8730        -1.2098
     52.2950         2.8729        -1.2098
     52.2920         2.8728        -1.2098
     52.2890         2.8727        -1.2098
     52.2859         2.8726        -1.2098
     52.2832         2.8725        -1.2098
     52.2803         2.8724        -1.2098
     52.2776         2.8722        -1.2098
     52.2748         2.8721        -1.2098
     52.2721         2.8720        -1.2098
     52.2691         2.8719        -1.2098
     52.2659         2.8718        -1.2098
     52.2631         2.8717        -1.2098
     52.2601         2.8716        -1.2098
     52.2571         2.8715        -1.2098
     52.2540         2.8714        -1.2098
     52.2512         2.8713        -1.2098
     52.2483         2.8712        -1.2098
     52.2453         2.8710        -1.2098
     52.2425         2.8709        -1.2098
     52.2398         2.8708        -1.2098
     52.2369         2.8707        -1.2098
     52.2337         2.8706        -1.2098
     52.2311         2.8705        -1.2098
     52.2283         2.8704        -1.2098
     52.2254         2.8703        -1.2098
     52.2226         2.8702        -1.2059
     52.0493         2.8701        -1.2059
     52.0463         2.8700        -1.2059
     52.0433         2.8699        -1.2059
     52.0405         2.8698        -1.2059
     52.0376         2.8696        -1.2059
     52.0348         2.8695        -1.2059
     52.0318         2.8694        -1.2059
     52.0290         2.8693        -1.2059
     52.0263         2.8692        -1.2059
     52.0233         2.8691        -1.2059
     52.0202         2.8690        -1.2059
     52.0171         2.8689        -1.2059
     52.0142         2.8688        -1.2059
     52.0112         2.8687        -1.2059
     52.0085         2.8686        -1.2059
     52.0055         2.8685        -1.2059
     52.0027         2.8684        -1.2059
     51.9999         2.8683        -1.2059
     51.9970         2.8682        -1.2059
     51.9942         2.8681        -1.2059
     51.9913         2.8679        -1.2059
     51.9888         2.8678        -1.2059
     51.9859         2.8677        -1.2059
     51.9829         2.8676        -1.2059
     51.9802         2.8675        -1.2059
     51.9774         2.8674        -1.2059
     51.9744         2.8673        -1.2059
     51.9714         2.8672        -1.2059
     51.9687         2.8671        -1.2059
     51.9659         2.8670        -1.2059
     51.9629         2.8669        -1.2059
     51.9603         2.8668        -1.2059
     51.9574         2.8667        -1.2059
     51.9546         2.8666        -1.2059
     51.9518         2.8665        -1.2059
     51.9488         2.8664        -1.2059
     51.9460         2.8663        -1.2059
     51.9433         2.8662        -1.2059
     51.9404         2.8661        -1.2059
     51.9376         2.8660        -1.2059
     51.9347         2.8659        -1.2059
     51.9319         2.8658        -1.2059
     51.9290         2.8657        -1.2059
     51.9262         2.8656        -1.2059
     51.9233         2.8655        -1.2059
     51.9206         2.8654        -1.2059
     51.9180         2.8653        -1.2059
     51.9150         2.8652        -1.2059
     51.9122         2.8651        -1.2059
     51.9092         2.8650        -1.2022
     51.7003         2.8649        -1.2022
     51.6979         2.8648        -1.2022
     51.6949         2.8647        -1.2022
     51.6923         2.8646        -1.2022
     51.6892         2.8645        -1.2022
     51.6865         2.8644        -1.2022
     51.6836         2.8643        -1.2022
     51.6807         2.8642        -1.2022
     51.6776         2.8641        -1.2022
     51.6748         2.8640        -1.2022
     51.6720         2.8639        -1.2022
     51.6691         2.8638        -1.2022
     51.6663         2.8637        -1.2022
     51.6635         2.8636        -1.2022
     51.6608         2.8635        -1.2022
     51.6580         2.8634        -1.2022
     51.6551         2.8633        -1.2022
     51.6524         2.8632        -1.2022
     51.6494         2.8631        -1.2022
     51.6465         2.8630        -1.2022
     51.6437         2.8629        -1.2022
     51.6409         2.8628        -1.2022
     51.6383         2.8627        -1.2022
     51.6354         2.8626        -1.2022
     51.6327         2.8625        -1.2022
     51.6298         2.8624        -1.2022
     51.6272         2.8623        -1.2022
     51.6244         2.8622        -1.2022
     51.6216         2.8621        -1.2022
     51.6178         2.8620        -1.2022
     51.6151         2.8619        -1.2022
     51.6123         2.8618        -1.2022
     51.6094         2.8617        -1.2022
     51.6066         2.8616        -1.2022
     51.6037         2.8615        -1.2022
     51.6010         2.8614        -1.2022
     51.5982         2.8613        -1.2022
     51.5953         2.8613        -1.2022
     51.5926         2.8612        -1.2022
     51.5898         2.8611        -1.2022
     51.5872         2.8610        -1.2022
     51.5845         2.8609        -1.2022
     51.5815         2.8608        -1.2022
     51.5788         2.8607        -1.2022
     51.5758         2.8606        -1.2022
     51.5732         2.8605        -1.2022
     51.5706         2.8604        -1.2022
     51.5675         2.8603        -1.2022
     51.5647         2.8602        -1.2022
     51.5619         2.8601        -1.1985
     51.3345         2.8600        -1.1985
     51.3315         2.8599        -1.1985
     51.3287         2.8598        -1.1985
     51.3259         2.8597        -1.1985
     51.3231         2.8597        -1.1985
     51.3201         2.8596        -1.1985
     51.3168         2.8595        -1.1985
     51.3142         2.8594        -1.1985
     51.3105         2.8593        -1.1985
     51.3077         2.8592        -1.1985
     51.3039         2.8591        -1.1985
     51.3020         2.8590        -1.1985
     51.2990         2.8589        -1.1985
     51.2954         2.8588        -1.1985
     51.2937         2.8587        -1.1985
     51.2908         2.8586        -1.1985
     51.2871         2.8585        -1.1985
     51.2852         2.8584        -1.1985
     51.2822         2.8584        -1.1985
     51.2782         2.8583        -1.1985
     51.2765         2.8582        -1.1985
     51.2739         2.8581        -1.1985
     51.2702         2.8580        -1.1985
     51.2682         2.8579        -1.1985
     51.2653         2.8578        -1.1985
     51.2614         2.8577        -1.1985
     51.2596         2.8576        -1.1985
     51.2566         2.8575        -1.1985
     51.2530         2.8574        -1.1985
     51.2513         2.8574        -1.1985
     51.2486         2.8573        -1.1985
     51.2451         2.8572        -1.1985
     51.2434         2.8571        -1.1985
     51.2405         2.8570        -1.1985
     51.2367         2.8569        -1.1985
     51.2350         2.8568        -1.1985
     51.2324         2.8567        -1.1985
     51.2288         2.8566        -1.1985
     51.2272         2.8565        -1.1985
     51.2245         2.8565        -1.1985
     51.2206         2.8564        -1.1985
     51.2188         2.8563        -1.1985
     51.2161         2.8562        -1.1985
     51.2114         2.8561        -1.1985
     51.2105         2.8560        -1.1985
     51.2069         2.8559        -1.1985
     51.2042         2.8558        -1.1985
     51.2014         2.8557        -1.1985
     51.1996         2.8557        -1.1985
     51.1946         2.8556        -1.1949
     50.9617         2.8555        -1.1949
     50.9582         2.8554        -1.1949
     50.9557         2.8553        -1.1949
     50.9530         2.8552        -1.1949
     50.9510         2.8551        -1.1949
     50.9468         2.8550        -1.1949
     50.9457         2.8550        -1.1949
     50.9422         2.8549        -1.1949
     50.9354         2.8548        -1.1949
     50.9324         2.8547        -1.1949
     50.9304         2.8546        -1.1949
     50.9260         2.8545        -1.1949
     50.9250         2.8544        -1.1949
     50.9215         2.8543        -1.1949
     50.9187         2.8543        -1.1949
     50.9160         2.8542        -1.1949
     50.9141         2.8541        -1.1949
     50.9096         2.8540        -1.1949
     50.9084         2.8539        -1.1949
     50.9050         2.8538        -1.1949
     50.9021         2.8537        -1.1949
     50.8993         2.8537        -1.1949
     50.8975         2.8536        -1.1949
     50.8931         2.8535        -1.1949
     50.8918         2.8534        -1.1949
     50.8885         2.8533        -1.1949
     50.8860         2.8532        -1.1949
     50.8829         2.8531        -1.1949
     50.8810         2.8531        -1.1949
     50.8769         2.8530        -1.1949
     50.8757         2.8529        -1.1949
     50.8721         2.8528        -1.1949
     50.8694         2.8527        -1.1949
     50.8667         2.8526        -1.1949
     50.8646         2.8525        -1.1949
     50.8551         2.8525        -1.1949
     50.8542         2.8524        -1.1949
     50.8506         2.8523        -1.1949
     50.8479         2.8522        -1.1949
     50.8452         2.8521        -1.1949
     50.8434         2.8520        -1.1949
     50.8391         2.8520        -1.1949
     50.8351         2.8519        -1.1949
     50.8314         2.8518        -1.1949
     50.8288         2.8517        -1.1949
     50.8262         2.8516        -1.1949
     50.8245         2.8515        -1.1949
     50.8205         2.8515        -1.1949
     50.8192         2.8514        -1.1949
     50.8156         2.8513        -1.1915
     50.5714         2.8512        -1.1915
     50.5687         2.8511        -1.1915
     50.5667         2.8510        -1.1915
     50.5626         2.8510        -1.1915
     50.5613         2.8509        -1.1915
     50.5581         2.8508        -1.1915
     50.5553         2.8507        -1.1915
     50.5526         2.8506        -1.1915
     50.5505         2.8506        -1.1915
     50.5467         2.8505        -1.1915
     50.5455         2.8504        -1.1915
     50.5422         2.8503        -1.1915
     50.5396         2.8502        -1.1915
     50.5369         2.8501        -1.1915
     50.5347         2.8501        -1.1915
     50.5308         2.8500        -1.1915
     50.5294         2.8499        -1.1915
     50.5260         2.8498        -1.1915
     50.5233         2.8497        -1.1915
     50.5206         2.8497        -1.1915
     50.5186         2.8496        -1.1915
     50.5148         2.8495        -1.1915
     50.5133         2.8494        -1.1915
     50.5098         2.8493        -1.1915
     50.5071         2.8493        -1.1915
     50.5044         2.8492        -1.1915
     50.5023         2.8491        -1.1915
     50.4983         2.8490        -1.1915
     50.4970         2.8489        -1.1915
     50.4938         2.8489        -1.1915
     50.4911         2.8488        -1.1915
     50.4884         2.8487        -1.1915
     50.4864         2.8486        -1.1915
     50.4824         2.8485        -1.1915
     50.4805         2.8485        -1.1915
     50.4787         2.8484        -1.1915
     50.4748         2.8483        -1.1915
     50.4728         2.8482        -1.1915
     50.4703         2.8481        -1.1915
     50.4671         2.8481        -1.1915
     50.4652         2.8480        -1.1915
     50.4625         2.8479        -1.1915
     50.4591         2.8478        -1.1915
     50.4570         2.8478        -1.1915
     50.4545         2.8477        -1.1915
     50.4512         2.8476        -1.1915
     50.4463         2.8475        -1.1915
     50.4435         2.8474        -1.1915
     50.4400         2.8474        -1.1915
     50.4380         2.8473        -1.1881
     50.1981         2.8472        -1.1881
     50.1951         2.8471        -1.1881
     50.1930         2.8471        -1.1881
     50.1902         2.8470        -1.1881
     50.1876         2.8469        -1.1881
     50.1842         2.8468        -1.1881
     50.1821         2.8468        -1.1881
     50.1795         2.8467        -1.1881
     50.1766         2.8466        -1.1881
     50.1732         2.8465        -1.1881
     50.1712         2.8464        -1.1881
     50.1684         2.8464        -1.1881
     50.1659         2.8463        -1.1881
     50.1630         2.8462        -1.1881
     50.1610         2.8461        -1.1881
     50.1583         2.8461        -1.1881
     50.1557         2.8460        -1.1881
     50.1525         2.8459        -1.1881
     50.1505         2.8458        -1.1881
     50.1479         2.8458        -1.1881
     50.1453         2.8457        -1.1881
     50.1420         2.8456        -1.1881
     50.1399         2.8455        -1.1881
     50.1374         2.8455        -1.1881
     50.1347         2.8454        -1.1881
     50.1317         2.8453        -1.1881
     50.1297         2.8452        -1.1881
     50.1268         2.8452        -1.1881
     50.1242         2.8451        -1.1881
     50.1211         2.8450        -1.1881
     50.1189         2.8449        -1.1881
     50.1164         2.8449        -1.1881
     50.1132         2.8448        -1.1881
     50.1111         2.8447        -1.1881
     50.1086         2.8446        -1.1881
     50.1053         2.8446        -1.1881
     50.1033         2.8445        -1.1881
     50.1006         2.8444        -1.1881
     50.0976         2.8444        -1.1881
     50.0955         2.8443        -1.1881
     50.0928         2.8442        -1.1881
     50.0897         2.8441        -1.1881
     50.0878         2.8441        -1.1881
     50.0849         2.8440        -1.1881
     50.0817         2.8439        -1.1881
     50.0799         2.8438        -1.1881
     50.0773         2.8438        -1.1881
     50.0742         2.8437        -1.1881
     50.0722         2.8436        -1.1881
     50.0696         2.8436        -1.1849
     49.8230         2.8435        -1.1849
     49.8206         2.8434        -1.1849
     49.8180         2.8433        -1.1849
     49.8154         2.8433        -1.1849
     49.8127         2.8432        -1.1849
     49.8094         2.8431        -1.1849
     49.8072         2.8431        -1.1849
     49.8062         2.8430        -1.1849
     49.8036         2.8429        -1.1849
     49.8012         2.8428        -1.1849
     49.7982         2.8428        -1.1849
     49.7959         2.8427        -1.1849
     49.7914         2.8426        -1.1849
     49.7888         2.8426        -1.1849
     49.7864         2.8425        -1.1849
     49.7833         2.8424        -1.1849
     49.7809         2.8423        -1.1849
     49.7783         2.8423        -1.1849
     49.7757         2.8422        -1.1849
     49.7730         2.8421        -1.1849
     49.7702         2.8421        -1.1849
     49.7682         2.8420        -1.1849
     49.7656         2.8419        -1.1849
     49.7631         2.8418        -1.1849
     49.7604         2.8418        -1.1849
     49.7573         2.8417        -1.1849
     49.7552         2.8416        -1.1849
     49.7527         2.8416        -1.1849
     49.7500         2.8415        -1.1849
     49.7474         2.8414        -1.1849
     49.7443         2.8414        -1.1849
     49.7424         2.8413        -1.1849
     49.7399         2.8412        -1.1849
     49.7373         2.8412        -1.1849
     49.7344         2.8411        -1.1849
     49.7323         2.8410        -1.1849
     49.7297         2.8409        -1.1849
     49.7274         2.8409        -1.1849
     49.7243         2.8408        -1.1849
     49.7222         2.8407        -1.1849
     49.7196         2.8407        -1.1849
     49.7171         2.8406        -1.1849
     49.7141         2.8405        -1.1849
     49.7119         2.8405        -1.1849
     49.7094         2.8404        -1.1849
     49.7068         2.8403        -1.1849
     49.7039         2.8403        -1.1849
     49.7017         2.8402        -1.1849
     49.6990         2.8401        -1.1849
     49.6964         2.8401        -1.1819
     49.4396         2.8400        -1.1819
     49.4373         2.8399        -1.1819
     49.4349         2.8399        -1.1819
     49.4325         2.8398        -1.1819
     49.4299         2.8397        -1.1819
     49.4274         2.8397        -1.1819
     49.4247         2.8396        -1.1819
     49.4222         2.8395        -1.1819
     49.4197         2.8395        -1.1819
     49.4170         2.8394        -1.1819
     49.4144         2.8393        -1.1819
     49.4119         2.8393        -1.1819
     49.4095         2.8392        -1.1819
     49.4071         2.8391        -1.1819
     49.4044         2.8391        -1.1819
     49.4017         2.8390        -1.1819
     49.3991         2.8389        -1.1819
     49.3966         2.8389        -1.1819
     49.3942         2.8388        -1.1819
     49.3917         2.8387        -1.1819
     49.3892         2.8387        -1.1819
     49.3867         2.8386        -1.1819
     49.3842         2.8385        -1.1819
     49.3816         2.8385        -1.1819
     49.3789         2.8384        -1.1819
     49.3765         2.8383        -1.1819
     49.3740         2.8383        -1.1819
     49.3717         2.8382        -1.1819
     49.3691         2.8382        -1.1819
     49.3663         2.8381        -1.1819
     49.3639         2.8380        -1.1819
     49.3613         2.8380        -1.1819
     49.3588         2.8379        -1.1819
     49.3562         2.8378        -1.1819
     49.3536         2.8378        -1.1819
     49.3512         2.8377        -1.1819
     49.3474         2.8376        -1.1819
     49.3448         2.8376        -1.1819
     49.3422         2.8375        -1.1819
     49.3398         2.8374        -1.1819
     49.3374         2.8374        -1.1819
     49.3346         2.8373        -1.1819
     49.3321         2.8373        -1.1819
     49.3295         2.8372        -1.1819
     49.3271         2.8371        -1.1819
     49.3244         2.8371        -1.1819
     49.3219         2.8370        -1.1819
     49.3194         2.8369        -1.1819
     49.3171         2.8369        -1.1819
     49.3145         2.8368        -1.1791
     49.0548         2.8368        -1.1791
     49.0521         2.8367        -1.1791
     49.0496         2.8366        -1.1791
     49.0473         2.8366        -1.1791
     49.0448         2.8365        -1.1791
     49.0424         2.8364        -1.1791
     49.0398         2.8364        -1.1791
     49.0373         2.8363        -1.1791
     49.0348         2.8363        -1.1791
     49.0322         2.8362        -1.1791
     49.0299         2.8361        -1.1791
     49.0273         2.8361        -1.1791
     49.0248         2.8360        -1.1791
     49.0224         2.8359        -1.1791
     49.0199         2.8359        -1.1791
     49.0174         2.8358        -1.1791
     49.0147         2.8358        -1.1791
     49.0123         2.8357        -1.1791
     49.0098         2.8356        -1.1791
     49.0072         2.8356        -1.1791
     49.0046         2.8355        -1.1791
     49.0020         2.8355        -1.1791
     48.9996         2.8354        -1.1791
     48.9969         2.8353        -1.1791
     48.9946         2.8353        -1.1791
     48.9922         2.8352        -1.1791
     48.9899         2.8352        -1.1791
     48.9877         2.8351        -1.1791
     48.9852         2.8350        -1.1791
     48.9828         2.8350        -1.1791
     48.9802         2.8349        -1.1791
     48.9777         2.8348        -1.1791
     48.9751         2.8348        -1.1791
     48.9725         2.8347        -1.1791
     48.9701         2.8347        -1.1791
     48.9676         2.8346        -1.1791
     48.9650         2.8346        -1.1791
     48.9624         2.8345        -1.1791
     48.9600         2.8344        -1.1791
     48.9573         2.8344        -1.1791
     48.9548         2.8343        -1.1791
     48.9523         2.8343        -1.1791
     48.9498         2.8342        -1.1791
     48.9477         2.8341        -1.1791
     48.9453         2.8341        -1.1791
     48.9428         2.8340        -1.1791
     48.9402         2.8340        -1.1791
     48.9377         2.8339        -1.1791
     48.9351         2.8339        -1.1791
     48.9327         2.8338        -1.1764
     48.6645         2.8337        -1.1764
     48.6619         2.8337        -1.1764
     48.6596         2.8336        -1.1764
     48.6572         2.8336        -1.1764
     48.6547         2.8335        -1.1764
     48.6522         2.8334        -1.1764
     48.6497         2.8334        -1.1764
     48.6472         2.8333        -1.1764
     48.6447         2.8333        -1.1764
     48.6423         2.8332        -1.1764
     48.6399         2.8332        -1.1764
     48.6375         2.8331        -1.1764
     48.6352         2.8330        -1.1764
     48.6326         2.8330        -1.1764
     48.6303         2.8329        -1.1764
     48.6278         2.8329        -1.1764
     48.6253         2.8328        -1.1764
     48.6227         2.8328        -1.1764
     48.6202         2.8327        -1.1764
     48.6176         2.8326        -1.1764
     48.6152         2.8326        -1.1764
     48.6128         2.8325        -1.1764
     48.6106         2.8325        -1.1764
     48.6081         2.8324        -1.1764
     48.6055         2.8324        -1.1764
     48.6030         2.8323        -1.1764
     48.6007         2.8322        -1.1764
     48.5980         2.8322        -1.1764
     48.5955         2.8321        -1.1764
     48.5930         2.8321        -1.1764
     48.5909         2.8320        -1.1764
     48.5883         2.8320        -1.1764
     48.5861         2.8319        -1.1764
     48.5834         2.8319        -1.1764
     48.5812         2.8318        -1.1764
     48.5787         2.8317        -1.1764
     48.5762         2.8317        -1.1764
     48.5740         2.8316        -1.1764
     48.5715         2.8316        -1.1764
     48.5691         2.8315        -1.1764
     48.5669         2.8315        -1.1764
     48.5643         2.8314        -1.1764
     48.5619         2.8314        -1.1764
     48.5593         2.8313        -1.1764
     48.5566         2.8313        -1.1764
     48.5543         2.8312        -1.1764
     48.5502         2.8312        -1.1764
     48.5478         2.8311        -1.1764
     48.5454         2.8310        -1.1764
     48.5431         2.8310        -1.1740
     48.2871         2.8309        -1.1740
     48.2847         2.8309        -1.1740
     48.2822         2.8308        -1.1740
     48.2795         2.8308        -1.1740
     48.2770         2.8307        -1.1740
     48.2744         2.8307        -1.1740
     48.2722         2.8306        -1.1740
     48.2697         2.8306        -1.1740
     48.2674         2.8305        -1.1740
     48.2650         2.8305        -1.1740
     48.2627         2.8304        -1.1740
     48.2602         2.8303        -1.1740
     48.2579         2.8303        -1.1740
     48.2555         2.8302        -1.1740
     48.2533         2.8302        -1.1740
     48.2509         2.8301        -1.1740
     48.2484         2.8301        -1.1740
     48.2461         2.8300        -1.1740
     48.2436         2.8300        -1.1740
     48.2411         2.8299        -1.1740
     48.2385         2.8299        -1.1740
     48.2363         2.8298        -1.1740
     48.2341         2.8298        -1.1740
     48.2315         2.8297        -1.1740
     48.2292         2.8297        -1.1740
     48.2270         2.8296        -1.1740
     48.2245         2.8296        -1.1740
     48.2221         2.8295        -1.1740
     48.2198         2.8295        -1.1740
     48.2174         2.8294        -1.1740
     48.2151         2.8294        -1.1740
     48.2127         2.8293        -1.1740
     48.2102         2.8293        -1.1740
     48.2076         2.8292        -1.1740
     48.2053         2.8292        -1.1740
     48.2029         2.8291        -1.1740
     48.2003         2.8291        -1.1740
     48.1978         2.8290        -1.1740
     48.1956         2.8290        -1.1740
     48.1929         2.8289        -1.1740
     48.1907         2.8289        -1.1740
     48.1884         2.8288        -1.1740
     48.1860         2.8288        -1.1740
     48.1835         2.8287        -1.1740
     48.1810         2.8287        -1.1740
     48.1787         2.8286        -1.1740
     48.1761         2.8286        -1.1740
     48.1737         2.8285        -1.1740
     48.1714         2.8285        -1.1740
     48.1689         2.8284        -1.1719
     47.9260         2.8284        -1.1719
     47.9235         2.8283        -1.1719
     47.9213         2.8283        -1.1719
     47.9189         2.8282        -1.1719
     47.9165         2.8282        -1.1719
     47.9140         2.8281        -1.1719
     47.9117         2.8281        -1.1719
     47.9094         2.8280        -1.1719
     47.9070         2.8280        -1.1719
     47.9044         2.8279        -1.1719
     47.9021         2.8279        -1.1719
     47.8999         2.8278        -1.1719
     47.8975         2.8278        -1.1719
     47.8950         2.8277        -1.1719
     47.8928         2.8277        -1.1719
     47.8905         2.8276        -1.1719
     47.8881         2.8276        -1.1719
     47.8857         2.8275        -1.1719
     47.8832         2.8275        -1.1719
     47.8808         2.8274        -1.1719
     47.8783         2.8274        -1.1719
     47.8760         2.8273        -1.1719
     47.8737         2.8273        -1.1719
     47.8713         2.8272        -1.1719
     47.8690         2.8272        -1.1719
     47.8666         2.8271        -1.1719
     47.8642         2.8271        -1.1719
     47.8619         2.8270        -1.1719
     47.8595         2.8270        -1.1719
     47.8570         2.8269        -1.1719
     47.8547         2.8269        -1.1719
     47.8524         2.8269        -1.1719
     47.8502         2.8268        -1.1719
     47.8480         2.8268        -1.1719
     47.8456         2.8267        -1.1719
     47.8432         2.8267        -1.1719
     47.8411         2.8266        -1.1719
     47.8388         2.8266        -1.1719
     47.8361         2.8265        -1.1719
     47.8339         2.8265        -1.1719
     47.8314         2.8264        -1.1719
     47.8291         2.8264        -1.1719
     47.8266         2.8263        -1.1719
     47.8243         2.8263        -1.1719
     47.8220         2.8263        -1.1719
     47.8200         2.8262        -1.1719
     47.8174         2.8262        -1.1719
     47.8150         2.8261        -1.1719
     47.8123         2.8261        -1.1719
     47.8098         2.8260        -1.1700
     47.5909         2.8260        -1.1700
     47.5889         2.8259        -1.1700
     47.5865         2.8259        -1.1700
     47.5841         2.8258        -1.1700
     47.5818         2.8258        -1.1700
     47.5795         2.8258        -1.1700
     47.5770         2.8257        -1.1700
     47.5746         2.8257        -1.1700
     47.5722         2.8256        -1.1700
     47.5700         2.8256        -1.1700
     47.5677         2.8255        -1.1700
     47.5652         2.8255        -1.1700
     47.5628         2.8254        -1.1700
     47.5603         2.8254        -1.1700
     47.5579         2.8253        -1.1700
     47.5558         2.8253        -1.1700
     47.5531         2.8253        -1.1700
     47.5510         2.8252        -1.1700
     47.5487         2.8252        -1.1700
     47.5463         2.8251        -1.1700
     47.5440         2.8251        -1.1700
     47.5417         2.8250        -1.1700
     47.5394         2.8250        -1.1700
     47.5371         2.8249        -1.1700
     47.5347         2.8249        -1.1700
     47.5323         2.8249        -1.1700
     47.5299         2.8248        -1.1700
     47.5275         2.8248        -1.1700
     47.5250         2.8247        -1.1700
     47.5226         2.8247        -1.1700
     47.5205         2.8246        -1.1700
     47.5182         2.8246        -1.1700
     47.5158         2.8246        -1.1700
     47.5137         2.8245        -1.1700
     47.5115         2.8245        -1.1700
     47.5092         2.8244        -1.1700
     47.5067         2.8244        -1.1700
     47.5043         2.8243        -1.1700
     47.5020         2.8243        -1.1700
     47.4995         2.8243        -1.1700
     47.4882         2.8242        -1.1700
     47.4951         2.8242        -1.1700
     47.4837         2.8241        -1.1700
     47.4904         2.8241        -1.1700
     47.4788         2.8241        -1.1700
     47.4856         2.8240        -1.1700
     47.4741         2.8240        -1.1700
     47.4808         2.8239        -1.1700
     47.4697         2.8239        -1.1700
     47.4766         2.8238        -1.1682
     47.2794         2.8238        -1.1682
