        rmsthk      stdthk       rmsvel       stdvel       rmsdiv       stddiv       rmsusurf       stdusurf       vol
3.6879231930 18.1541767120 -16.1088905334 32.1193428040 0.0000000000 0.0000000000 13.9437055588 30.6557617188 13.7403049469
3.7071819305 18.0276508331 -16.0990104675 32.0634460449 0.0000000000 0.0000000000 13.9437055588 30.6557617188 13.7457656860
3.7237420082 17.9209880829 -16.0797119141 32.0234298706 0.0000000000 0.0000000000 13.9437055588 30.6557617188 13.7504615784
3.7388312817 17.8255481720 -16.0625267029 31.9893455505 0.0000000000 0.0000000000 13.9437055588 30.6557617188 13.7547397614
3.7530438900 17.7373409271 -16.0554981232 31.9514160156 0.0000000000 0.0000000000 13.9437055588 30.6557617188 13.7587699890
3.7666251659 17.6542186737 -16.0324249268 31.9295253754 0.0000000000 0.0000000000 13.9437055588 30.6557617188 13.7626218796
3.7798240185 17.5747966766 -16.0184001923 31.9018096924 0.0000000000 0.0000000000 13.9437055588 30.6557617188 13.7663640976
3.7927985191 17.4981765747 -16.0144329071 31.8673763275 0.0000000000 0.0000000000 13.9437055588 30.6557617188 13.7700424194
3.8055703640 17.4237937927 -15.9983243942 31.8422451019 0.0000000000 0.0000000000 13.9437055588 30.6557617188 13.7736654282
3.8182475567 17.3511905670 -15.9852581024 31.8164577484 0.0000000000 0.0000000000 13.9437055588 30.6557617188 13.7772588730
3.8309018612 17.2800388336 -15.9809150696 31.7839412689 0.0000000000 0.0000000000 13.9437055588 30.6557617188 13.7808465958
3.8435220718 17.2101135254 -15.9595718384 31.7657947540 0.0000000000 0.0000000000 13.9437055588 30.6557617188 13.7844257355
3.8561792374 17.1412258148 -15.9505357742 31.7379779816 0.0000000000 0.0000000000 13.9437055588 30.6557617188 13.7880134583
3.8689217567 17.0732269287 -15.9475221634 31.7053947449 0.0000000000 0.0000000000 13.9437055588 30.6557617188 13.7916269302
3.8817076683 17.0060691833 -15.9260044098 31.6872940063 0.0000000000 0.0000000000 13.9437055588 30.6557617188 13.7952528000
3.8946061134 16.9396381378 -15.9138708115 31.6616916656 0.0000000000 0.0000000000 13.9437055588 30.6557617188 13.7989110947
3.9076583385 16.8738803864 -15.9104194641 31.6288509369 0.0000000000 0.0000000000 13.9437055588 30.6557617188 13.8026123047
3.9208159447 16.8088092804 -15.8942184448 31.6058025360 0.0000000000 0.0000000000 13.9437055588 30.6557617188 13.8063440323
3.9341251850 16.7443809509 -15.8811836243 31.5801486969 0.0000000000 0.0000000000 13.9437055588 30.6557617188 13.8101177216
3.9476161003 16.6805915833 -15.8813123703 31.5421600342 0.0000000000 0.0000000000 13.9437055588 30.6557617188 13.8139419556
3.9612240791 16.6175079346 -15.8593759537 31.5231952667 0.0000000000 0.0000000000 13.9437055588 30.6557617188 13.8178014755
3.9750063419 16.5550994873 -15.8465986252 31.4966964722 0.0000000000 0.0000000000 13.9437055588 30.6557617188 13.8217105865
3.9889891148 16.4933948517 -15.8413190842 31.4628944397 0.0000000000 0.0000000000 13.9437055588 30.6557617188 13.8256750107
4.0031332970 16.4324417114 -15.8253746033 31.4378299713 0.0000000000 0.0000000000 13.9437055588 30.6557617188 13.8296852112
4.0174899101 16.3722362518 -15.8208675385 31.4065093994 0.0000000000 0.0000000000 13.9437055588 30.6557617188 13.8337564468
4.0320649147 16.3128528595 -15.8180227280 31.3709869385 0.0000000000 0.0000000000 13.9437055588 30.6557617188 13.8378887177
4.0467996597 16.2543869019 -15.7991552353 31.3503150940 0.0000000000 0.0000000000 13.9437055588 30.6557617188 13.8420677185
4.0617351532 16.1968669891 -15.7836132050 31.3231811523 0.0000000000 0.0000000000 13.9437055588 30.6557617188 13.8463029861
4.0769023895 16.1403160095 -15.7795639038 31.2874603271 0.0000000000 0.0000000000 13.9437055588 30.6557617188 13.8506021500
4.0922207832 16.0848865509 -15.7550048828 31.2670001984 0.0000000000 0.0000000000 13.9437055588 30.6557617188 13.8549461365
4.1077589989 16.0305881500 -15.7421884537 31.2376251221 0.0000000000 0.0000000000 13.9437055588 30.6557617188 13.8593521118
4.1235184669 15.9774999619 -15.7345037460 31.2022132874 0.0000000000 0.0000000000 13.9437055588 30.6557617188 13.8638210297
4.1394658089 15.9256868362 -15.7117023468 31.1798496246 0.0000000000 0.0000000000 13.9437055588 30.6557617188 13.8683433533
4.1556520462 15.8752117157 -15.7084951401 31.1446628571 0.0000000000 0.0000000000 13.9437055588 30.6557617188 13.8729343414
4.1720762253 15.8261451721 -15.6992111206 31.1088562012 0.0000000000 0.0000000000 13.9437055588 30.6557617188 13.8775901794
4.1886572838 15.7786283493 -15.6796169281 31.0832519531 0.0000000000 0.0000000000 13.9437055588 30.6557617188 13.8822917938
4.2054834366 15.7326669693 -15.6622610092 31.0531272888 0.0000000000 0.0000000000 13.9437055588 30.6557617188 13.8870639801
4.2225084305 15.6883955002 -15.6526708603 31.0185527802 0.0000000000 0.0000000000 13.9437055588 30.6557617188 13.8918924332
4.2397603989 15.6458396912 -15.6310129166 30.9920616150 0.0000000000 0.0000000000 13.9437055588 30.6557617188 13.8967828751
4.2572064400 15.6050920486 -15.6097192764 30.9648513794 0.0000000000 0.0000000000 13.9437055588 30.6557617188 13.9017295837
4.2749485970 15.5661849976 -15.6121006012 30.9188461304 0.0000000000 0.0000000000 13.9437055588 30.6557617188 13.9067621231
4.2928357124 15.5293359756 -15.5866289139 30.8948326111 0.0000000000 0.0000000000 13.9437055588 30.6557617188 13.9118328094
4.3110179901 15.4944791794 -15.5798721313 30.8562660217 0.0000000000 0.0000000000 13.9437055588 30.6557617188 13.9169883728
4.3293581009 15.4618263245 -15.5608673096 30.8253517151 0.0000000000 0.0000000000 13.9437055588 30.6557617188 13.9221906662
4.3479495049 15.4313583374 -15.5435552597 30.7935295105 0.0000000000 0.0000000000 13.9437055588 30.6557617188 13.9274606705
4.3667378426 15.4032449722 -15.5259504318 30.7626285553 0.0000000000 0.0000000000 13.9437055588 30.6557617188 13.9327888489
4.3858222961 15.3774394989 -15.5216588974 30.7191810608 0.0000000000 0.0000000000 13.9437055588 30.6557617188 13.9381999969
4.4050679207 15.3541536331 -15.4962377548 30.6936244965 0.0000000000 0.0000000000 13.9437055588 30.6557617188 13.9436578751
4.4246096611 15.3333911896 -15.4934091568 30.6487960815 0.0000000000 0.0000000000 13.9437055588 30.6557617188 13.9491987228
4.4443044662 15.3152770996 -15.4649333954 30.6230564117 0.0000000000 0.0000000000 13.9437055588 30.6557617188 13.9547843933
4.4359798431 15.2612333298 -8.2956953049 31.0343456268 0.0000000000 0.0000000000 13.9437055588 30.6557617188 13.9524230957
4.4276132584 15.2099313736 -8.2969303131 30.9875144958 0.0000000000 0.0000000000 13.9437055588 30.6557617188 13.9500503540
4.4193220139 15.1614818573 -8.3075866699 30.9315643311 0.0000000000 0.0000000000 13.9437055588 30.6557617188 13.9477014542
4.4110531807 15.1159687042 -8.3217697144 30.8766059875 0.0000000000 0.0000000000 13.9437055588 30.6557617188 13.9453544617
4.4027662277 15.0735626221 -8.3192129135 30.8302803040 0.0000000000 0.0000000000 13.9437055588 30.6557617188 13.9430055618
4.3944706917 15.0343055725 -8.3254394531 30.7730579376 0.0000000000 0.0000000000 13.9437055588 30.6557617188 13.9406518936
4.3862533569 14.9983396530 -8.3271598816 30.7248020172 0.0000000000 0.0000000000 13.9437055588 30.6557617188 13.9383220673
4.3779788017 14.9657611847 -8.3243007660 30.6753349304 0.0000000000 0.0000000000 13.9437055588 30.6557617188 13.9359760284
4.3697528839 14.9366350174 -8.3296833038 30.6220302582 0.0000000000 0.0000000000 13.9437055588 30.6557617188 13.9336433411
4.3615784645 14.9110870361 -8.3374280930 30.5709400177 0.0000000000 0.0000000000 13.9437055588 30.6557617188 13.9313259125
4.3533411026 14.8891897202 -8.3181161880 30.5321445465 0.0000000000 0.0000000000 13.9437055588 30.6557617188 13.9289894104
4.3452124596 14.8710470200 -8.3319244385 30.4733829498 0.0000000000 0.0000000000 13.9437055588 30.6557617188 13.9266843796
4.3371591568 14.8566818237 -8.3396596909 30.4201526642 0.0000000000 0.0000000000 13.9437055588 30.6557617188 13.9244003296
4.3290972710 14.8462238312 -8.3387098312 30.3636512756 0.0000000000 0.0000000000 13.9437055588 30.6557617188 13.9221143723
4.3210444450 14.8397064209 -8.3321771622 30.3170547485 0.0000000000 0.0000000000 13.9437055588 30.6557617188 13.9198322296
4.3131079674 14.8371725082 -8.3511743546 30.2528724670 0.0000000000 0.0000000000 13.9437055588 30.6557617188 13.9175825119
4.3051452637 14.8387937546 -8.3395757675 30.2185497284 0.0000000000 0.0000000000 13.9437055588 30.6557617188 13.9153232574
4.2973036766 14.8445329666 -8.3574943542 30.1525192261 0.0000000000 0.0000000000 13.9437055588 30.6557617188 13.9131002426
4.2894186974 14.8545217514 -8.3347034454 30.1171112061 0.0000000000 0.0000000000 13.9437055588 30.6557617188 13.9108648300
4.2817239761 14.8688325882 -8.3663978577 30.0372295380 0.0000000000 0.0000000000 13.9437055588 30.6557617188 13.9086828232
4.2740349770 14.8875064850 -8.3542804718 29.9938926697 0.0000000000 0.0000000000 13.9437055588 30.6557617188 13.9065027237
4.2664055824 14.9105491638 -8.3588066101 29.9358158112 0.0000000000 0.0000000000 13.9437055588 30.6557617188 13.9043388367
4.2588496208 14.9379444122 -8.3493337631 29.8948707581 0.0000000000 0.0000000000 13.9437055588 30.6557617188 13.9021968842
4.2515926361 14.9697256088 -8.3916282654 29.8103675842 0.0000000000 0.0000000000 13.9437055588 30.6557617188 13.9001359940
4.2442889214 15.0059347153 -8.3759145737 29.7692661285 0.0000000000 0.0000000000 13.9437055588 30.6557617188 13.8980655670
4.2372589111 15.0465545654 -8.3983583450 29.7059001923 0.0000000000 0.0000000000 13.9437055588 30.6557617188 13.8960723877
4.2302570343 15.0916604996 -8.3955202103 29.6606540680 0.0000000000 0.0000000000 13.9437055588 30.6557617188 13.8940887451
4.2236347198 15.1412105560 -8.4358682632 29.5859146118 0.0000000000 0.0000000000 13.9437055588 30.6557617188 13.8922100067
4.2168946266 15.1952228546 -8.4100275040 29.5520858765 0.0000000000 0.0000000000 13.9437055588 30.6557617188 13.8902988434
4.2104949951 15.2537298203 -8.4468450546 29.4798736572 0.0000000000 0.0000000000 13.9437055588 30.6557617188 13.8884830475
4.2040071487 15.3167266846 -8.4241237640 29.4420261383 0.0000000000 0.0000000000 13.9437055588 30.6557617188 13.8866453171
4.1978931427 15.3841600418 -8.4524669647 29.3720817566 0.0000000000 0.0000000000 13.9437055588 30.6557617188 13.8849124908
4.1917099953 15.4560117722 -8.4473276138 29.3249034882 0.0000000000 0.0000000000 13.9437055588 30.6557617188 13.8831586838
4.1858782768 15.5323038101 -8.4699859619 29.2552623749 0.0000000000 0.0000000000 13.9437055588 30.6557617188 13.8815040588
4.1799731255 15.6129608154 -8.4524993896 29.2151966095 0.0000000000 0.0000000000 13.9437055588 30.6557617188 13.8798294067
4.1743865013 15.6980161667 -8.4560356140 29.1539802551 0.0000000000 0.0000000000 13.9437055588 30.6557617188 13.8782453537
4.1688303947 15.7872314453 -8.4724626541 29.1048831940 0.0000000000 0.0000000000 13.9437055588 30.6557617188 13.8766708374
4.1635155678 15.8807735443 -8.4707050323 29.0493373871 0.0000000000 0.0000000000 13.9437055588 30.6557617188 13.8751621246
4.1582479477 15.9785728455 -8.4742975235 29.0021858215 0.0000000000 0.0000000000 13.9437055588 30.6557617188 13.8736705780
4.1532111168 16.0805454254 -8.4677810669 28.9458370209 0.0000000000 0.0000000000 13.9437055588 30.6557617188 13.8722400665
4.1482810974 16.1866474152 -8.4845333099 28.9027996063 0.0000000000 0.0000000000 13.9437055588 30.6557617188 13.8708429337
4.1436104774 16.2968406677 -8.4778470993 28.8460960388 0.0000000000 0.0000000000 13.9437055588 30.6557617188 13.8695192337
4.1390051842 16.4109554291 -8.4872055054 28.7935886383 0.0000000000 0.0000000000 13.9437055588 30.6557617188 13.8682126999
4.1346688271 16.5290546417 -8.4803628922 28.7380905151 0.0000000000 0.0000000000 13.9437055588 30.6557617188 13.8669834137
4.1303820610 16.6511135101 -8.4827623367 28.6908016205 0.0000000000 0.0000000000 13.9437055588 30.6557617188 13.8657693863
4.1264562607 16.7770099640 -8.4952287674 28.6327857971 0.0000000000 0.0000000000 13.9437055588 30.6557617188 13.8646535873
4.1226034164 16.9066028595 -8.4950351715 28.5824260712 0.0000000000 0.0000000000 13.9437055588 30.6557617188 13.8635616302
4.1191415787 17.0399398804 -8.5088958740 28.5224056244 0.0000000000 0.0000000000 13.9437055588 30.6557617188 13.8625812531
4.1157174110 17.1769084930 -8.5089387894 28.4737758636 0.0000000000 0.0000000000 13.9437055588 30.6557617188 13.8616104126
4.1126766205 17.3175430298 -8.5143470764 28.4128074646 0.0000000000 0.0000000000 13.9437055588 30.6557617188 13.8607473373
4.1190686226 17.4337196350 -9.3011217117 27.5641899109 0.0000000000 0.0000000000 13.9437055588 30.6557617188 13.8625593185
4.1257972717 17.5538501740 -9.2303209305 27.4982185364 0.0000000000 0.0000000000 13.9437055588 30.6557617188 13.8644676208
4.1329154968 17.6774921417 -9.2806825638 27.4393730164 0.0000000000 0.0000000000 13.9437055588 30.6557617188 13.8664855957
4.1404380798 17.8048362732 -9.2467346191 27.3959026337 0.0000000000 0.0000000000 13.9437055588 30.6557617188 13.8686189651
4.1482343674 17.9356517792 -9.2856950760 27.3308906555 0.0000000000 0.0000000000 13.9437055588 30.6557617188 13.8708295822
4.1563954353 18.0701313019 -9.2458620071 27.2986679077 0.0000000000 0.0000000000 13.9437055588 30.6557617188 13.8731441498
4.1648035049 18.2079067230 -9.2858963013 27.2423210144 0.0000000000 0.0000000000 13.9437055588 30.6557617188 13.8755283356
4.1736435890 18.3492870331 -9.2478485107 27.1908531189 0.0000000000 0.0000000000 13.9437055588 30.6557617188 13.8780364990
4.1826562881 18.4937915802 -9.2715349197 27.1427974701 0.0000000000 0.0000000000 13.9437055588 30.6557617188 13.8805913925
4.1922035217 18.6417465210 -9.2609004974 27.0868148804 0.0000000000 0.0000000000 13.9437055588 30.6557617188 13.8832979202
4.2017827034 18.7928009033 -9.2682762146 27.0365447998 0.0000000000 0.0000000000 13.9437055588 30.6557617188 13.8860130310
4.2118649483 18.9472198486 -9.2359704971 26.9926834106 0.0000000000 0.0000000000 13.9437055588 30.6557617188 13.8888721466
4.2221240997 19.1045360565 -9.2710580826 26.9443492889 0.0000000000 0.0000000000 13.9437055588 30.6557617188 13.8917818069
4.2329244614 19.2650604248 -9.2446880341 26.8953895569 0.0000000000 0.0000000000 13.9437055588 30.6557617188 13.8948431015
4.2438483238 19.4282436371 -9.2768602371 26.8506813049 0.0000000000 0.0000000000 13.9437055588 30.6557617188 13.8979406357
4.2553663254 19.5945873260 -9.2618770599 26.7982616425 0.0000000000 0.0000000000 13.9437055588 30.6557617188 13.9012079239
4.2669324875 19.7635040283 -9.2826499939 26.7440147400 0.0000000000 0.0000000000 13.9437055588 30.6557617188 13.9044876099
4.2789964676 19.9354743958 -9.2404890060 26.7041263580 0.0000000000 0.0000000000 13.9437055588 30.6557617188 13.9079074860
4.2912735939 20.1098651886 -9.2897596359 26.6392040253 0.0000000000 0.0000000000 13.9437055588 30.6557617188 13.9113912582
4.3040852547 20.2870464325 -9.2665939331 26.5999965668 0.0000000000 0.0000000000 13.9437055588 30.6557617188 13.9150238037
4.3170037270 20.4666080475 -9.2842454910 26.5425491333 0.0000000000 0.0000000000 13.9437055588 30.6557617188 13.9186859131
4.3303461075 20.6489734650 -9.2464408875 26.4995155334 0.0000000000 0.0000000000 13.9437055588 30.6557617188 13.9224700928
4.3439121246 20.8334178925 -9.2798318863 26.4423465729 0.0000000000 0.0000000000 13.9437055588 30.6557617188 13.9263162613
4.3579721451 21.0203952789 -9.2611036301 26.4018325806 0.0000000000 0.0000000000 13.9437055588 30.6557617188 13.9303026199
4.3721232414 21.2095451355 -9.2801866531 26.3541622162 0.0000000000 0.0000000000 13.9437055588 30.6557617188 13.9343175888
4.3867659569 21.4013309479 -9.2517738342 26.3175811768 0.0000000000 0.0000000000 13.9437055588 30.6557617188 13.9384679794
4.4014887810 21.5950889587 -9.2682094574 26.2531299591 0.0000000000 0.0000000000 13.9437055588 30.6557617188 13.9426422119
4.4168629646 21.7911243439 -9.2494211197 26.2237224579 0.0000000000 0.0000000000 13.9437055588 30.6557617188 13.9470005035
4.4322471619 21.9890213013 -9.2748985291 26.1676311493 0.0000000000 0.0000000000 13.9437055588 30.6557617188 13.9513654709
4.4482345581 22.1890602112 -9.2576017380 26.1364059448 0.0000000000 0.0000000000 13.9437055588 30.6557617188 13.9558982849
4.4643812180 22.3906879425 -9.2849464417 26.0520896912 0.0000000000 0.0000000000 13.9437055588 30.6557617188 13.9604778290
4.4810400009 22.5945491791 -9.2326116562 26.0405693054 0.0000000000 0.0000000000 13.9437055588 30.6557617188 13.9652004242
4.4978504181 22.8000106812 -9.2987127304 25.9435367584 0.0000000000 0.0000000000 13.9437055588 30.6557617188 13.9699668884
4.5151124001 23.0077934265 -9.2063293457 25.9590301514 0.0000000000 0.0000000000 13.9437055588 30.6557617188 13.9748630524
4.5326280594 23.2167034149 -9.2925167084 25.8474082947 0.0000000000 0.0000000000 13.9437055588 30.6557617188 13.9798288345
4.5508151054 23.4275588989 -9.2391662598 25.8541831970 0.0000000000 0.0000000000 13.9437055588 30.6557617188 13.9849863052
4.5691156387 23.6397113800 -9.3215866089 25.7461757660 0.0000000000 0.0000000000 13.9437055588 30.6557617188 13.9901742935
4.5879931450 23.8538055420 -9.2433252335 25.7574672699 0.0000000000 0.0000000000 13.9437055588 30.6557617188 13.9955272675
4.6070790291 24.0690441132 -9.3328399658 25.6492233276 0.0000000000 0.0000000000 13.9437055588 30.6557617188 14.0009403229
4.6266493797 24.2861518860 -9.2430696487 25.6736660004 0.0000000000 0.0000000000 13.9437055588 30.6557617188 14.0064888000
4.6463203430 24.5044670105 -9.3330125809 25.5466670990 0.0000000000 0.0000000000 13.9437055588 30.6557617188 14.0120677948
4.6665897369 24.7244548798 -9.2105474472 25.5893383026 0.0000000000 0.0000000000 13.9437055588 30.6557617188 14.0178136826
4.6868700981 24.9456996918 -9.3287734985 25.4639568329 0.0000000000 0.0000000000 13.9437055588 30.6557617188 14.0235662460
4.7077369690 25.1685295105 -9.2199821472 25.5017032623 0.0000000000 0.0000000000 13.9437055588 30.6557617188 14.0294828415
4.7287011147 25.3925075531 -9.3491439819 25.3760967255 0.0000000000 0.0000000000 13.9437055588 30.6557617188 14.0354270935
4.7503910065 25.6178703308 -9.2292871475 25.4172496796 0.0000000000 0.0000000000 13.9437055588 30.6557617188 14.0415773392
4.7720317841 25.8445186615 -9.3521661758 25.2869987488 0.0000000000 0.0000000000 13.9437055588 30.6557617188 14.0477132797
4.7943778038 26.0723342896 -9.2276048660 25.3439960480 0.0000000000 0.0000000000 13.9437055588 30.6557617188 14.0540494919
4.8166885376 26.3013324738 -9.3494844437 25.2090454102 0.0000000000 0.0000000000 13.9437055588 30.6557617188 14.0603761673
4.8398432732 26.5312843323 -9.2290563583 25.2688045502 0.0000000000 0.0000000000 13.9437055588 30.6557617188 14.0669431686
4.8814315796 26.7236957550 -9.8617706299 23.0001506805 0.0000000000 0.0000000000 13.9437055588 30.6557617188 14.0787353516
4.9225168228 26.9184303284 -9.5397968292 23.0508022308 0.0000000000 0.0000000000 13.9437055588 30.6557617188 14.0903863907
4.9641919136 27.1148700714 -9.6635885239 22.9155864716 0.0000000000 0.0000000000 13.9437055588 30.6557617188 14.1022024155
5.0059890747 27.3131675720 -9.5433931351 22.9683704376 0.0000000000 0.0000000000 13.9437055588 30.6557617188 14.1140556335
5.0481715202 27.5130176544 -9.6408309937 22.8435077667 0.0000000000 0.0000000000 13.9437055588 30.6557617188 14.1260166168
5.0904116631 27.7147865295 -9.5003061295 22.8959636688 0.0000000000 0.0000000000 13.9437055588 30.6557617188 14.1379938126
5.1331906319 27.9178619385 -9.6187515259 22.7620811462 0.0000000000 0.0000000000 13.9437055588 30.6557617188 14.1501226425
5.1759715080 28.1227493286 -9.4909954071 22.8145828247 0.0000000000 0.0000000000 13.9437055588 30.6557617188 14.1622533798
5.2191567421 28.3291072845 -9.5718727112 22.6999282837 0.0000000000 0.0000000000 13.9437055588 30.6557617188 14.1745004654
5.2624130249 28.5372867584 -9.4643630981 22.7472782135 0.0000000000 0.0000000000 13.9437055588 30.6557617188 14.1867666245
5.3060264587 28.7466430664 -9.5276689529 22.6200103760 0.0000000000 0.0000000000 13.9437055588 30.6557617188 14.1991338730
5.3498673439 28.9576740265 -9.4341793060 22.6677951813 0.0000000000 0.0000000000 13.9437055588 30.6557617188 14.2115650177
5.3940358162 29.1700229645 -9.5202693939 22.5356369019 0.0000000000 0.0000000000 13.9437055588 30.6557617188 14.2240867615
5.4382157326 29.3838710785 -9.3920717239 22.5851058960 0.0000000000 0.0000000000 13.9437055588 30.6557617188 14.2366170883
5.4825334549 29.5989665985 -9.4415245056 22.4781398773 0.0000000000 0.0000000000 13.9437055588 30.6557617188 14.2491846085
5.5272359848 29.8154888153 -9.3745021820 22.5087471008 0.0000000000 0.0000000000 13.9437055588 30.6557617188 14.2618598938
5.5718894005 30.0331878662 -9.3983516693 22.3956642151 0.0000000000 0.0000000000 13.9437055588 30.6557617188 14.2745208740
5.6169776917 30.2520065308 -9.3156709671 22.4440536499 0.0000000000 0.0000000000 13.9437055588 30.6557617188 14.2873067856
5.6623301506 30.4718132019 -9.4258575439 22.3055438995 0.0000000000 0.0000000000 13.9437055588 30.6557617188 14.3001670837
5.7080059052 30.6926536560 -9.3043270111 22.3536872864 0.0000000000 0.0000000000 13.9437055588 30.6557617188 14.3131189346
5.7539162636 30.9145851135 -9.4052371979 22.2198410034 0.0000000000 0.0000000000 13.9437055588 30.6557617188 14.3261375427
5.8000068665 31.1374778748 -9.2937660217 22.2700233459 0.0000000000 0.0000000000 13.9437055588 30.6557617188 14.3392066956
5.8463716507 31.3614158630 -9.3725252151 22.1374359131 0.0000000000 0.0000000000 13.9437055588 30.6557617188 14.3523521423
5.8928956985 31.5862731934 -9.2655181885 22.2059860229 0.0000000000 0.0000000000 13.9437055588 30.6557617188 14.3655452728
5.9397940636 31.8120059967 -9.3763170242 22.0654182434 0.0000000000 0.0000000000 13.9437055588 30.6557617188 14.3788442612
5.9866981506 32.0385475159 -9.2348823547 22.1318950653 0.0000000000 0.0000000000 13.9437055588 30.6557617188 14.3921451569
6.0338315964 32.2659645081 -9.3368587494 21.9897708893 0.0000000000 0.0000000000 13.9437055588 30.6557617188 14.4055099487
6.0811104774 32.4940872192 -9.2042713165 22.0645828247 0.0000000000 0.0000000000 13.9437055588 30.6557617188 14.4189167023
6.1288132668 32.7229843140 -9.3204832077 21.9184436798 0.0000000000 0.0000000000 13.9437055588 30.6557617188 14.4324426651
6.1767740250 32.9523391724 -9.2077188492 21.9859638214 0.0000000000 0.0000000000 13.9437055588 30.6557617188 14.4460420609
6.2250318527 33.1822929382 -9.3253030777 21.8536586761 0.0000000000 0.0000000000 13.9437055588 30.6557617188 14.4597282410
6.2733716965 33.4130516052 -9.1786727905 21.9174518585 0.0000000000 0.0000000000 13.9437055588 30.6557617188 14.4734315872
6.3220934868 33.6444511414 -9.2997303009 21.7888221741 0.0000000000 0.0000000000 13.9437055588 30.6557617188 14.4872484207
6.3712215424 33.8760223389 -9.2028226852 21.8637599945 0.0000000000 0.0000000000 13.9437055588 30.6557617188 14.5011806488
6.4203214645 34.1084098816 -9.3024663925 21.7352085114 0.0000000000 0.0000000000 13.9437055588 30.6557617188 14.5151033401
6.4696464539 34.3411560059 -9.1819210052 21.8202018738 0.0000000000 0.0000000000 13.9437055588 30.6557617188 14.5290899277
6.5191721916 34.5744323730 -9.2787685394 21.6825084686 0.0000000000 0.0000000000 13.9437055588 30.6557617188 14.5431327820
6.5690827370 34.8078422546 -9.2000789642 21.7711296082 0.0000000000 0.0000000000 13.9437055588 30.6557617188 14.5572853088
6.6191544533 35.0418319702 -9.2978582382 21.6276168823 0.0000000000 0.0000000000 13.9437055588 30.6557617188 14.5714845657
6.6695342064 35.2757682800 -9.1975030899 21.7314586639 0.0000000000 0.0000000000 13.9437055588 30.6557617188 14.5857696533
6.7203741074 35.5100364685 -9.3317375183 21.5861129761 0.0000000000 0.0000000000 13.9437055588 30.6557617188 14.6001844406
6.7714681625 35.7444610596 -9.2337779999 21.7015399933 0.0000000000 0.0000000000 13.9437055588 30.6557617188 14.6146736145
6.8226289749 35.9793052673 -9.3586940765 21.5614604950 0.0000000000 0.0000000000 13.9437055588 30.6557617188 14.6291828156
6.8739738464 36.2141876221 -9.2367725372 21.6539154053 0.0000000000 0.0000000000 13.9437055588 30.6557617188 14.6437397003
6.9259557724 36.4494552612 -9.4194993973 21.5236606598 0.0000000000 0.0000000000 13.9437055588 30.6557617188 14.6584796906
6.9781417847 36.6845855713 -9.3036794662 21.6615734100 0.0000000000 0.0000000000 13.9437055588 30.6557617188 14.6732788086
7.0301642418 36.9202690125 -9.4170093536 21.5119094849 0.0000000000 0.0000000000 13.9437055588 30.6557617188 14.6880292892
7.0825767517 37.1557884216 -9.2748708725 21.6176795959 0.0000000000 0.0000000000 13.9437055588 30.6557617188 14.7028913498
7.1349544525 37.3918647766 -9.4395561218 21.4995422363 0.0000000000 0.0000000000 13.9437055588 30.6557617188 14.7177419662
7.1876673698 37.6274909973 -9.2892494202 21.5837535858 0.0000000000 0.0000000000 13.9437055588 30.6557617188 14.7326908112
7.2187819481 37.7768287659 -6.4589848518 19.1113204956 0.0000000000 0.0000000000 13.9437055588 30.6557617188 14.7415142059
7.2492170334 37.9265441895 -5.8246212006 18.7538032532 0.0000000000 0.0000000000 13.9437055588 30.6557617188 14.7501449585
7.2814822197 38.0795593262 -6.1623024940 18.6651782990 0.0000000000 0.0000000000 13.9437055588 30.6557617188 14.7592935562
7.3124041557 38.2320060730 -5.7604813576 18.6762676239 0.0000000000 0.0000000000 13.9437055588 30.6557617188 14.7680616379
7.3450226784 38.3881111145 -6.1244297028 18.5730667114 0.0000000000 0.0000000000 13.9437055588 30.6557617188 14.7773103714
7.3763790131 38.5436210632 -5.7503848076 18.6222171783 0.0000000000 0.0000000000 13.9437055588 30.6557617188 14.7862033844
7.4094624519 38.7028961182 -6.1414437294 18.5324440002 0.0000000000 0.0000000000 13.9437055588 30.6557617188 14.7955837250
7.4412779808 38.8613853455 -5.7547941208 18.5468273163 0.0000000000 0.0000000000 13.9437055588 30.6557617188 14.8046054840
7.4747037888 39.0235710144 -6.1220226288 18.4665451050 0.0000000000 0.0000000000 13.9437055588 30.6557617188 14.8140840530
7.5069932938 39.1849670410 -5.7625823021 18.4889831543 0.0000000000 0.0000000000 13.9437055588 30.6557617188 14.8232393265
7.5408716202 39.3498077393 -6.1487808228 18.4335117340 0.0000000000 0.0000000000 13.9437055588 30.6557617188 14.8328456879
7.5737543106 39.5136489868 -5.7684397697 18.4470024109 0.0000000000 0.0000000000 13.9437055588 30.6557617188 14.8421716690
7.6080045700 39.6810989380 -6.1353206635 18.3627433777 0.0000000000 0.0000000000 13.9437055588 30.6557617188 14.8518829346
7.6413626671 39.8473968506 -5.7896189690 18.4135951996 0.0000000000 0.0000000000 13.9437055588 30.6557617188 14.8613414764
7.6761531830 40.0169639587 -6.1514487267 18.3291931152 0.0000000000 0.0000000000 13.9437055588 30.6557617188 14.8712053299
7.7098445892 40.1856117249 -5.7728695869 18.3352355957 0.0000000000 0.0000000000 13.9437055588 30.6557617188 14.8807592392
7.7449240685 40.3573837280 -6.1159205437 18.2283630371 0.0000000000 0.0000000000 13.9437055588 30.6557617188 14.8907060623
7.7791714668 40.5280303955 -5.8023471832 18.3272094727 0.0000000000 0.0000000000 13.9437055588 30.6557617188 14.9004182816
7.8145613670 40.7018508911 -6.1152534485 18.1874923706 0.0000000000 0.0000000000 13.9437055588 30.6557617188 14.9104547501
7.8490724564 40.8743515015 -5.7674493790 18.2523651123 0.0000000000 0.0000000000 13.9437055588 30.6557617188 14.9202404022
7.8850398064 41.0497016907 -6.1393785477 18.1393547058 0.0000000000 0.0000000000 13.9437055588 30.6557617188 14.9304370880
7.9199371338 41.2240219116 -5.7660765648 18.1933212280 0.0000000000 0.0000000000 13.9437055588 30.6557617188 14.9403343201
7.9560418129 41.4009742737 -6.0876407623 18.0757637024 0.0000000000 0.0000000000 13.9437055588 30.6557617188 14.9505720139
7.9913859367 41.5766372681 -5.7778964043 18.1340637207 0.0000000000 0.0000000000 13.9437055588 30.6557617188 14.9605932236
8.0277729034 41.7551383972 -6.0917215347 18.0366020203 0.0000000000 0.0000000000 13.9437055588 30.6557617188 14.9709129333
8.0634069443 41.9322967529 -5.7565145493 18.0687751770 0.0000000000 0.0000000000 13.9437055588 30.6557617188 14.9810161591
8.1003341675 42.1120262146 -6.1044106483 17.9840316772 0.0000000000 0.0000000000 13.9437055588 30.6557617188 14.9914884567
8.1364135742 42.2905273438 -5.7758765221 18.0300292969 0.0000000000 0.0000000000 13.9437055588 30.6557617188 15.0017185211
8.1735582352 42.4713134766 -6.0955233574 17.9684505463 0.0000000000 0.0000000000 13.9437055588 30.6557617188 15.0122518539
8.2102603912 42.6507339478 -5.8207974434 17.9809417725 0.0000000000 0.0000000000 13.9437055588 30.6557617188 15.0226573944
8.2472839355 42.8327026367 -6.0152454376 17.9609355927 0.0000000000 0.0000000000 13.9437055588 30.6557617188 15.0331563950
8.2843523026 43.0129661560 -5.8240242004 17.9352684021 0.0000000000 0.0000000000 13.9437055588 30.6557617188 15.0436658859
8.3212623596 43.1959838867 -5.9118981361 17.8950824738 0.0000000000 0.0000000000 13.9437055588 30.6557617188 15.0541324615
8.3588151932 43.3763847351 -5.7831406593 17.9101772308 0.0000000000 0.0000000000 13.9437055588 30.6557617188 15.0647811890
8.3955764771 43.5605735779 -5.8228917122 17.8159561157 0.0000000000 0.0000000000 13.9437055588 30.6557617188 15.0752048492
8.4336662292 43.7402076721 -5.7525620461 17.8982276917 0.0000000000 0.0000000000 13.9437055588 30.6557617188 15.0860071182
8.4699563980 43.9251823425 -5.7258901596 17.7486839294 0.0000000000 0.0000000000 13.9437055588 30.6557617188 15.0962963104
8.5083389282 44.1056900024 -5.7592086792 17.8486518860 0.0000000000 0.0000000000 13.9437055588 30.6557617188 15.1071815491
8.5446777344 44.2914543152 -5.6750268936 17.6972961426 0.0000000000 0.0000000000 13.9437055588 30.6557617188 15.1174850464
8.5833292007 44.4726524353 -5.7579717636 17.8126850128 0.0000000000 0.0000000000 13.9437055588 30.6557617188 15.1284456253
8.6196899414 44.6591033936 -5.6475191116 17.6329879761 0.0000000000 0.0000000000 13.9437055588 30.6557617188 15.1387548447
8.6588335037 44.8408164978 -5.7586870193 17.7795543671 0.0000000000 0.0000000000 13.9437055588 30.6557617188 15.1498546600
8.6949062347 45.0276832581 -5.5937094688 17.5932426453 0.0000000000 0.0000000000 13.9437055588 30.6557617188 15.1600856781
8.7341270447 45.2098236084 -5.7512598038 17.7276840210 0.0000000000 0.0000000000 13.9437055588 30.6557617188 15.1712074280
8.7702941895 45.3968162537 -5.6007122993 17.5714912415 0.0000000000 0.0000000000 13.9437055588 30.6557617188 15.1814613342
8.8096122742 45.5792961121 -5.7390809059 17.6807022095 0.0000000000 0.0000000000 13.9437055588 30.6557617188 15.1926107407
8.8456382751 45.7661819458 -5.5699677467 17.5205631256 0.0000000000 0.0000000000 13.9437055588 30.6557617188 15.2028264999
8.8853464127 45.9484138489 -5.7376508713 17.6412658691 0.0000000000 0.0000000000 13.9437055588 30.6557617188 15.2140855789
8.9213209152 46.1358985901 -5.5582690239 17.4847736359 0.0000000000 0.0000000000 13.9437055588 30.6557617188 15.2242860794
8.9609041214 46.3185234070 -5.7003488541 17.5804729462 0.0000000000 0.0000000000 13.9437055588 30.6557617188 15.2355098724
8.9075813293 46.2925872803 -0.6188512444 16.8995189667 0.0000000000 0.0000000000 13.9437055588 30.6557617188 15.2203903198
8.8580493927 46.2731513977 -0.6282102466 17.1211605072 0.0000000000 0.0000000000 13.9437055588 30.6557617188 15.2063436508
8.8074693680 46.2499771118 -0.5206729174 16.6930828094 0.0000000000 0.0000000000 13.9437055588 30.6557617188 15.1920013428
8.7599821091 46.2349281311 -0.6802009940 17.0072498322 0.0000000000 0.0000000000 13.9437055588 30.6557617188 15.1785383224
8.7104492188 46.2162170410 -0.6123448610 16.6453742981 0.0000000000 0.0000000000 13.9437055588 30.6557617188 15.1644906998
8.6645174026 46.2055854797 -0.8004695773 16.9981250763 0.0000000000 0.0000000000 13.9437055588 30.6557617188 15.1514682770
8.6158409119 46.1915740967 -0.6901528239 16.6101207733 0.0000000000 0.0000000000 13.9437055588 30.6557617188 15.1376638412
8.5715904236 46.1852455139 -0.9084259272 16.9390125275 0.0000000000 0.0000000000 13.9437055588 30.6557617188 15.1251182556
8.5240192413 46.1753616333 -0.7843545079 16.5708179474 0.0000000000 0.0000000000 13.9437055588 30.6557617188 15.1116275787
8.4814434052 46.1732978821 -1.0288137197 16.8806190491 0.0000000000 0.0000000000 13.9437055588 30.6557617188 15.0995550156
8.4349346161 46.1677589417 -0.8549823761 16.5064105988 0.0000000000 0.0000000000 13.9437055588 30.6557617188 15.0863666534
8.3938980103 46.1697959900 -1.1279128790 16.8678150177 0.0000000000 0.0000000000 13.9437055588 30.6557617188 15.0747308731
8.3486566544 46.1681709290 -0.9429972172 16.4707832336 0.0000000000 0.0000000000 13.9437055588 30.6557617188 15.0619020462
8.3094587326 46.1744270325 -1.2605837584 16.8460102081 0.0000000000 0.0000000000 13.9437055588 30.6557617188 15.0507860184
8.2653036118 46.1759262085 -0.9927678704 16.4506759644 0.0000000000 0.0000000000 13.9437055588 30.6557617188 15.0382661819
8.2273044586 46.1862258911 -1.3126255274 16.8029403687 0.0000000000 0.0000000000 13.9437055588 30.6557617188 15.0274906158
8.1844167709 46.1916618347 -1.0921505690 16.4294700623 0.0000000000 0.0000000000 13.9437055588 30.6557617188 15.0153293610
8.1479673386 46.2059135437 -1.3978866339 16.7516727448 0.0000000000 0.0000000000 13.9437055588 30.6557617188 15.0049943924
8.1060991287 46.2136116028 -1.0941001177 16.4134521484 0.0000000000 0.0000000000 13.9437055588 30.6557617188 14.9931211472
8.0707769394 46.2312774658 -1.4387151003 16.7385520935 0.0000000000 0.0000000000 13.9437055588 30.6557617188 14.9831047058
8.0300598145 46.2395935059 -1.0611387491 16.4278182983 0.0000000000 0.0000000000 13.9437055588 30.6557617188 14.9715595245
7.9957280159 46.2605438232 -1.4258614779 16.6625995636 0.0000000000 0.0000000000 13.9437055588 30.6557617188 14.9618244171
7.9558782578 46.2723503113 -1.0512378216 16.3120307922 0.0000000000 0.0000000000 13.9437055588 30.6557617188 14.9505252838
7.9232835770 46.2966842651 -1.5282338858 16.6613922119 0.0000000000 0.0000000000 13.9437055588 30.6557617188 14.9412822723
7.8842225075 46.3125915527 -1.1018463373 16.2644729614 0.0000000000 0.0000000000 13.9437055588 30.6557617188 14.9302043915
7.8532419205 46.3404846191 -1.6007331610 16.5981941223 0.0000000000 0.0000000000 13.9437055588 30.6557617188 14.9214210510
7.8155717850 46.3602600098 -1.1794054508 16.1747951508 0.0000000000 0.0000000000 13.9437055588 30.6557617188 14.9107408524
7.7860693932 46.3915214539 -1.6761199236 16.6158599854 0.0000000000 0.0000000000 13.9437055588 30.6557617188 14.9023733139
7.7495546341 46.4153709412 -1.3003207445 16.2361450195 0.0000000000 0.0000000000 13.9437055588 30.6557617188 14.8920192719
7.7216849327 46.4498634338 -1.7549080849 16.5823612213 0.0000000000 0.0000000000 13.9437055588 30.6557617188 14.8841171265
7.6860818863 46.4778594971 -1.3505895138 16.1662750244 0.0000000000 0.0000000000 13.9437055588 30.6557617188 14.8740224838
7.6597518921 46.5156555176 -1.8416029215 16.5583362579 0.0000000000 0.0000000000 13.9437055588 30.6557617188 14.8665552139
7.6257319450 46.5470657349 -1.4768810272 16.1686210632 0.0000000000 0.0000000000 13.9437055588 30.6557617188 14.8569078445
7.6006941795 46.5879554749 -1.8713730574 16.4983768463 0.0000000000 0.0000000000 13.9437055588 30.6557617188 14.8498106003
7.5675892830 46.6231460571 -1.5119496584 16.1010818481 0.0000000000 0.0000000000 13.9437055588 30.6557617188 14.8404226303
7.5442991257 46.6669616699 -1.9741144180 16.4902954102 0.0000000000 0.0000000000 13.9437055588 30.6557617188 14.8338174820
7.5121445656 46.7058029175 -1.5737361908 16.0538711548 0.0000000000 0.0000000000 13.9437055588 30.6557617188 14.8247003555
7.4900598526 46.7527923584 -2.0001549721 16.4174137115 0.0000000000 0.0000000000 13.9437055588 30.6557617188 14.8184375763
7.4591283798 46.7949409485 -1.6367987394 15.9890432358 0.0000000000 0.0000000000 13.9437055588 30.6557617188 14.8096675873
7.4383935928 46.8446769714 -2.0786528587 16.4112682343 0.0000000000 0.0000000000 13.9437055588 30.6557617188 14.8037881851
7.4086060524 46.8901863098 -1.7138978243 15.9651107788 0.0000000000 0.0000000000 13.9437055588 30.6557617188 14.7953395844
7.3894200325 46.9425354004 -2.1386222839 16.3620643616 0.0000000000 0.0000000000 13.9437055588 30.6557617188 14.7898998260
7.3606286049 46.9908866882 -1.7791488171 15.9508733749 0.0000000000 0.0000000000 13.9437055588 30.6557617188 14.7817363739
7.3433508873 47.0450935364 -2.2446832657 16.3404808044 0.0000000000 0.0000000000 13.9437055588 30.6557617188 14.7768373489
7.3156108856 47.0961761475 -1.8470679522 15.9384050369 0.0000000000 0.0000000000 13.9437055588 30.6557617188 14.7689704895
7.2996044159 47.1530799866 -2.3009233475 16.3011207581 0.0000000000 0.0000000000 13.9437055588 30.6557617188 14.7644319534
7.2729144096 47.2071151733 -1.8894022703 15.8787107468 0.0000000000 0.0000000000 13.9437055588 30.6557617188 14.7568635941
7.2582788467 47.2659683228 -2.3360898495 16.2747325897 0.0000000000 0.0000000000 13.9437055588 30.6557617188 14.7527151108
7.2331342697 47.3223152161 -2.0267562866 15.9354934692 0.0000000000 0.0000000000 13.9437055588 30.6557617188 14.7455835342
7.2200226784 47.3828926086 -2.4437716007 16.2992343903 0.0000000000 0.0000000000 13.9437055588 30.6557617188 14.7418661118
7.1710820198 47.2741851807 -0.5819193721 15.9805402756 0.0000000000 0.0000000000 13.9437055588 30.6557617188 14.7279872894
7.1271333694 47.1705703735 -0.8072500825 16.1209392548 0.0000000000 0.0000000000 13.9437055588 30.6557617188 14.7155275345
7.0787439346 47.0665740967 -0.4112568200 15.6683101654 0.0000000000 0.0000000000 13.9437055588 30.6557617188 14.7018041611
7.0365657806 46.9681129456 -0.8601337671 16.0042858124 0.0000000000 0.0000000000 13.9437055588 30.6557617188 14.6898450851
6.9890704155 46.8701934814 -0.4940942526 15.5420026779 0.0000000000 0.0000000000 13.9437055588 30.6557617188 14.6763772964
6.9481492043 46.7773132324 -0.9929321408 16.0397644043 0.0000000000 0.0000000000 13.9437055588 30.6557617188 14.6647739410
6.9014120102 46.6860084534 -0.5583688617 15.4475889206 0.0000000000 0.0000000000 13.9437055588 30.6557617188 14.6515207291
6.8618693352 46.5987129211 -1.0658513308 15.9530773163 0.0000000000 0.0000000000 13.9437055588 30.6557617188 14.6403074265
6.8161048889 46.5133247375 -0.6549671888 15.4424057007 0.0000000000 0.0000000000 13.9437055588 30.6557617188 14.6273307800
6.7783184052 46.4322280884 -1.1883056164 15.9416446686 0.0000000000 0.0000000000 13.9437055588 30.6557617188 14.6166181564
6.7334494591 46.3529205322 -0.7448058128 15.4311637878 0.0000000000 0.0000000000 13.9437055588 30.6557617188 14.6038923264
6.6970291138 46.2771034241 -1.2856189013 15.9560060501 0.0000000000 0.0000000000 13.9437055588 30.6557617188 14.5935649872
6.6532468796 46.2043113708 -0.8418487310 15.3519258499 0.0000000000 0.0000000000 13.9437055588 30.6557617188 14.5811519623
6.6182904243 46.1345748901 -1.3232553005 15.8539495468 0.0000000000 0.0000000000 13.9437055588 30.6557617188 14.5712385178
6.5754723549 46.0678520203 -0.9456630945 15.3670244217 0.0000000000 0.0000000000 13.9437055588 30.6557617188 14.5590982437
6.5419740677 46.0040512085 -1.3939979076 15.7785234451 0.0000000000 0.0000000000 13.9437055588 30.6557617188 14.5496006012
6.5002775192 45.9436531067 -1.0195746422 15.2993688583 0.0000000000 0.0000000000 13.9437055588 30.6557617188 14.5377750397
6.4681692123 45.8853683472 -1.4745690823 15.7966632843 0.0000000000 0.0000000000 13.9437055588 30.6557617188 14.5286693573
6.4277338982 45.8311424255 -1.1028256416 15.2087697983 0.0000000000 0.0000000000 13.9437055588 30.6557617188 14.5172042847
6.3972406387 45.7782974243 -1.5581084490 15.7485246658 0.0000000000 0.0000000000 13.9437055588 30.6557617188 14.5085573196
6.3580327034 45.7299575806 -1.2104785442 15.2749338150 0.0000000000 0.0000000000 13.9437055588 30.6557617188 14.4974403381
6.3289108276 45.6835250854 -1.6214034557 15.7212400436 0.0000000000 0.0000000000 13.9437055588 30.6557617188 14.4891815186
6.2911562920 45.6410789490 -1.3194561005 15.2594709396 0.0000000000 0.0000000000 13.9437055588 30.6557617188 14.4784765244
6.2636632919 45.5997047424 -1.7333097458 15.7768049240 0.0000000000 0.0000000000 13.9437055588 30.6557617188 14.4706811905
6.2267251015 45.5637931824 -1.3518710136 15.1559534073 0.0000000000 0.0000000000 13.9437055588 30.6557617188 14.4602069855
6.2006850243 45.5283584595 -1.7615598440 15.6363382339 0.0000000000 0.0000000000 13.9437055588 30.6557617188 14.4528236389
6.1649575233 45.4980850220 -1.4470055103 15.1763448715 0.0000000000 0.0000000000 13.9437055588 30.6557617188 14.4426918030
6.1408600807 45.4677391052 -1.8812456131 15.6460113525 0.0000000000 0.0000000000 13.9437055588 30.6557617188 14.4358587265
6.1058750153 45.4435348511 -1.4829744101 15.0876798630 0.0000000000 0.0000000000 13.9437055588 30.6557617188 14.4259386063
6.0829143524 45.4186706543 -1.8957788944 15.5579500198 0.0000000000 0.0000000000 13.9437055588 30.6557617188 14.4194269180
6.0494813919 45.3993682861 -1.5878739357 15.0567207336 0.0000000000 0.0000000000 13.9437055588 30.6557617188 14.4099473953
6.0285110474 45.3786430359 -2.0386307240 15.6308259964 0.0000000000 0.0000000000 13.9437055588 30.6557617188 14.4039993286
5.9958419800 45.3650817871 -1.6217187643 14.9905462265 0.0000000000 0.0000000000 13.9437055588 30.6557617188 14.3947391510
5.9760141373 45.3501930237 -2.0178248882 15.4140529633 0.0000000000 0.0000000000 13.9437055588 30.6557617188 14.3891153336
5.9449467659 45.3412208557 -1.7443658113 15.0401725769 0.0000000000 0.0000000000 13.9437055588 30.6557617188 14.3803052902
5.9267792702 45.3311920166 -2.1256344318 15.4581041336 0.0000000000 0.0000000000 13.9437055588 30.6557617188 14.3751544952
5.8965229988 45.3277206421 -1.7606718540 14.9209175110 0.0000000000 0.0000000000 13.9437055588 30.6557617188 14.3665733337
5.8798556328 45.3225059509 -2.1616220474 15.3230257034 0.0000000000 0.0000000000 13.9437055588 30.6557617188 14.3618478775
5.8507804871 45.3234024048 -1.8703309298 15.0031223297 0.0000000000 0.0000000000 13.9437055588 30.6557617188 14.3536043167
5.8354349136 45.3229064941 -2.2092459202 15.2161178589 0.0000000000 0.0000000000 13.9437055588 30.6557617188 14.3492527008
5.8072538376 45.3289184570 -1.8993378878 14.8750038147 0.0000000000 0.0000000000 13.9437055588 30.6557617188 14.3412618637
5.7935361862 45.3326263428 -2.2865703106 15.2268247604 0.0000000000 0.0000000000 13.9437055588 30.6557617188 14.3373718262
5.7664456367 45.3430328369 -1.9676411152 14.8700389862 0.0000000000 0.0000000000 13.9437055588 30.6557617188 14.3296899796
5.7540478706 45.3515205383 -2.3147993088 15.1337022781 0.0000000000 0.0000000000 13.9437055588 30.6557617188 14.3261737823
5.7277679443 45.3665695190 -2.0119247437 14.8609361649 0.0000000000 0.0000000000 13.9437055588 30.6557617188 14.3187217712
5.7167210579 45.3796348572 -2.3734526634 15.1093339920 0.0000000000 0.0000000000 13.9437055588 30.6557617188 14.3155889511
5.6915931702 45.3989868164 -2.0703670979 14.8096771240 0.0000000000 0.0000000000 13.9437055588 30.6557617188 14.3084640503
5.6817111969 45.4161033630 -2.4317269325 15.1076745987 0.0000000000 0.0000000000 13.9437055588 30.6557617188 14.3056631088
5.6577587128 45.4399795532 -2.1365706921 14.7627153397 0.0000000000 0.0000000000 13.9437055588 30.6557617188 14.2988700867
5.6491742134 45.4614067078 -2.4742600918 15.0536451340 0.0000000000 0.0000000000 13.9437055588 30.6557617188 14.2964382172
5.5905942917 45.3876266479 -0.5174507499 15.0598373413 0.0000000000 0.0000000000 13.9437055588 30.6557617188 14.2798252106
5.5388178825 45.3168029785 -0.9359290004 15.2627420425 0.0000000000 0.0000000000 13.9437055588 30.6557617188 14.2651453018
5.4832367897 45.2494888306 -0.7582142353 15.0388965607 0.0000000000 0.0000000000 13.9437055588 30.6557617188 14.2493839264
5.4343161583 45.1844062805 -1.1133157015 15.3378400803 0.0000000000 0.0000000000 13.9437055588 30.6557617188 14.2355098724
5.3813424110 45.1226844788 -0.9914692044 15.0871238708 0.0000000000 0.0000000000 13.9437055588 30.6557617188 14.2204895020
5.3339657784 45.0633583069 -1.1658430099 15.2303075790 0.0000000000 0.0000000000 13.9437055588 30.6557617188 14.2070550919
5.2820954323 45.0075416565 -0.9337514043 14.8111619949 0.0000000000 0.0000000000 13.9437055588 30.6557617188 14.1923475266
5.2377247810 44.9529037476 -1.3427774906 15.2638044357 0.0000000000 0.0000000000 13.9437055588 30.6557617188 14.1797666550
5.1873087883 44.9021720886 -0.9913852215 14.7341299057 0.0000000000 0.0000000000 13.9437055588 30.6557617188 14.1654701233
5.1443867683 44.8529281616 -1.3932576180 15.2016286850 0.0000000000 0.0000000000 13.9437055588 30.6557617188 14.1532983780
5.0959429741 44.8077545166 -1.0338994265 14.6527481079 0.0000000000 0.0000000000 13.9437055588 30.6557617188 14.1395626068
5.0553112030 44.7629623413 -1.5107231140 15.1912946701 0.0000000000 0.0000000000 13.9437055588 30.6557617188 14.1280403137
5.0081844330 44.7233657837 -1.0665858984 14.5822925568 0.0000000000 0.0000000000 13.9437055588 30.6557617188 14.1146774292
4.9695510864 44.6839027405 -1.5753775835 15.1089200974 0.0000000000 0.0000000000 13.9437055588 30.6557617188 14.1037225723
4.9237523079 44.6495666504 -1.1462539434 14.5473642349 0.0000000000 0.0000000000 13.9437055588 30.6557617188 14.0907363892
4.8872442245 44.6149330139 -1.7016860247 15.1273841858 0.0000000000 0.0000000000 13.9437055588 30.6557617188 14.0803833008
4.8431277275 44.5863609314 -1.2639135122 14.5896930695 0.0000000000 0.0000000000 13.9437055588 30.6557617188 14.0678739548
4.8083615303 44.5564994812 -1.7352507114 15.0369939804 0.0000000000 0.0000000000 13.9437055588 30.6557617188 14.0580148697
4.7660651207 44.5326194763 -1.3897355795 14.5900402069 0.0000000000 0.0000000000 13.9437055588 30.6557617188 14.0460224152
4.7333693504 44.5074348450 -1.8275603056 14.9717912674 0.0000000000 0.0000000000 13.9437055588 30.6557617188 14.0367517471
4.6922993660 44.4891204834 -1.4384766817 14.5138111115 0.0000000000 0.0000000000 13.9437055588 30.6557617188 14.0251054764
4.6614460945 44.4684181213 -1.8973394632 14.8956069946 0.0000000000 0.0000000000 13.9437055588 30.6557617188 14.0163564682
4.6219835281 44.4554824829 -1.5488214493 14.5257844925 0.0000000000 0.0000000000 13.9437055588 30.6557617188 14.0051660538
4.5931277275 44.4391326904 -1.9650471210 14.8634319305 0.0000000000 0.0000000000 13.9437055588 30.6557617188 13.9969825745
4.5554165840 44.4309196472 -1.6397053003 14.4654664993 0.0000000000 0.0000000000 13.9437055588 30.6557617188 13.9862918854
4.5283322334 44.4192962646 -2.0415349007 14.8325061798 0.0000000000 0.0000000000 13.9437055588 30.6557617188 13.9786100388
4.4917469025 44.4165840149 -1.6859724522 14.4441537857 0.0000000000 0.0000000000 13.9437055588 30.6557617188 13.9682369232
4.4666743279 44.4085617065 -2.0960829258 14.7093610764 0.0000000000 0.0000000000 13.9437055588 30.6557617188 13.9611263275
4.4316000938 44.4107780457 -1.7596994638 14.4174585342 0.0000000000 0.0000000000 13.9437055588 30.6557617188 13.9511833191
4.4081668854 44.4072952271 -2.1486091614 14.7100219727 0.0000000000 0.0000000000 13.9437055588 30.6557617188 13.9445352554
4.3746676445 44.4138069153 -1.8611434698 14.3903446198 0.0000000000 0.0000000000 13.9437055588 30.6557617188 13.9350366592
4.3530025482 44.4144325256 -2.2204272747 14.6796522141 0.0000000000 0.0000000000 13.9437055588 30.6557617188 13.9288921356
4.3206300735 44.4260711670 -1.8687613010 14.2948045731 0.0000000000 0.0000000000 13.9437055588 30.6557617188 13.9197149277
4.3009843826 44.4303474426 -2.3327233791 14.7227048874 0.0000000000 0.0000000000 13.9437055588 30.6557617188 13.9141435623
4.2702341080 44.4456977844 -1.9795796871 14.3710412979 0.0000000000 0.0000000000 13.9437055588 30.6557617188 13.9054250717
4.2521328926 44.4539375305 -2.3545515537 14.5957221985 0.0000000000 0.0000000000 13.9437055588 30.6557617188 13.9002914429
4.2226037979 44.4737243652 -2.0012745857 14.2377595901 0.0000000000 0.0000000000 13.9437055588 30.6557617188 13.8919181824
4.2059960365 44.4856834412 -2.4132795334 14.6127376556 0.0000000000 0.0000000000 13.9437055588 30.6557617188 13.8872079849
4.1779422760 44.5087242126 -2.0778253078 14.2305107117 0.0000000000 0.0000000000 13.9437055588 30.6557617188 13.8792543411
4.1630849838 44.5231895447 -2.4775781631 14.5721559525 0.0000000000 0.0000000000 13.9437055588 30.6557617188 13.8750400543
4.1362614632 44.5499839783 -2.1095566750 14.1651754379 0.0000000000 0.0000000000 13.9437055588 30.6557617188 13.8674354553
4.1228404045 44.5680809021 -2.4789397717 14.5108766556 0.0000000000 0.0000000000 13.9437055588 30.6557617188 13.8636302948
4.0978317261 44.5975189209 -2.2163486481 14.2095556259 0.0000000000 0.0000000000 13.9437055588 30.6557617188 13.8565378189
4.0863990784 44.6184844971 -2.5491342545 14.4667444229 0.0000000000 0.0000000000 13.9437055588 30.6557617188 13.8532962799
4.0622367859 44.6516609192 -2.2038056850 14.1038084030 0.0000000000 0.0000000000 13.9437055588 30.6557617188 13.8464450836
4.0523829460 44.6756858826 -2.6364207268 14.4974336624 0.0000000000 0.0000000000 13.9437055588 30.6557617188 13.8436489105
4.0295391083 44.7116851807 -2.2754800320 14.1304569244 0.0000000000 0.0000000000 13.9437055588 30.6557617188 13.8371725082
4.0211291313 44.7384948730 -2.6394309998 14.3780422211 0.0000000000 0.0000000000 13.9437055588 30.6557617188 13.8347892761
3.9995288849 44.7768096924 -2.3455483913 14.1363077164 0.0000000000 0.0000000000 13.9437055588 30.6557617188 13.8286619186
3.9924578667 44.8064460754 -2.6859800816 14.3865070343 0.0000000000 0.0000000000 13.9437055588 30.6557617188 13.8266582489
3.9706711769 44.7999992371 -2.0626466274 13.9021015167 0.0000000000 0.0000000000 13.9437055588 30.6557617188 13.8204793930
3.9578986168 44.7932243347 -2.4499721527 13.8733110428 0.0000000000 0.0000000000 13.9437055588 30.6557617188 13.8168573380
3.9390072823 44.7932548523 -2.0617883205 13.6442546844 0.0000000000 0.0000000000 13.9437055588 30.6557617188 13.8115015030
3.9289696217 44.7925643921 -2.5806636810 13.8987798691 0.0000000000 0.0000000000 13.9437055588 30.6557617188 13.8086557388
3.9113810062 44.7985496521 -2.1474516392 13.6908016205 0.0000000000 0.0000000000 13.9437055588 30.6557617188 13.8036670685
3.9026844501 44.8039054871 -2.6356670856 13.9381799698 0.0000000000 0.0000000000 13.9437055588 30.6557617188 13.8012027740
3.8856627941 44.8157501221 -2.1311070919 13.7067766190 0.0000000000 0.0000000000 13.9437055588 30.6557617188 13.7963743210
3.8783869743 44.8260688782 -2.6677751541 13.8887109756 0.0000000000 0.0000000000 13.9437055588 30.6557617188 13.7943115234
3.8622043133 44.8435707092 -2.1396422386 13.7149581909 0.0000000000 0.0000000000 13.9437055588 30.6557617188 13.7897233963
3.8564281464 44.8585777283 -2.6733467579 13.8566160202 0.0000000000 0.0000000000 13.9437055588 30.6557617188 13.7880849838
3.8408055305 44.8808860779 -2.1516680717 13.7206516266 0.0000000000 0.0000000000 13.9437055588 30.6557617188 13.7836551666
3.8364219666 44.9001693726 -2.7108559608 13.8757648468 0.0000000000 0.0000000000 13.9437055588 30.6557617188 13.7824125290
3.8220732212 44.9265670776 -2.1964688301 13.7593402863 0.0000000000 0.0000000000 13.9437055588 30.6557617188 13.7783441544
3.8188323975 44.9500808716 -2.7279224396 13.8635349274 0.0000000000 0.0000000000 13.9437055588 30.6557617188 13.7774257660
3.8049759865 44.9807548523 -2.1853206158 13.7162761688 0.0000000000 0.0000000000 13.9437055588 30.6557617188 13.7734956741
3.8033556938 45.0080718994 -2.7868540287 13.8669605255 0.0000000000 0.0000000000 13.9437055588 30.6557617188 13.7730369568
3.7906360626 45.0426940918 -2.2401695251 13.7229623795 0.0000000000 0.0000000000 13.9437055588 30.6557617188 13.7694292068
3.7897720337 45.0726547241 -2.7694964409 13.8373861313 0.0000000000 0.0000000000 13.9437055588 30.6557617188 13.7691841125
3.7776620388 45.1106681824 -2.2415158749 13.6635093689 0.0000000000 0.0000000000 13.9437055588 30.6557617188 13.7657508850
3.7778213024 45.1437110901 -2.8016650677 13.8561925888 0.0000000000 0.0000000000 13.9437055588 30.6557617188 13.7657957077
3.7668116093 45.1846885681 -2.3168411255 13.6951332092 0.0000000000 0.0000000000 13.9437055588 30.6557617188 13.7626733780
3.7680759430 45.2200737000 -2.8208506107 13.8484668732 0.0000000000 0.0000000000 13.9437055588 30.6557617188 13.7630319595
3.7576591969 45.2638168335 -2.3168208599 13.6737403870 0.0000000000 0.0000000000 13.9437055588 30.6557617188 13.7600784302
3.7598068714 45.3016510010 -2.8337833881 13.8130903244 0.0000000000 0.0000000000 13.9437055588 30.6557617188 13.7606868744
3.7501888275 45.3479614258 -2.3575906754 13.6433677673 0.0000000000 0.0000000000 13.9437055588 30.6557617188 13.7579603195
3.7529630661 45.3879127502 -2.8373787403 13.8055992126 0.0000000000 0.0000000000 13.9437055588 30.6557617188 13.7587471008
3.7437231541 45.4363708496 -2.3582444191 13.6239414215 0.0000000000 0.0000000000 13.9437055588 30.6557617188 13.7561264038
3.7475986481 45.4777755737 -2.8588325977 13.7749996185 0.0000000000 0.0000000000 13.9437055588 30.6557617188 13.7572250366
3.7390890121 45.5281410217 -2.4152438641 13.6590604782 0.0000000000 0.0000000000 13.9437055588 30.6557617188 13.7548112869
3.7435922623 45.5714073181 -2.8763794899 13.7595367432 0.0000000000 0.0000000000 13.9437055588 30.6557617188 13.7560882568
3.7354638577 45.6235771179 -2.3991105556 13.6043128967 0.0000000000 0.0000000000 13.9437055588 30.6557617188 13.7537832260
3.7407250404 45.6680412292 -2.8973493576 13.7651376724 0.0000000000 0.0000000000 13.9437055588 30.6557617188 13.7552776337
3.7334768772 45.7216835022 -2.4404463768 13.5900049210 0.0000000000 0.0000000000 13.9437055588 30.6557617188 13.7532215118
3.7396583557 45.7675819397 -2.8876483440 13.6731052399 0.0000000000 0.0000000000 13.9437055588 30.6557617188 13.7549753189
3.7326452732 45.8224411011 -2.4365737438 13.5642662048 0.0000000000 0.0000000000 13.9437055588 30.6557617188 13.7529869080
3.7395100594 45.8690834045 -2.9112391472 13.6652278900 0.0000000000 0.0000000000 13.9437055588 30.6557617188 13.7549324036
3.7331991196 45.9252815247 -2.4880704880 13.5991544724 0.0000000000 0.0000000000 13.9437055588 30.6557617188 13.7531423569
3.7406065464 45.9729347229 -2.8978750706 13.5870895386 0.0000000000 0.0000000000 13.9437055588 30.6557617188 13.7552423477
3.7343170643 46.0301322937 -2.4676654339 13.5395126343 0.0000000000 0.0000000000 13.9437055588 30.6557617188 13.7534589767
3.7422661781 46.0783729553 -2.9334120750 13.6218605042 0.0000000000 0.0000000000 13.9437055588 30.6557617188 13.7557125092
3.7365112305 46.1360435486 -2.5113122463 13.5547618866 0.0000000000 0.0000000000 13.9437055588 30.6557617188 13.7540817261
3.7448906898 46.1853027344 -2.9177768230 13.5360717773 0.0000000000 0.0000000000 13.9437055588 30.6557617188 13.7564582825
3.7392864227 46.2442626953 -2.5000507832 13.5458507538 0.0000000000 0.0000000000 13.9437055588 30.6557617188 13.7548675537
3.7480661869 46.2938842773 -2.9351890087 13.5724411011 0.0000000000 0.0000000000 13.9437055588 30.6557617188 13.7573595047
3.7429969311 46.3528060913 -2.5224161148 13.5048408508 0.0000000000 0.0000000000 13.9437055588 30.6557617188 13.7559204102
3.7527027130 46.4034919739 -2.9537799358 13.5306901932 0.0000000000 0.0000000000 13.9437055588 30.6557617188 13.7586736679
3.7476713657 46.4632225037 -2.5128781796 13.5102634430 0.0000000000 0.0000000000 13.9437055588 30.6557617188 13.7572479248
3.7576820850 46.5138511658 -2.9471220970 13.4961767197 0.0000000000 0.0000000000 13.9437055588 30.6557617188 13.7600851059
3.7532739639 46.5736503601 -2.5558848381 13.5092401505 0.0000000000 0.0000000000 13.9437055588 30.6557617188 13.7588367462
3.7639322281 46.6251411438 -2.9861214161 13.5067634583 0.0000000000 0.0000000000 13.9437055588 30.6557617188 13.7618560791
3.7511727810 46.6814956665 -2.2163064480 13.4796113968 0.0000000000 0.0000000000 13.9437055588 30.6557617188 13.7582387924
3.7436721325 46.7378692627 -2.9199995995 13.5643005371 0.0000000000 0.0000000000 13.9437055588 30.6557617188 13.7561111450
3.7361259460 46.7936439514 -2.7264380455 13.5088195801 0.0000000000 0.0000000000 13.9437055588 30.6557617188 13.7539730072
3.7339849472 46.8510169983 -3.0581762791 13.5859613419 0.0000000000 0.0000000000 13.9437055588 30.6557617188 13.7533655167
3.7285230160 46.9086456299 -2.8510756493 13.6362447739 0.0000000000 0.0000000000 13.9437055588 30.6557617188 13.7518157959
3.7279686928 46.9670104980 -3.0631487370 13.5656213760 0.0000000000 0.0000000000 13.9437055588 30.6557617188 13.7516584396
3.7234151363 47.0264739990 -2.8106510639 13.5973215103 0.0000000000 0.0000000000 13.9437055588 30.6557617188 13.7503671646
3.7254323959 47.0845947266 -3.0766777992 13.5584430695 0.0000000000 0.0000000000 13.9437055588 30.6557617188 13.7509393692
3.7218551636 47.1442909241 -2.8166332245 13.6840543747 0.0000000000 0.0000000000 13.9437055588 30.6557617188 13.7499256134
3.7254471779 47.2032661438 -3.0439732075 13.5218458176 0.0000000000 0.0000000000 13.9437055588 30.6557617188 13.7509450912
3.7232215405 47.2647895813 -2.7726252079 13.5016746521 0.0000000000 0.0000000000 13.9437055588 30.6557617188 13.7503137589
3.7287056446 47.3230552673 -3.0763909817 13.5360813141 0.0000000000 0.0000000000 13.9437055588 30.6557617188 13.7518672943
3.7272412777 47.3857040405 -2.7644104958 13.5843143463 0.0000000000 0.0000000000 13.9437055588 30.6557617188 13.7514533997
3.7338404655 47.4447517395 -3.0658800602 13.5138473511 0.0000000000 0.0000000000 13.9437055588 30.6557617188 13.7533245087
3.7335708141 47.5073509216 -2.7623481750 13.4635763168 0.0000000000 0.0000000000 13.9437055588 30.6557617188 13.7532482147
3.7417557240 47.5667533875 -3.0614333153 13.5235557556 0.0000000000 0.0000000000 13.9437055588 30.6557617188 13.7555704117
3.7421605587 47.6306076050 -2.7786509991 13.5527076721 0.0000000000 0.0000000000 13.9437055588 30.6557617188 13.7556838989
3.7514331341 47.6892013550 -3.0517933369 13.4691553116 0.0000000000 0.0000000000 13.9437055588 30.6557617188 13.7583122253
3.7523446083 47.7540054321 -2.7702088356 13.5589771271 0.0000000000 0.0000000000 13.9437055588 30.6557617188 13.7585725784
3.7629652023 47.8120117188 -3.0537874699 13.4717407227 0.0000000000 0.0000000000 13.9437055588 30.6557617188 13.7615823746
3.7638401985 47.8769645691 -2.7560551167 13.5313434601 0.0000000000 0.0000000000 13.9437055588 30.6557617188 13.7618312836
3.7749233246 47.9354515076 -3.0232903957 13.4629564285 0.0000000000 0.0000000000 13.9437055588 30.6557617188 13.7649736404
3.7758224010 48.0010681152 -2.7059376240 13.4809265137 0.0000000000 0.0000000000 13.9437055588 30.6557617188 13.7652282715
3.7878367901 48.0584831238 -3.0164718628 13.4142961502 0.0000000000 0.0000000000 13.9437055588 30.6557617188 13.7686357498
3.7891860008 48.1243515015 -2.7223172188 13.5206489563 0.0000000000 0.0000000000 13.9437055588 30.6557617188 13.7690172195
3.8020405769 48.1818008423 -3.0130889416 13.3840951920 0.0000000000 0.0000000000 13.9437055588 30.6557617188 13.7726640701
3.8032515049 48.2470016479 -2.6954967976 13.4508533478 0.0000000000 0.0000000000 13.9437055588 30.6557617188 13.7730083466
3.8164217472 48.3041038513 -2.9751167297 13.3295440674 0.0000000000 0.0000000000 13.9437055588 30.6557617188 13.7767410278
3.8179125786 48.3692550659 -2.7136104107 13.5106697083 0.0000000000 0.0000000000 13.9437055588 30.6557617188 13.7771635056
3.8312580585 48.4263534546 -2.9864575863 13.3557262421 0.0000000000 0.0000000000 13.9437055588 30.6557617188 13.7809486389
3.8326420784 48.4910850525 -2.6671273708 13.4254217148 0.0000000000 0.0000000000 13.9437055588 30.6557617188 13.7813405991
3.8466942310 48.5472106934 -3.0027496815 13.3610305786 0.0000000000 0.0000000000 13.9437055588 30.6557617188 13.7853240967
3.8479771614 48.6113204956 -2.6712791920 13.4805889130 0.0000000000 0.0000000000 13.9437055588 30.6557617188 13.7856893539
3.8620226383 48.6676902771 -2.9858157635 13.3346414566 0.0000000000 0.0000000000 13.9437055588 30.6557617188 13.7896728516
3.8633337021 48.7313728333 -2.6590719223 13.4402389526 0.0000000000 0.0000000000 13.9437055588 30.6557617188 13.7900419235
3.8777182102 48.7867164612 -2.9711861610 13.3147878647 0.0000000000 0.0000000000 13.9437055588 30.6557617188 13.7941217422
3.8788995743 48.8503723145 -2.6410956383 13.3785047531 0.0000000000 0.0000000000 13.9437055588 30.6557617188 13.7944564819
3.8935031891 48.9056816101 -2.9838988781 13.3392019272 0.0000000000 0.0000000000 13.9437055588 30.6557617188 13.7985982895
3.8942544460 48.9686431885 -2.5995028019 13.3619174957 0.0000000000 0.0000000000 13.9437055588 30.6557617188 13.7988119125
3.9090917110 49.0233192444 -2.9974682331 13.3108749390 0.0000000000 0.0000000000 13.9437055588 30.6557617188 13.8030185699
3.9102406502 49.0855674744 -2.6390185356 13.3867378235 0.0000000000 0.0000000000 13.9437055588 30.6557617188 13.8033447266
3.9249615669 49.1400451660 -2.9715886116 13.2753696442 0.0000000000 0.0000000000 13.9437055588 30.6557617188 13.8075189590
3.9256544113 49.2025604248 -2.5881652832 13.3399162292 0.0000000000 0.0000000000 13.9437055588 30.6557617188 13.8077154160
3.9409141541 49.2561607361 -2.9950242043 13.3265523911 0.0000000000 0.0000000000 13.9437055588 30.6557617188 13.8120431900
3.9413461685 49.3174209595 -2.6058988571 13.3698740005 0.0000000000 0.0000000000 13.9437055588 30.6557617188 13.8121633530
3.9563357830 49.3710746765 -2.9605464935 13.2251234055 0.0000000000 0.0000000000 13.9437055588 30.6557617188 13.8164148331
3.9565958977 49.4325370789 -2.5673122406 13.3183145523 0.0000000000 0.0000000000 13.9437055588 30.6557617188 13.8164901733
3.9715321064 49.4850540161 -2.9537916183 13.2265033722 0.0000000000 0.0000000000 13.9437055588 30.6557617188 13.8207244873
3.9718806744 49.5457115173 -2.5813078880 13.3458375931 0.0000000000 0.0000000000 13.9437055588 30.6557617188 13.8208227158
3.9867410660 49.5981369019 -2.9396142960 13.2013053894 0.0000000000 0.0000000000 13.9437055588 30.6557617188 13.8250370026
4.0111937523 49.6644058228 -2.9869506359 13.3867187500 0.0000000000 0.0000000000 13.9437055588 30.6557617188 13.8319711685
4.0441527367 49.7317962646 -3.4686491489 13.0821952820 0.0000000000 0.0000000000 13.9437055588 30.6557617188 13.8413162231
4.0722832680 49.7996482849 -3.2263851166 12.9692277908 0.0000000000 0.0000000000 13.9437055588 30.6557617188 13.8492937088
4.1065230370 49.8664436340 -3.5299577713 13.2143526077 0.0000000000 0.0000000000 13.9437055588 30.6557617188 13.8590021133
4.1330990791 49.9354782104 -3.2139897346 13.1056900024 0.0000000000 0.0000000000 13.9437055588 30.6557617188 13.8665380478
4.1669335365 50.0020675659 -3.4529583454 13.0836496353 0.0000000000 0.0000000000 13.9437055588 30.6557617188 13.8761329651
4.1922564507 50.0716438293 -3.2017173767 13.3380689621 0.0000000000 0.0000000000 13.9437055588 30.6557617188 13.8833122253
4.2250337601 50.1384239197 -3.4282774925 13.1902437210 0.0000000000 0.0000000000 13.9437055588 30.6557617188 13.8926076889
4.2495155334 50.2080307007 -3.1591217518 13.2338972092 0.0000000000 0.0000000000 13.9437055588 30.6557617188 13.8995485306
4.2812166214 50.2748565674 -3.3543663025 13.1247997284 0.0000000000 0.0000000000 13.9437055588 30.6557617188 13.9085369110
4.3043169975 50.3446846008 -3.1648015976 13.3865337372 0.0000000000 0.0000000000 13.9437055588 30.6557617188 13.9150886536
4.3364634514 50.4108428955 -3.3975486755 13.2010288239 0.0000000000 0.0000000000 13.9437055588 30.6557617188 13.9242038727
4.3585677147 50.4800338745 -3.1757032871 13.4965982437 0.0000000000 0.0000000000 13.9437055588 30.6557617188 13.9304714203
4.3886938095 50.5471115112 -3.3369827271 13.1268033981 0.0000000000 0.0000000000 13.9437055588 30.6557617188 13.9390134811
4.4109573364 50.6161155701 -3.1935346127 13.5173063278 0.0000000000 0.0000000000 13.9437055588 30.6557617188 13.9453268051
4.4408488274 50.6826324463 -3.3830480576 13.1950922012 0.0000000000 0.0000000000 13.9437055588 30.6557617188 13.9538030624
4.4612894058 50.7518310547 -3.1275055408 13.4034328461 0.0000000000 0.0000000000 13.9437055588 30.6557617188 13.9595994949
4.4907021523 50.8174018860 -3.3529253006 13.1351919174 0.0000000000 0.0000000000 13.9437055588 30.6557617188 13.9679393768
4.5104498863 50.8862648010 -3.1329970360 13.5148658752 0.0000000000 0.0000000000 13.9437055588 30.6557617188 13.9735403061
4.5388116837 50.9515151978 -3.3601012230 13.1867609024 0.0000000000 0.0000000000 13.9437055588 30.6557617188 13.9815826416
4.5577082634 51.0195770264 -3.1136960983 13.4841346741 0.0000000000 0.0000000000 13.9437055588 30.6557617188 13.9869394302
4.5848011971 51.0845527649 -3.3135368824 13.1464462280 0.0000000000 0.0000000000 13.9437055588 30.6557617188 13.9946231842
4.6020383835 51.1525688171 -3.0702009201 13.5663995743 0.0000000000 0.0000000000 13.9437055588 30.6557617188 13.9995098114
4.6290230751 51.2165870667 -3.3286249638 13.1476516724 0.0000000000 0.0000000000 13.9437055588 30.6557617188 14.0071611404
4.6451444626 51.2838897705 -3.0461959839 13.4932537079 0.0000000000 0.0000000000 13.9437055588 30.6557617188 14.0117330551
4.6702980995 51.3475646973 -3.2321171761 13.1079177856 0.0000000000 0.0000000000 13.9437055588 30.6557617188 14.0188665390
4.6859998703 51.4140129089 -3.0626118183 13.5668210983 0.0000000000 0.0000000000 13.9437055588 30.6557617188 14.0233182907
4.7107605934 51.4771347046 -3.2480297089 13.1220865250 0.0000000000 0.0000000000 13.9437055588 30.6557617188 14.0303401947
4.7245354652 51.5434913635 -2.9667520523 13.4234304428 0.0000000000 0.0000000000 13.9437055588 30.6557617188 14.0342464447
4.7485404015 51.6055145264 -3.2317295074 13.1117563248 0.0000000000 0.0000000000 13.9437055588 30.6557617188 14.0410509109
4.7619409561 51.6710586548 -2.9997465611 13.5584516525 0.0000000000 0.0000000000 13.9437055588 30.6557617188 14.0448522568
4.7846922874 51.7325439453 -3.1908288002 13.1223783493 0.0000000000 0.0000000000 13.9437055588 30.6557617188 14.0513038635
4.7975564003 51.7962036133 -2.9785056114 13.4414281845 0.0000000000 0.0000000000 13.9437055588 30.6557617188 14.0549526215
4.8196039200 51.8573608398 -3.1653118134 13.0957393646 0.0000000000 0.0000000000 13.9437055588 30.6557617188 14.0612030029
4.8310084343 51.9215698242 -2.9205234051 13.4968757629 0.0000000000 0.0000000000 13.9437055588 30.6557617188 14.0644369125
4.8531465530 51.9808654785 -3.2073945999 13.1441087723 0.0000000000 0.0000000000 13.9437055588 30.6557617188 14.0707130432
4.8639359474 52.0435829163 -2.9163272381 13.4251165390 0.0000000000 0.0000000000 13.9437055588 30.6557617188 14.0737752914
4.8844203949 52.1030807495 -3.1163117886 13.0868501663 0.0000000000 0.0000000000 13.9437055588 30.6557617188 14.0795822144
4.8950552940 52.1642684937 -2.9503531456 13.6053409576 0.0000000000 0.0000000000 13.9437055588 30.6557617188 14.0825986862
4.9153943062 52.2229652405 -3.1417365074 13.1140403748 0.0000000000 0.0000000000 13.9437055588 30.6557617188 14.0883646011
4.9245533943 52.2837753296 -2.8687007427 13.4958171844 0.0000000000 0.0000000000 13.9437055588 30.6557617188 14.0909643173
4.9443335533 52.3412094116 -3.1032474041 13.0815200806 0.0000000000 0.0000000000 13.9437055588 30.6557617188 14.0965709686
4.9536838531 52.4011001587 -2.9352169037 13.6129074097 0.0000000000 0.0000000000 13.9437055588 30.6557617188 14.0992231369
4.9724736214 52.4581413269 -3.0783324242 13.0890865326 0.0000000000 0.0000000000 13.9437055588 30.6557617188 14.1045522690
4.9810342789 52.5163650513 -2.8932406902 13.5212106705 0.0000000000 0.0000000000 13.9437055588 30.6557617188 14.1069784164
4.9994769096 52.5730094910 -3.0559339523 12.9802341461 0.0000000000 0.0000000000 13.9437055588 30.6557617188 14.1122093201
5.0069913864 52.6312370300 -2.8516154289 13.5826520920 0.0000000000 0.0000000000 13.9437055588 30.6557617188 14.1143398285
5.0257582664 52.6864280701 -3.0989470482 12.9954433441 0.0000000000 0.0000000000 13.9437055588 30.6557617188 14.1196613312
5.0330600739 52.7433547974 -2.8826167583 13.6363649368 0.0000000000 0.0000000000 13.9437055588 30.6557617188 14.1217298508
5.0500531197 52.7985153198 -2.9853761196 12.9220438004 0.0000000000 0.0000000000 13.9437055588 30.6557617188 14.1265497208
5.0210342407 52.8567886353 -2.1741287708 14.0087671280 0.0000000000 0.0000000000 13.9437055588 30.6557617188 14.1183214188
4.9943618774 52.9170608521 -2.5689308643 13.5963239670 0.0000000000 0.0000000000 13.9437055588 30.6557617188 14.1107578278
4.9694871902 52.9746398926 -2.4975943565 13.8685464859 0.0000000000 0.0000000000 13.9437055588 30.6557617188 14.1037044525
4.9481487274 53.0327796936 -2.7025840282 13.7864236832 0.0000000000 0.0000000000 13.9437055588 30.6557617188 14.0976524353
4.9272756577 53.0900955200 -2.6475396156 14.0118093491 0.0000000000 0.0000000000 13.9437055588 30.6557617188 14.0917348862
4.9101219177 53.1468467712 -2.7532956600 13.7240648270 0.0000000000 0.0000000000 13.9437055588 30.6557617188 14.0868711472
4.8907947540 53.2027397156 -2.5309286118 13.9202585220 0.0000000000 0.0000000000 13.9437055588 30.6557617188 14.0813913345
4.8781504631 53.2575111389 -2.8409667015 13.7318201065 0.0000000000 0.0000000000 13.9437055588 30.6557617188 14.0778036118
4.8618993759 53.3127822876 -2.5423324108 13.8765907288 0.0000000000 0.0000000000 13.9437055588 30.6557617188 14.0731964111
4.8526930809 53.3650474548 -2.8535535336 13.7355813980 0.0000000000 0.0000000000 13.9437055588 30.6557617188 14.0705852509
4.8388528824 53.4192733765 -2.5692231655 13.9054203033 0.0000000000 0.0000000000 13.9437055588 30.6557617188 14.0666618347
4.8327541351 53.4701881409 -2.8744518757 13.6759309769 0.0000000000 0.0000000000 13.9437055588 30.6557617188 14.0649328232
4.8205399513 53.5227355957 -2.5272784233 13.8613710403 0.0000000000 0.0000000000 13.9437055588 30.6557617188 14.0614690781
4.8180365562 53.5719795227 -2.9525332451 13.6810779572 0.0000000000 0.0000000000 13.9437055588 30.6557617188 14.0607585907
4.8070898056 53.6235084534 -2.5132660866 13.8758468628 0.0000000000 0.0000000000 13.9437055588 30.6557617188 14.0576553345
4.8068680763 53.6706886292 -2.9423534870 13.6593351364 0.0000000000 0.0000000000 13.9437055588 30.6557617188 14.0575904846
4.7985157967 53.7207908630 -2.5636899471 13.8264579773 0.0000000000 0.0000000000 13.9437055588 30.6557617188 14.0552234650
4.8002643585 53.7668571472 -2.9415693283 13.6216449738 0.0000000000 0.0000000000 13.9437055588 30.6557617188 14.0557203293
4.7922368050 53.8158760071 -2.4894959927 13.7691478729 0.0000000000 0.0000000000 13.9437055588 30.6557617188 14.0534429550
4.7964463234 53.8601799011 -2.9963078499 13.6589307785 0.0000000000 0.0000000000 13.9437055588 30.6557617188 14.0546369553
4.7894449234 53.9079627991 -2.5168285370 13.8390369415 0.0000000000 0.0000000000 13.9437055588 30.6557617188 14.0526514053
4.7947692871 53.9515113831 -2.9514424801 13.5838041306 0.0000000000 0.0000000000 13.9437055588 30.6557617188 14.0541601181
4.7890372276 53.9981880188 -2.5126206875 13.7748832703 0.0000000000 0.0000000000 13.9437055588 30.6557617188 14.0525350571
4.7952113152 54.0406837463 -2.9602644444 13.6009025574 0.0000000000 0.0000000000 13.9437055588 30.6557617188 14.0542860031
4.7901000977 54.0867462158 -2.5205001831 13.8690633774 0.0000000000 0.0000000000 13.9437055588 30.6557617188 14.0528364182
4.7977461815 54.1283340454 -2.9744036198 13.5317287445 0.0000000000 0.0000000000 13.9437055588 30.6557617188 14.0550050735
4.7930006981 54.1744995117 -2.5010380745 13.7607011795 0.0000000000 0.0000000000 13.9437055588 30.6557617188 14.0536584854
4.8006706238 54.2154159546 -2.9321722984 13.5043764114 0.0000000000 0.0000000000 13.9437055588 30.6557617188 14.0558347702
4.7972030640 54.2600440979 -2.5546565056 13.8831472397 0.0000000000 0.0000000000 13.9437055588 30.6557617188 14.0548515320
4.8053574562 54.3009948730 -2.9132521152 13.4622592926 0.0000000000 0.0000000000 13.9437055588 30.6557617188 14.0571651459
4.8015184402 54.3454475403 -2.4773116112 13.7584629059 0.0000000000 0.0000000000 13.9437055588 30.6557617188 14.0560760498
4.8107233047 54.3852386475 -2.9622020721 13.5157041550 0.0000000000 0.0000000000 13.9437055588 30.6557617188 14.0586853027
4.8072304726 54.4292030334 -2.4968981743 13.8152284622 0.0000000000 0.0000000000 13.9437055588 30.6557617188 14.0576963425
4.8163733482 54.4687805176 -2.9281976223 13.4760379791 0.0000000000 0.0000000000 13.9437055588 30.6557617188 14.0602893829
4.8135013580 54.5122756958 -2.5130875111 13.7832536697 0.0000000000 0.0000000000 13.9437055588 30.6557617188 14.0594730377
4.8227005005 54.5514030457 -2.9106237888 13.4789743423 0.0000000000 0.0000000000 13.9437055588 30.6557617188 14.0620822906
4.8195428848 54.5944938660 -2.4727470875 13.7983455658 0.0000000000 0.0000000000 13.9437055588 30.6557617188 14.0611858368
4.8298354149 54.6334838867 -2.9498698711 13.4604434967 0.0000000000 0.0000000000 13.9437055588 30.6557617188 14.0641050339
4.8266692162 54.6764602661 -2.4541335106 13.7243175507 0.0000000000 0.0000000000 13.9437055588 30.6557617188 14.0632076263
4.8366703987 54.7146759033 -2.9211304188 13.4720153809 0.0000000000 0.0000000000 13.9437055588 30.6557617188 14.0660429001
4.8341588974 54.7567481995 -2.5082137585 13.8285980225 0.0000000000 0.0000000000 13.9437055588 30.6557617188 14.0653305054
4.8442382812 54.7951965332 -2.8982222080 13.4242868423 0.0000000000 0.0000000000 13.9437055588 30.6557617188 14.0681896210
4.8410091400 54.8373527527 -2.4291875362 13.7184886932 0.0000000000 0.0000000000 13.9437055588 30.6557617188 14.0672740936
4.8515405655 54.8750724792 -2.9440658092 13.4889574051 0.0000000000 0.0000000000 13.9437055588 30.6557617188 14.0702600479
4.8486104012 54.9164581299 -2.4612641335 13.7892370224 0.0000000000 0.0000000000 13.9437055588 30.6557617188 14.0694274902
4.8592119217 54.9537963867 -2.9043841362 13.4129810333 0.0000000000 0.0000000000 13.9437055588 30.6557617188 14.0724344254
4.8562598228 54.9948768616 -2.4565787315 13.7535095215 0.0000000000 0.0000000000 13.9437055588 30.6557617188 14.0715961456
4.8663401604 55.0320434570 -2.8738868237 13.4293556213 0.0000000000 0.0000000000 13.9437055588 30.6557617188 14.0744562149
4.8633027077 55.0725326538 -2.4412388802 13.7890119553 0.0000000000 0.0000000000 13.9437055588 30.6557617188 14.0735940933
4.8742198944 55.1094055176 -2.8949203491 13.4196786880 0.0000000000 0.0000000000 13.9437055588 30.6557617188 14.0766906738
4.9077305794 55.1436576843 -3.0121264458 13.8591690063 0.0000000000 0.0000000000 13.9437055588 30.6557617188 14.0861921310
