     velsurf       thk_regu           glen
     29.1767         3.0247        -0.8494
     30.0614         3.1029        -0.8494
     30.0556         3.1016        -0.8494
     30.0508         3.1005        -0.8494
     30.0464         3.0996        -0.8494
     30.0421         3.0987        -0.8494
     30.0381         3.0978        -0.8494
     30.0342         3.0969        -0.8494
     30.0304         3.0961        -0.8494
     30.0267         3.0953        -0.8494
     30.0232         3.0946        -0.8494
     30.0195         3.0938        -0.8494
     30.0157         3.0930        -0.8494
     30.0120         3.0923        -0.8494
     30.0083         3.0915        -0.8494
     30.0044         3.0907        -0.8494
     30.0009         3.0900        -0.8494
     29.9971         3.0892        -0.8494
     29.9935         3.0884        -0.8494
     29.9897         3.0877        -0.8494
     29.9858         3.0869        -0.8494
     29.9817         3.0861        -0.8494
     29.9779         3.0854        -0.8494
     29.9741         3.0846        -0.8494
     29.9701         3.0838        -0.8494
     29.9660         3.0830        -0.8494
     29.9618         3.0822        -0.8494
     29.9578         3.0814        -0.8494
     29.9534         3.0807        -0.8494
     29.9492         3.0799        -0.8494
     29.9450         3.0791        -0.8494
     29.9406         3.0782        -0.8494
     29.9364         3.0774        -0.8494
     29.9318         3.0766        -0.8494
     29.9273         3.0758        -0.8494
     29.9228         3.0750        -0.8494
     29.9181         3.0742        -0.8494
     29.9136         3.0734        -0.8494
     29.9090         3.0725        -0.8494
     29.9043         3.0717        -0.8494
     29.8995         3.0709        -0.8494
     29.8946         3.0700        -0.8494
     29.8896         3.0692        -0.8494
     29.8849         3.0684        -0.8494
     29.8799         3.0675        -0.8494
     29.8750         3.0667        -0.8494
     29.8699         3.0659        -0.8494
     29.8647         3.0650        -0.8494
     29.8597         3.0642        -0.8494
     29.8544         3.0634        -0.9032
     25.9698         3.0625        -0.9032
     25.9641         3.0616        -0.9032
     25.9586         3.0607        -0.9032
     25.9530         3.0598        -0.9032
     25.9474         3.0589        -0.9032
     25.9417         3.0580        -0.9032
     25.9359         3.0571        -0.9032
     25.9299         3.0563        -0.9032
     25.9240         3.0554        -0.9032
     25.9182         3.0545        -0.9032
     25.9123         3.0536        -0.9032
     25.9063         3.0527        -0.9032
     25.9003         3.0518        -0.9032
     25.8942         3.0509        -0.9032
     25.8883         3.0500        -0.9032
     25.8822         3.0492        -0.9032
     25.8757         3.0483        -0.9032
     25.8695         3.0474        -0.9032
     25.8632         3.0465        -0.9032
     25.8571         3.0457        -0.9032
     25.8508         3.0448        -0.9032
     25.8444         3.0439        -0.9032
     25.8380         3.0431        -0.9032
     25.8313         3.0422        -0.9032
     25.8248         3.0414        -0.9032
     25.8183         3.0405        -0.9032
     25.8118         3.0397        -0.9032
     25.8051         3.0388        -0.9032
     25.7986         3.0380        -0.9032
     25.7919         3.0372        -0.9032
     25.7852         3.0363        -0.9032
     25.7786         3.0355        -0.9032
     25.7716         3.0347        -0.9032
     25.7647         3.0339        -0.9032
     25.7581         3.0331        -0.9032
     25.7514         3.0323        -0.9032
     25.7443         3.0315        -0.9032
     25.7373         3.0307        -0.9032
     25.7305         3.0299        -0.9032
     25.7234         3.0291        -0.9032
     25.7165         3.0283        -0.9032
     25.7092         3.0275        -0.9032
     25.7023         3.0268        -0.9032
     25.6951         3.0260        -0.9032
     25.6877         3.0252        -0.9032
     25.6807         3.0245        -0.9032
     25.6736         3.0237        -0.9032
     25.6662         3.0230        -0.9032
     25.6589         3.0223        -0.9032
     25.6489         3.0215        -0.9508
     25.5783         3.0208        -0.9508
     25.5710         3.0200        -0.9508
     25.5609         3.0192        -0.9508
     25.5558         3.0184        -0.9508
     25.5483         3.0176        -0.9508
     25.5382         3.0168        -0.9508
     25.5333         3.0160        -0.9508
     25.5255         3.0153        -0.9508
     25.5153         3.0145        -0.9508
     25.5102         3.0137        -0.9508
     25.5026         3.0130        -0.9508
     25.4923         3.0122        -0.9508
     25.4871         3.0115        -0.9508
     25.4792         3.0108        -0.9508
     25.4689         3.0100        -0.9508
     25.4637         3.0093        -0.9508
     25.4556         3.0086        -0.9508
     25.4452         3.0079        -0.9508
     25.4399         3.0072        -0.9508
     25.4321         3.0065        -0.9508
     25.4215         3.0059        -0.9508
     25.4161         3.0052        -0.9508
     25.4081         3.0045        -0.9508
     25.3974         3.0039        -0.9508
     25.3920         3.0032        -0.9508
     25.3840         3.0026        -0.9508
     25.3734         3.0019        -0.9508
     25.3679         3.0013        -0.9508
     25.3597         3.0007        -0.9508
     25.3488         3.0001        -0.9508
     25.3434         2.9995        -0.9508
     25.3352         2.9989        -0.9508
     25.3242         2.9983        -0.9508
     25.3186         2.9977        -0.9508
     25.3103         2.9971        -0.9508
     25.2996         2.9965        -0.9508
     25.2939         2.9960        -0.9508
     25.2855         2.9954        -0.9508
     25.2744         2.9949        -0.9508
     25.2689         2.9943        -0.9508
     25.2604         2.9938        -0.9508
     25.2493         2.9933        -0.9508
     25.2436         2.9927        -0.9508
     25.2352         2.9922        -0.9508
     25.2242         2.9917        -0.9508
     25.2183         2.9912        -0.9508
     25.2098         2.9908        -0.9508
     25.1987         2.9903        -0.9508
     25.1928         2.9898        -0.9508
     25.1840         2.9893        -0.9753
     25.4783         2.9889        -0.9753
     25.4762         2.9883        -0.9753
     25.4636         2.9877        -0.9753
     25.4563         2.9872        -0.9753
     25.4463         2.9866        -0.9753
     25.4413         2.9861        -0.9753
     25.4261         2.9856        -0.9753
     25.4238         2.9851        -0.9753
     25.4111         2.9846        -0.9753
     25.4037         2.9841        -0.9753
     25.3936         2.9836        -0.9753
     25.3848         2.9831        -0.9753
     25.3731         2.9826        -0.9753
     25.3670         2.9821        -0.9753
     25.3582         2.9817        -0.9753
     25.3467         2.9812        -0.9753
     25.3403         2.9808        -0.9753
     25.3315         2.9803        -0.9753
     25.3199         2.9799        -0.9753
     25.3136         2.9795        -0.9753
     25.3047         2.9791        -0.9753
     25.2930         2.9787        -0.9753
     25.2867         2.9783        -0.9753
     25.2777         2.9779        -0.9753
     25.2658         2.9775        -0.9753
     25.2596         2.9772        -0.9753
     25.2508         2.9768        -0.9753
     25.2391         2.9764        -0.9753
     25.2326         2.9761        -0.9753
     25.2235         2.9758        -0.9753
     25.2117         2.9754        -0.9753
     25.2052         2.9751        -0.9753
     25.1962         2.9748        -0.9753
     25.1844         2.9745        -0.9753
     25.1780         2.9742        -0.9753
     25.1689         2.9739        -0.9753
     25.1571         2.9736        -0.9753
     25.1504         2.9733        -0.9753
     25.1413         2.9731        -0.9753
     25.1295         2.9728        -0.9753
     25.1230         2.9725        -0.9753
     25.1137         2.9723        -0.9753
     25.1018         2.9720        -0.9753
     25.0953         2.9718        -0.9753
     25.0861         2.9716        -0.9753
     25.0740         2.9714        -0.9753
     25.0675         2.9712        -0.9753
     25.0580         2.9709        -0.9753
     25.0464         2.9707        -0.9753
     25.0398         2.9706        -0.9818
     25.5133         2.9704        -0.9818
     25.5014         2.9701        -0.9818
     25.4946         2.9698        -0.9818
     25.4826         2.9696        -0.9818
     25.4750         2.9693        -0.9818
     25.4632         2.9691        -0.9818
     25.4563         2.9688        -0.9818
     25.4434         2.9686        -0.9818
     25.4376         2.9684        -0.9818
     25.4256         2.9682        -0.9818
     25.4178         2.9680        -0.9818
     25.4067         2.9678        -0.9818
     25.3997         2.9676        -0.9818
     25.3831         2.9674        -0.9818
     25.3807         2.9672        -0.9818
     25.3687         2.9671        -0.9818
     25.3573         2.9669        -0.9818
     25.3497         2.9668        -0.9818
     25.3428         2.9666        -0.9818
     25.3261         2.9665        -0.9818
     25.3237         2.9664        -0.9818
     25.3079         2.9663        -0.9818
     25.3037         2.9661        -0.9818
     25.2889         2.9660        -0.9818
     25.2855         2.9659        -0.9818
     25.2691         2.9659        -0.9818
     25.2663         2.9658        -0.9818
     25.2500         2.9657        -0.9818
     25.2470         2.9656        -0.9818
     25.2303         2.9656        -0.9818
     25.2279         2.9655        -0.9818
     25.2112         2.9655        -0.9818
     25.2088         2.9654        -0.9818
     25.1921         2.9654        -0.9818
     25.1894         2.9654        -0.9818
     25.1728         2.9653        -0.9818
     25.1702         2.9653        -0.9818
     25.1537         2.9653        -0.9818
     25.1510         2.9653        -0.9818
     25.1341         2.9653        -0.9818
     25.1317         2.9653        -0.9818
     25.1149         2.9654        -0.9818
     25.1123         2.9654        -0.9818
     25.0955         2.9654        -0.9818
     25.0931         2.9654        -0.9818
     25.0764         2.9655        -0.9818
     25.0739         2.9655        -0.9818
     25.0572         2.9656        -0.9818
     25.0545         2.9657        -0.9818
     25.0371         2.9657        -0.9753
     25.4548         2.9658        -0.9753
     25.4384         2.9658        -0.9753
     25.4354         2.9659        -0.9753
     25.4189         2.9659        -0.9753
     25.4160         2.9660        -0.9753
     25.3996         2.9660        -0.9753
     25.3967         2.9661        -0.9753
     25.3799         2.9661        -0.9753
     25.3772         2.9662        -0.9753
     25.3607         2.9663        -0.9753
     25.3577         2.9664        -0.9753
     25.3412         2.9665        -0.9753
     25.3384         2.9666        -0.9753
     25.3218         2.9667        -0.9753
     25.3189         2.9668        -0.9753
     25.3022         2.9669        -0.9753
     25.2993         2.9671        -0.9753
     25.2826         2.9672        -0.9753
     25.2799         2.9673        -0.9753
     25.2634         2.9675        -0.9753
     25.2602         2.9676        -0.9753
     25.2404         2.9678        -0.9753
     25.2408         2.9680        -0.9753
     25.2244         2.9681        -0.9753
     25.2179         2.9683        -0.9753
     25.2046         2.9685        -0.9753
     25.1983         2.9687        -0.9753
     25.1819         2.9689        -0.9753
     25.1788         2.9691        -0.9753
     25.1625         2.9693        -0.9753
     25.1594         2.9695        -0.9753
     25.1427         2.9697        -0.9753
     25.1398         2.9699        -0.9753
     25.1234         2.9702        -0.9753
     25.1203         2.9704        -0.9753
     25.1040         2.9707        -0.9753
     25.0999         2.9709        -0.9753
     25.0798         2.9712        -0.9753
     25.0803         2.9714        -0.9753
     25.0605         2.9717        -0.9753
     25.0609         2.9719        -0.9753
     25.0407         2.9722        -0.9753
     25.0413         2.9725        -0.9753
     25.0214         2.9728        -0.9753
     25.0219         2.9731        -0.9753
     25.0017         2.9734        -0.9753
     25.0022         2.9737        -0.9753
     24.9823         2.9740        -0.9753
     24.9829         2.9743        -0.9753
     24.9626         2.9746        -0.9597
     25.1571         2.9749        -0.9597
     25.1392         2.9752        -0.9597
     25.1345         2.9755        -0.9597
     25.1197         2.9759        -0.9597
     25.1184         2.9762        -0.9597
     25.0962         2.9765        -0.9597
     25.0989         2.9769        -0.9597
     25.0768         2.9772        -0.9597
     25.0738         2.9776        -0.9597
     25.0575         2.9779        -0.9597
     25.0602         2.9783        -0.9597
     25.0324         2.9786        -0.9597
     25.0408         2.9790        -0.9597
     25.0189         2.9794        -0.9597
     25.0157         2.9798        -0.9597
     24.9993         2.9802        -0.9597
     25.0023         2.9806        -0.9597
     24.9744         2.9810        -0.9597
     24.9799         2.9814        -0.9597
     24.9609         2.9818        -0.9597
     24.9517         2.9822        -0.9597
     24.9413         2.9826        -0.9597
     24.9395         2.9830        -0.9597
     24.9133         2.9834        -0.9597
     24.9196         2.9839        -0.9597
     24.9028         2.9843        -0.9597
     24.8915         2.9848        -0.9597
     24.8790         2.9852        -0.9597
     24.8799         2.9856        -0.9597
     24.8537         2.9861        -0.9597
     24.8587         2.9866        -0.9597
     24.8433         2.9870        -0.9597
     24.8326         2.9875        -0.9597
     24.8189         2.9880        -0.9597
     24.8234         2.9884        -0.9597
     24.7907         2.9889        -0.9597
     24.8029         2.9894        -0.9597
     24.7803         2.9899        -0.9597
     24.7762         2.9904        -0.9597
     24.7611         2.9909        -0.9597
     24.7604         2.9914        -0.9597
     24.7332         2.9919        -0.9597
     24.7427         2.9924        -0.9597
     24.7199         2.9929        -0.9597
     24.7129         2.9934        -0.9597
     24.7021         2.9940        -0.9597
     24.7013         2.9945        -0.9597
     24.6740         2.9950        -0.9597
     24.6834         2.9955        -0.9597
     24.6593         2.9961        -0.9400
     24.5704         2.9966        -0.9400
     24.5580         2.9972        -0.9400
     24.5533         2.9978        -0.9400
     24.5333         2.9984        -0.9400
     24.5380         2.9989        -0.9400
     24.5163         2.9995        -0.9400
     24.5136         3.0001        -0.9400
     24.5009         3.0007        -0.9400
     24.4965         3.0013        -0.9400
     24.4766         3.0019        -0.9400
     24.4800         3.0025        -0.9400
     24.4584         3.0031        -0.9400
     24.4560         3.0038        -0.9400
     24.4407         3.0044        -0.9400
     24.4361         3.0050        -0.9400
     24.4226         3.0056        -0.9400
     24.4189         3.0063        -0.9400
     24.4028         3.0069        -0.9400
     24.4005         3.0076        -0.9400
     24.3852         3.0082        -0.9400
     24.3804         3.0089        -0.9400
     24.3663         3.0095        -0.9400
     24.3602         3.0102        -0.9400
     24.3465         3.0108        -0.9400
     24.3415         3.0115        -0.9400
     24.3288         3.0122        -0.9400
     24.3218         3.0129        -0.9400
     24.3103         3.0135        -0.9400
     24.3027         3.0142        -0.9400
     24.2868         3.0149        -0.9400
     24.2842         3.0156        -0.9400
     24.2735         3.0163        -0.9400
     24.2606         3.0170        -0.9400
     24.2523         3.0177        -0.9400
     24.2473         3.0184        -0.9400
     24.2286         3.0191        -0.9400
     24.2286         3.0198        -0.9400
     24.2154         3.0205        -0.9400
     24.2031         3.0212        -0.9400
     24.1966         3.0219        -0.9400
     24.1876         3.0226        -0.9400
     24.1771         3.0234        -0.9400
     24.1671         3.0241        -0.9400
     24.1597         3.0248        -0.9400
     24.1495         3.0256        -0.9400
     24.1413         3.0263        -0.9400
     24.1294         3.0270        -0.9400
     24.1178         3.0278        -0.9400
     24.1128         3.0285        -0.9400
     24.1019         3.0293        -0.9187
     23.7314         3.0300        -0.9187
     23.7248         3.0308        -0.9187
     23.7214         3.0316        -0.9187
     23.6998         3.0324        -0.9187
     23.7034         3.0332        -0.9187
     23.6875         3.0340        -0.9187
     23.6791         3.0348        -0.9187
     23.6697         3.0357        -0.9187
     23.6637         3.0365        -0.9187
     23.6482         3.0373        -0.9187
     23.6441         3.0381        -0.9187
     23.6332         3.0390        -0.9187
     23.6244         3.0398        -0.9187
     23.6154         3.0406        -0.9187
     23.6094         3.0415        -0.9187
     23.5939         3.0423        -0.9187
     23.5900         3.0432        -0.9187
     23.5771         3.0440        -0.9187
     23.5719         3.0449        -0.9187
     23.5589         3.0458        -0.9187
     23.5550         3.0466        -0.9187
     23.5380         3.0475        -0.9187
     23.5360         3.0484        -0.9187
     23.5229         3.0492        -0.9187
     23.5190         3.0501        -0.9187
     23.5014         3.0510        -0.9187
     23.5012         3.0519        -0.9187
     23.4859         3.0527        -0.9187
     23.4821         3.0536        -0.9187
     23.4670         3.0545        -0.9187
     23.4649         3.0554        -0.9187
     23.4497         3.0563        -0.9187
     23.4457         3.0572        -0.9187
     23.4300         3.0581        -0.9187
     23.4264         3.0590        -0.9187
     23.4141         3.0599        -0.9187
     23.4098         3.0608        -0.9187
     23.3940         3.0617        -0.9187
     23.3919         3.0626        -0.9187
     23.3788         3.0635        -0.9187
     23.3693         3.0645        -0.9187
     23.3606         3.0654        -0.9187
     23.3542         3.0663        -0.9187
     23.3413         3.0672        -0.9187
     23.3355         3.0681        -0.9187
     23.3227         3.0691        -0.9187
     23.3142         3.0700        -0.9187
     23.3055         3.0709        -0.9187
     23.2981         3.0719        -0.9187
     23.2855         3.0728        -0.8993
     22.6711         3.0737        -0.8993
     22.6676         3.0747        -0.8993
     22.6549         3.0757        -0.8993
     22.6501         3.0766        -0.8993
     22.6381         3.0776        -0.8993
     22.6313         3.0786        -0.8993
     22.6196         3.0795        -0.8993
     22.6152         3.0805        -0.8993
     22.6037         3.0815        -0.8993
     22.5963         3.0825        -0.8993
     22.5845         3.0835        -0.8993
     22.5791         3.0845        -0.8993
     22.5679         3.0855        -0.8993
     22.5583         3.0865        -0.8993
     22.5522         3.0875        -0.8993
     22.5425         3.0885        -0.8993
     22.5336         3.0895        -0.8993
     22.5262         3.0905        -0.8993
     22.5176         3.0915        -0.8993
     22.5014         3.0925        -0.8993
     22.5005         3.0935        -0.8993
     22.4922         3.0946        -0.8993
     22.4798         3.0956        -0.8993
     22.4723         3.0966        -0.8993
     22.4652         3.0976        -0.8993
     22.4547         3.0986        -0.8993
     22.4487         3.0997        -0.8993
     22.4375         3.1007        -0.8993
     22.4289         3.1017        -0.8993
     22.4251         3.1028        -0.8993
     22.4153         3.1038        -0.8993
     22.4036         3.1048        -0.8993
     22.3975         3.1059        -0.8993
     22.3895         3.1069        -0.8993
     22.3799         3.1080        -0.8993
     22.3727         3.1090        -0.8993
     22.3629         3.1100        -0.8993
     22.3559         3.1111        -0.8993
     22.3477         3.1121        -0.8993
     22.3382         3.1132        -0.8993
     22.3308         3.1142        -0.8993
     22.3213         3.1153        -0.8993
     22.3141         3.1163        -0.8993
     22.3026         3.1174        -0.8993
     22.3000         3.1185        -0.8993
     22.2870         3.1195        -0.8993
     22.2831         3.1206        -0.8993
     22.2702         3.1216        -0.8993
     22.2665         3.1227        -0.8993
     22.2525         3.1238        -0.8845
     21.4175         3.1248        -0.8845
     21.4121         3.1259        -0.8845
     21.4010         3.1269        -0.8845
     21.3934         3.1279        -0.8845
     21.3826         3.1290        -0.8845
     21.3762         3.1300        -0.8845
     21.3709         3.1311        -0.8845
     21.3598         3.1321        -0.8845
     21.3515         3.1332        -0.8845
     21.3467         3.1342        -0.8845
     21.3342         3.1353        -0.8845
     21.3286         3.1364        -0.8845
     21.3212         3.1374        -0.8845
     21.3120         3.1385        -0.8845
     21.3056         3.1396        -0.8845
     21.2976         3.1407        -0.8845
     21.2879         3.1417        -0.8845
     21.2808         3.1428        -0.8845
     21.2748         3.1439        -0.8845
     21.2647         3.1450        -0.8845
     21.2575         3.1461        -0.8845
     21.2502         3.1472        -0.8845
     21.2411         3.1482        -0.8845
     21.2337         3.1493        -0.8845
     21.2280         3.1504        -0.8845
     21.2144         3.1515        -0.8845
     21.2127         3.1526        -0.8845
     21.1974         3.1537        -0.8845
     21.1959         3.1548        -0.8845
     21.1844         3.1559        -0.8845
     21.1815         3.1570        -0.8845
     21.1690         3.1581        -0.8845
     21.1677         3.1592        -0.8845
     21.1550         3.1603        -0.8845
     21.1516         3.1614        -0.8845
     21.1392         3.1625        -0.8845
     21.1384         3.1636        -0.8845
     21.1206         3.1647        -0.8845
     21.1234         3.1658        -0.8845
     21.1093         3.1670        -0.8845
     21.1059         3.1681        -0.8845
     21.0957         3.1692        -0.8845
     21.0936         3.1703        -0.8845
     21.0771         3.1714        -0.8845
     21.0768         3.1725        -0.8845
     21.0633         3.1736        -0.8845
     21.0605         3.1747        -0.8845
     21.0468         3.1759        -0.8845
     21.0475         3.1770        -0.8845
     21.0279         3.1781        -0.8751
     20.0394         3.1792        -0.8751
     20.0337         3.1803        -0.8751
     20.0252         3.1813        -0.8751
     20.0174         3.1824        -0.8751
     20.0137         3.1834        -0.8751
     20.0009         3.1845        -0.8751
     19.9981         3.1855        -0.8751
     19.9856         3.1866        -0.8751
     19.9824         3.1876        -0.8751
     19.9731         3.1887        -0.8751
     19.9696         3.1898        -0.8751
     19.9524         3.1909        -0.8751
     19.9552         3.1919        -0.8751
     19.9443         3.1930        -0.8751
     19.9389         3.1941        -0.8751
     19.9276         3.1951        -0.8751
     19.9251         3.1962        -0.8751
     19.9108         3.1973        -0.8751
     19.9118         3.1984        -0.8751
     19.8966         3.1995        -0.8751
     19.8943         3.2006        -0.8751
     19.8872         3.2016        -0.8751
     19.8824         3.2027        -0.8751
     19.8678         3.2038        -0.8751
     19.8685         3.2049        -0.8751
     19.8553         3.2060        -0.8751
     19.8543         3.2071        -0.8751
     19.8414         3.2082        -0.8751
     19.8375         3.2093        -0.8751
     19.8256         3.2104        -0.8751
     19.8259         3.2115        -0.8751
     19.8117         3.2126        -0.8751
     19.8086         3.2137        -0.8751
     19.7969         3.2148        -0.8751
     19.7967         3.2159        -0.8751
     19.7813         3.2170        -0.8751
     19.7802         3.2181        -0.8751
     19.7690         3.2192        -0.8751
     19.7668         3.2203        -0.8751
     19.7542         3.2214        -0.8751
     19.7538         3.2225        -0.8751
     19.7388         3.2236        -0.8751
     19.7418         3.2247        -0.8751
     19.7269         3.2258        -0.8751
     19.7256         3.2269        -0.8751
     19.7146         3.2281        -0.8751
     19.7129         3.2292        -0.8751
     19.6932         3.2303        -0.8751
     19.7031         3.2314        -0.8751
     19.6880         3.2325        -0.8724
     18.5612         3.2336        -0.8724
     18.5530         3.2345        -0.8724
     18.5513         3.2355        -0.8724
     18.5340         3.2364        -0.8724
     18.5400         3.2374        -0.8724
     18.5236         3.2383        -0.8724
     18.5216         3.2393        -0.8724
     18.5136         3.2403        -0.8724
     18.5114         3.2412        -0.8724
     18.4943         3.2422        -0.8724
     18.5006         3.2432        -0.8724
     18.4847         3.2441        -0.8724
     18.4826         3.2451        -0.8724
     18.4736         3.2461        -0.8724
     18.4724         3.2470        -0.8724
     18.4560         3.2480        -0.8724
     18.4623         3.2490        -0.8724
     18.4448         3.2500        -0.8724
     18.4440         3.2510        -0.8724
     18.4325         3.2520        -0.8724
     18.4331         3.2529        -0.8724
     18.4169         3.2539        -0.8724
     18.4209         3.2549        -0.8724
     18.4066         3.2559        -0.8724
     18.4033         3.2569        -0.8724
     18.3944         3.2579        -0.8724
     18.3947         3.2589        -0.8724
     18.3772         3.2599        -0.8724
     18.3826         3.2609        -0.8724
     18.3684         3.2619        -0.8724
     18.3652         3.2629        -0.8724
     18.3561         3.2639        -0.8724
     18.3565         3.2649        -0.8724
     18.3390         3.2659        -0.8724
     18.3443         3.2669        -0.8724
     18.3314         3.2679        -0.8724
     18.3298         3.2689        -0.8724
     18.3195         3.2700        -0.8724
     18.3188         3.2710        -0.8724
     18.2995         3.2720        -0.8724
     18.3102         3.2730        -0.8724
     18.2899         3.2740        -0.8724
     18.2914         3.2750        -0.8724
     18.2809         3.2760        -0.8724
     18.2802         3.2771        -0.8724
     18.2640         3.2781        -0.8724
     18.2714         3.2791        -0.8724
     18.2543         3.2801        -0.8724
     18.2541         3.2811        -0.8724
     18.2445         3.2822        -0.8741
     17.0981         3.2832        -0.8741
     17.0824         3.2840        -0.8741
     17.0893         3.2847        -0.8741
     17.0718         3.2855        -0.8741
     17.0729         3.2863        -0.8741
     17.0650         3.2871        -0.8741
     17.0630         3.2879        -0.8741
     17.0479         3.2886        -0.8741
     17.0513         3.2894        -0.8741
     17.0406         3.2902        -0.8741
     17.0361         3.2910        -0.8741
     17.0298         3.2918        -0.8741
     17.0277         3.2927        -0.8741
     17.0139         3.2935        -0.8741
     17.0184         3.2943        -0.8741
     17.0049         3.2951        -0.8741
     17.0022         3.2959        -0.8741
     16.9938         3.2967        -0.8741
     16.9905         3.2976        -0.8741
     16.9767         3.2984        -0.8741
     16.9822         3.2992        -0.8741
     16.9695         3.3000        -0.8741
     16.9635         3.3009        -0.8741
     16.9578         3.3017        -0.8741
     16.9533         3.3025        -0.8741
     16.9441         3.3034        -0.8741
     16.9447         3.3042        -0.8741
     16.9342         3.3051        -0.8741
     16.9280         3.3059        -0.8741
     16.9261         3.3067        -0.8741
     16.9193         3.3076        -0.8741
     16.9095         3.3084        -0.8741
     16.9111         3.3093        -0.8741
     16.9016         3.3102        -0.8741
     16.8951         3.3110        -0.8741
     16.8925         3.3119        -0.8741
     16.8851         3.3127        -0.8741
     16.8764         3.3136        -0.8741
     16.8771         3.3144        -0.8741
     16.8666         3.3153        -0.8741
     16.8621         3.3162        -0.8741
     16.8546         3.3170        -0.8741
     16.8559         3.3179        -0.8741
     16.8393         3.3188        -0.8741
     16.8455         3.3197        -0.8741
     16.8333         3.3205        -0.8741
     16.8287         3.3214        -0.8741
     16.8229         3.3223        -0.8741
     16.8231         3.3232        -0.8741
     16.8064         3.3240        -0.8795
     15.7188         3.3249        -0.8795
     15.7072         3.3255        -0.8795
     15.7056         3.3261        -0.8795
     15.6991         3.3266        -0.8795
     15.6968         3.3272        -0.8795
     15.6868         3.3278        -0.8795
     15.6883         3.3284        -0.8795
     15.6781         3.3290        -0.8795
     15.6749         3.3296        -0.8795
     15.6696         3.3302        -0.8795
     15.6663         3.3308        -0.8795
     15.6565         3.3314        -0.8795
     15.6578         3.3321        -0.8795
     15.6484         3.3327        -0.8795
     15.6452         3.3333        -0.8795
     15.6392         3.3339        -0.8795
     15.6369         3.3346        -0.8795
     15.6266         3.3352        -0.8795
     15.6282         3.3358        -0.8795
     15.6192         3.3365        -0.8795
     15.6161         3.3371        -0.8795
     15.6099         3.3378        -0.8795
     15.6083         3.3384        -0.8795
     15.5978         3.3391        -0.8795
     15.5992         3.3398        -0.8795
     15.5899         3.3404        -0.8795
     15.5891         3.3411        -0.8795
     15.5806         3.3418        -0.8795
     15.5781         3.3424        -0.8795
     15.5686         3.3431        -0.8795
     15.5692         3.3438        -0.8795
     15.5608         3.3445        -0.8795
     15.5590         3.3452        -0.8795
     15.5504         3.3458        -0.8795
     15.5480         3.3465        -0.8795
     15.5385         3.3472        -0.8795
     15.5364         3.3479        -0.8795
     15.5316         3.3486        -0.8795
     15.5241         3.3493        -0.8795
     15.5198         3.3500        -0.8795
     15.5169         3.3507        -0.8795
     15.5068         3.3514        -0.8795
     15.5102         3.3521        -0.8795
     15.4997         3.3529        -0.8795
     15.4948         3.3536        -0.8795
     15.4928         3.3543        -0.8795
     15.4891         3.3550        -0.8795
     15.4815         3.3557        -0.8795
     15.4816         3.3565        -0.8795
     15.4732         3.3572        -0.8900
     14.4653         3.3579        -0.8900
     14.4668         3.3582        -0.8900
     14.4569         3.3586        -0.8900
     14.4526         3.3589        -0.8900
     14.4499         3.3592        -0.8900
     14.4471         3.3596        -0.8900
     14.4361         3.3599        -0.8900
     14.4422         3.3603        -0.8900
     14.4315         3.3607        -0.8900
     14.4268         3.3611        -0.8900
     14.4240         3.3614        -0.8900
     14.4200         3.3618        -0.8900
     14.4105         3.3622        -0.8900
     14.4166         3.3626        -0.8900
     14.4058         3.3630        -0.8900
     14.4004         3.3634        -0.8900
     14.4006         3.3639        -0.8900
     14.3966         3.3643        -0.8900
     14.3858         3.3647        -0.8900
     14.3900         3.3651        -0.8900
     14.3813         3.3656        -0.8900
     14.3758         3.3660        -0.8900
     14.3756         3.3664        -0.8900
     14.3704         3.3669        -0.8900
     14.3615         3.3674        -0.8900
     14.3648         3.3678        -0.8900
     14.3561         3.3683        -0.8900
     14.3511         3.3687        -0.8900
     14.3497         3.3692        -0.8900
     14.3453         3.3697        -0.8900
     14.3368         3.3702        -0.8900
     14.3411         3.3706        -0.8900
     14.3307         3.3711        -0.8900
     14.3280         3.3716        -0.8900
     14.3263         3.3721        -0.8900
     14.3215         3.3726        -0.8900
     14.3111         3.3731        -0.8900
     14.3152         3.3736        -0.8900
     14.3038         3.3741        -0.8900
     14.3034         3.3746        -0.8900
     14.2957         3.3751        -0.8900
     14.2979         3.3756        -0.8900
     14.2848         3.3762        -0.8900
     14.2902         3.3767        -0.8900
     14.2789         3.3772        -0.8900
     14.2783         3.3777        -0.8900
     14.2725         3.3783        -0.8900
     14.2727         3.3788        -0.8900
     14.2599         3.3793        -0.8900
     14.2660         3.3799        -0.9008
     13.4001         3.3804        -0.9008
     13.3956         3.3806        -0.9008
     13.3908         3.3807        -0.9008
     13.3898         3.3808        -0.9008
     13.3809         3.3810        -0.9008
     13.3818         3.3811        -0.9008
     13.3758         3.3813        -0.9008
     13.3735         3.3814        -0.9008
     13.3686         3.3816        -0.9008
     13.3682         3.3818        -0.9008
     13.3593         3.3820        -0.9008
     13.3602         3.3822        -0.9008
     13.3551         3.3824        -0.9008
     13.3503         3.3826        -0.9008
     13.3488         3.3828        -0.9008
     13.3467         3.3830        -0.9008
     13.3358         3.3832        -0.9008
     13.3402         3.3835        -0.9008
     13.3327         3.3837        -0.9008
     13.3292         3.3839        -0.9008
     13.3270         3.3842        -0.9008
     13.3226         3.3844        -0.9008
     13.3171         3.3847        -0.9008
     13.3177         3.3850        -0.9008
     13.3128         3.3852        -0.9008
     13.3074         3.3855        -0.9008
     13.3038         3.3858        -0.9008
     13.3035         3.3861        -0.9008
     13.2951         3.3863        -0.9008
     13.2951         3.3866        -0.9008
     13.2917         3.3869        -0.9008
     13.2828         3.3872        -0.9008
     13.2843         3.3875        -0.9008
     13.2815         3.3878        -0.9008
     13.2741         3.3882        -0.9008
     13.2728         3.3885        -0.9008
     13.2676         3.3888        -0.9008
     13.2625         3.3891        -0.9008
     13.2618         3.3895        -0.9008
     13.2591         3.3898        -0.9008
     13.2497         3.3901        -0.9008
     13.2511         3.3905        -0.9008
     13.2486         3.3908        -0.9008
     13.2416         3.3912        -0.9008
     13.2393         3.3915        -0.9008
     13.2387         3.3919        -0.9008
     13.2307         3.3922        -0.9008
     13.2311         3.3926        -0.9008
     13.2262         3.3930        -0.9008
     13.2210         3.3934        -0.9117
     12.5157         3.3937        -0.9117
     12.5123         3.3937        -0.9117
     12.5042         3.3936        -0.9117
     12.5072         3.3935        -0.9117
     12.5009         3.3935        -0.9117
     12.4992         3.3934        -0.9117
     12.4962         3.3934        -0.9117
     12.4926         3.3934        -0.9117
     12.4874         3.3933        -0.9117
     12.4897         3.3933        -0.9117
     12.4816         3.3933        -0.9117
     12.4816         3.3933        -0.9117
     12.4790         3.3933        -0.9117
     12.4772         3.3933        -0.9117
     12.4677         3.3933        -0.9117
     12.4739         3.3933        -0.9117
     12.4656         3.3934        -0.9117
     12.4628         3.3934        -0.9117
     12.4597         3.3934        -0.9117
     12.4587         3.3935        -0.9117
     12.4506         3.3935        -0.9117
     12.4548         3.3936        -0.9117
     12.4455         3.3936        -0.9117
     12.4436         3.3937        -0.9117
     12.4441         3.3938        -0.9117
     12.4377         3.3938        -0.9117
     12.4311         3.3939        -0.9117
     12.4357         3.3940        -0.9117
     12.4254         3.3941        -0.9117
     12.4251         3.3942        -0.9117
     12.4237         3.3943        -0.9117
     12.4197         3.3944        -0.9117
     12.4134         3.3945        -0.9117
     12.4174         3.3946        -0.9117
     12.4076         3.3947        -0.9117
     12.4076         3.3948        -0.9117
     12.4053         3.3950        -0.9117
     12.4036         3.3951        -0.9117
     12.3931         3.3952        -0.9117
     12.4008         3.3954        -0.9117
     12.3898         3.3955        -0.9117
     12.3886         3.3957        -0.9117
     12.3854         3.3958        -0.9117
     12.3841         3.3960        -0.9117
     12.3764         3.3962        -0.9117
     12.3821         3.3963        -0.9117
     12.3697         3.3965        -0.9117
     12.3737         3.3967        -0.9117
     12.3679         3.3968        -0.9117
     12.3664         3.3970        -0.9206
     11.8120         3.3972        -0.9206
     11.8154         3.3970        -0.9206
     11.8029         3.3968        -0.9206
     11.8075         3.3965        -0.9206
     11.7972         3.3963        -0.9206
     11.8038         3.3961        -0.9206
     11.7948         3.3959        -0.9206
     11.8016         3.3957        -0.9206
     11.7854         3.3955        -0.9206
     11.7950         3.3954        -0.9206
     11.7808         3.3952        -0.9206
     11.7897         3.3950        -0.9206
     11.7748         3.3948        -0.9206
     11.7846         3.3947        -0.9206
     11.7726         3.3945        -0.9206
     11.7799         3.3944        -0.9206
     11.7665         3.3942        -0.9206
     11.7732         3.3941        -0.9206
     11.7634         3.3940        -0.9206
     11.7693         3.3939        -0.9206
     11.7576         3.3937        -0.9206
     11.7650         3.3936        -0.9206
     11.7513         3.3935        -0.9206
     11.7596         3.3934        -0.9206
     11.7470         3.3933        -0.9206
     11.7539         3.3932        -0.9206
     11.7427         3.3931        -0.9206
     11.7488         3.3930        -0.9206
     11.7364         3.3929        -0.9206
     11.7453         3.3929        -0.9206
     11.7332         3.3928        -0.9206
     11.7389         3.3927        -0.9206
     11.7271         3.3927        -0.9206
     11.7359         3.3926        -0.9206
     11.7221         3.3926        -0.9206
     11.7312         3.3925        -0.9206
     11.7193         3.3925        -0.9206
     11.7218         3.3924        -0.9206
     11.7141         3.3924        -0.9206
     11.7220         3.3924        -0.9206
     11.7082         3.3923        -0.9206
     11.7157         3.3923        -0.9206
     11.7036         3.3923        -0.9206
     11.7110         3.3923        -0.9206
     11.7003         3.3923        -0.9206
     11.7061         3.3923        -0.9206
     11.6944         3.3922        -0.9206
     11.7021         3.3923        -0.9206
     11.6878         3.3923        -0.9206
     11.6956         3.3923        -0.9267
     11.2748         3.3923        -0.9267
     11.2802         3.3920        -0.9267
     11.2660         3.3917        -0.9267
     11.2795         3.3914        -0.9267
     11.2603         3.3911        -0.9267
     11.2726         3.3908        -0.9267
     11.2613         3.3905        -0.9267
     11.2676         3.3902        -0.9267
     11.2526         3.3899        -0.9267
     11.2670         3.3897        -0.9267
     11.2492         3.3894        -0.9267
     11.2591         3.3891        -0.9267
     11.2469         3.3889        -0.9267
     11.2545         3.3886        -0.9267
     11.2421         3.3884        -0.9267
     11.2514         3.3881        -0.9267
     11.2376         3.3879        -0.9267
     11.2473         3.3877        -0.9267
     11.2350         3.3874        -0.9267
     11.2427         3.3872        -0.9267
     11.2294         3.3870        -0.9267
     11.2409         3.3868        -0.9267
     11.2255         3.3865        -0.9267
     11.2348         3.3863        -0.9267
     11.2239         3.3861        -0.9267
     11.2310         3.3859        -0.9267
     11.2183         3.3857        -0.9267
     11.2289         3.3855        -0.9267
     11.2139         3.3853        -0.9267
     11.2233         3.3852        -0.9267
     11.2115         3.3850        -0.9267
     11.2195         3.3848        -0.9267
     11.2061         3.3846        -0.9267
     11.2172         3.3844        -0.9267
     11.2007         3.3843        -0.9267
     11.2118         3.3841        -0.9267
     11.1978         3.3840        -0.9267
     11.2087         3.3838        -0.9267
     11.1924         3.3837        -0.9267
     11.2043         3.3835        -0.9267
     11.1896         3.3834        -0.9267
     11.1985         3.3832        -0.9267
     11.1859         3.3831        -0.9267
     11.1952         3.3830        -0.9267
     11.1817         3.3828        -0.9267
     11.1929         3.3827        -0.9267
     11.1778         3.3826        -0.9267
     11.1869         3.3825        -0.9267
     11.1752         3.3823        -0.9267
     11.1840         3.3822        -0.9322
     10.8683         3.3821        -0.9322
     10.8754         3.3817        -0.9322
     10.8690         3.3814        -0.9322
     10.8675         3.3810        -0.9322
     10.8667         3.3807        -0.9322
     10.8670         3.3803        -0.9322
     10.8596         3.3800        -0.9322
     10.8627         3.3796        -0.9322
     10.8591         3.3793        -0.9322
     10.8568         3.3789        -0.9322
     10.8557         3.3786        -0.9322
     10.8540         3.3783        -0.9322
     10.8506         3.3779        -0.9322
     10.8513         3.3776        -0.9322
     10.8486         3.3773        -0.9322
     10.8456         3.3770        -0.9322
     10.8453         3.3767        -0.9322
     10.8443         3.3764        -0.9322
     10.8404         3.3761        -0.9322
     10.8402         3.3758        -0.9322
     10.8384         3.3755        -0.9322
     10.8361         3.3752        -0.9322
     10.8350         3.3749        -0.9322
     10.8334         3.3746        -0.9322
     10.8302         3.3743        -0.9322
     10.8309         3.3740        -0.9322
     10.8283         3.3738        -0.9322
     10.8264         3.3735        -0.9322
     10.8261         3.3732        -0.9322
     10.8254         3.3730        -0.9322
     10.8206         3.3727        -0.9322
     10.8222         3.3724        -0.9322
     10.8210         3.3722        -0.9322
     10.8155         3.3719        -0.9322
     10.8130         3.3717        -0.9322
     10.8199         3.3714        -0.9322
     10.8080         3.3712        -0.9322
     10.8152         3.3709        -0.9322
     10.8082         3.3707        -0.9322
     10.8107         3.3705        -0.9322
     10.8044         3.3702        -0.9322
     10.8098         3.3700        -0.9322
     10.7987         3.3698        -0.9322
     10.8049         3.3696        -0.9322
     10.7987         3.3694        -0.9322
     10.7997         3.3692        -0.9322
     10.7932         3.3689        -0.9322
     10.7995         3.3687        -0.9322
     10.7894         3.3685        -0.9322
     10.7957         3.3683        -0.9364
     10.5931         3.3681        -0.9364
     10.5921         3.3677        -0.9364
     10.5908         3.3674        -0.9364
     10.5928         3.3670        -0.9364
     10.5838         3.3666        -0.9364
     10.5891         3.3662        -0.9364
     10.5827         3.3659        -0.9364
     10.5823         3.3655        -0.9364
     10.5807         3.3651        -0.9364
     10.5819         3.3648        -0.9364
     10.5740         3.3644        -0.9364
     10.5799         3.3641        -0.9364
     10.5736         3.3637        -0.9364
     10.5731         3.3634        -0.9364
     10.5714         3.3630        -0.9364
     10.5722         3.3627        -0.9364
     10.5642         3.3624        -0.9364
     10.5701         3.3620        -0.9364
     10.5632         3.3617        -0.9364
     10.5635         3.3614        -0.9364
     10.5617         3.3611        -0.9364
     10.5631         3.3607        -0.9364
     10.5544         3.3604        -0.9364
     10.5611         3.3601        -0.9364
     10.5548         3.3598        -0.9364
     10.5538         3.3595        -0.9364
     10.5527         3.3592        -0.9364
     10.5556         3.3588        -0.9364
     10.5460         3.3585        -0.9364
     10.5514         3.3582        -0.9364
     10.5459         3.3579        -0.9364
     10.5449         3.3576        -0.9364
     10.5458         3.3573        -0.9364
     10.5443         3.3571        -0.9364
     10.5381         3.3568        -0.9364
     10.5424         3.3565        -0.9364
     10.5376         3.3562        -0.9364
     10.5380         3.3559        -0.9364
     10.5360         3.3556        -0.9364
     10.5356         3.3554        -0.9364
     10.5298         3.3551        -0.9364
     10.5333         3.3548        -0.9364
     10.5319         3.3546        -0.9364
     10.5273         3.3543        -0.9364
     10.5279         3.3540        -0.9364
     10.5268         3.3538        -0.9364
     10.5225         3.3535        -0.9364
     10.5265         3.3533        -0.9364
     10.5222         3.3530        -0.9364
     10.5194         3.3527        -0.9393
     10.4176         3.3525        -0.9393
     10.4164         3.3521        -0.9393
     10.4114         3.3518        -0.9393
     10.4120         3.3514        -0.9393
     10.4119         3.3511        -0.9393
     10.4073         3.3507        -0.9393
     10.4089         3.3503        -0.9393
     10.4086         3.3500        -0.9393
     10.4042         3.3496        -0.9393
     10.4027         3.3493        -0.9393
     10.4053         3.3490        -0.9393
     10.3994         3.3486        -0.9393
     10.4003         3.3483        -0.9393
     10.3996         3.3479        -0.9393
     10.3941         3.3476        -0.9393
     10.3963         3.3473        -0.9393
     10.3954         3.3469        -0.9393
     10.3916         3.3466        -0.9393
     10.3915         3.3463        -0.9393
     10.3915         3.3460        -0.9393
     10.3873         3.3457        -0.9393
     10.3887         3.3453        -0.9393
     10.3869         3.3450        -0.9393
     10.3849         3.3447        -0.9393
     10.3816         3.3444        -0.9393
     10.3850         3.3441        -0.9393
     10.3791         3.3438        -0.9393
     10.3809         3.3435        -0.9393
     10.3794         3.3432        -0.9393
     10.3760         3.3429        -0.9393
     10.3755         3.3426        -0.9393
     10.3763         3.3423        -0.9393
     10.3732         3.3420        -0.9393
     10.3728         3.3417        -0.9393
     10.3694         3.3414        -0.9393
     10.3697         3.3411        -0.9393
     10.3686         3.3408        -0.9393
     10.3683         3.3405        -0.9393
     10.3645         3.3402        -0.9393
     10.3649         3.3400        -0.9393
     10.3625         3.3397        -0.9393
     10.3630         3.3394        -0.9393
     10.3598         3.3391        -0.9393
     10.3607         3.3388        -0.9393
     10.3574         3.3386        -0.9393
     10.3580         3.3383        -0.9393
     10.3551         3.3380        -0.9393
     10.3555         3.3378        -0.9393
     10.3530         3.3375        -0.9393
     10.3538         3.3373        -0.9411
     10.3302         3.3370        -0.9411
     10.3317         3.3367        -0.9411
     10.3254         3.3364        -0.9411
     10.3294         3.3361        -0.9411
     10.3222         3.3358        -0.9411
     10.3283         3.3355        -0.9411
     10.3189         3.3352        -0.9411
     10.3245         3.3350        -0.9411
     10.3180         3.3347        -0.9411
     10.3204         3.3344        -0.9411
     10.3131         3.3341        -0.9411
     10.3200         3.3338        -0.9411
     10.3110         3.3335        -0.9411
     10.3176         3.3333        -0.9411
     10.3074         3.3330        -0.9411
     10.3145         3.3327        -0.9411
     10.3052         3.3325        -0.9411
     10.3109         3.3322        -0.9411
     10.3027         3.3319        -0.9411
     10.3075         3.3316        -0.9411
     10.3021         3.3314        -0.9411
     10.3058         3.3311        -0.9411
     10.2975         3.3308        -0.9411
     10.3023         3.3306        -0.9411
     10.2954         3.3303        -0.9411
     10.2999         3.3301        -0.9411
     10.2930         3.3298        -0.9411
     10.2974         3.3296        -0.9411
     10.2911         3.3293        -0.9411
     10.2962         3.3290        -0.9411
     10.2878         3.3288        -0.9411
     10.2915         3.3285        -0.9411
     10.2857         3.3283        -0.9411
     10.2907         3.3280        -0.9411
     10.2827         3.3278        -0.9411
     10.2880         3.3276        -0.9411
     10.2801         3.3273        -0.9411
     10.2857         3.3271        -0.9411
     10.2801         3.3268        -0.9411
     10.2836         3.3266        -0.9411
     10.2751         3.3264        -0.9411
     10.2816         3.3261        -0.9411
     10.2737         3.3259        -0.9411
     10.2785         3.3257        -0.9411
     10.2725         3.3254        -0.9411
     10.2779         3.3252        -0.9411
     10.2679         3.3250        -0.9411
     10.2767         3.3248        -0.9411
     10.2680         3.3245        -0.9411
     10.2725         3.3243        -0.9436
     10.3152         3.3241        -0.9436
     10.3185         3.3239        -0.9436
     10.3133         3.3236        -0.9436
     10.3153         3.3234        -0.9436
     10.3104         3.3232        -0.9436
     10.3094         3.3230        -0.9436
     10.3079         3.3228        -0.9436
     10.3108         3.3225        -0.9436
     10.3026         3.3223        -0.9436
     10.3073         3.3221        -0.9436
     10.3044         3.3219        -0.9436
     10.3029         3.3217        -0.9436
     10.2984         3.3215        -0.9436
     10.3037         3.3213        -0.9436
     10.2957         3.3210        -0.9436
     10.2989         3.3208        -0.9436
     10.2948         3.3206        -0.9436
     10.2947         3.3204        -0.9436
     10.2915         3.3202        -0.9436
     10.2953         3.3200        -0.9436
     10.2864         3.3198        -0.9436
     10.2912         3.3196        -0.9436
     10.2885         3.3194        -0.9436
     10.2872         3.3192        -0.9436
     10.2827         3.3190        -0.9436
     10.2879         3.3188        -0.9436
     10.2794         3.3186        -0.9436
     10.2846         3.3184        -0.9436
     10.2798         3.3182        -0.9436
     10.2801         3.3180        -0.9436
     10.2754         3.3178        -0.9436
     10.2807         3.3176        -0.9436
     10.2734         3.3174        -0.9436
     10.2768         3.3172        -0.9436
     10.2734         3.3170        -0.9436
     10.2734         3.3168        -0.9436
     10.2690         3.3166        -0.9436
     10.2758         3.3164        -0.9436
     10.2653         3.3162        -0.9436
     10.2697         3.3160        -0.9436
     10.2667         3.3159        -0.9436
     10.2671         3.3157        -0.9436
     10.2634         3.3155        -0.9436
     10.2677         3.3153        -0.9436
     10.2587         3.3151        -0.9436
     10.2636         3.3150        -0.9436
     10.2597         3.3148        -0.9436
     10.2619         3.3146        -0.9436
     10.2556         3.3144        -0.9436
     10.2607         3.3142        -0.9462
     10.3663         3.3141        -0.9462
     10.3707         3.3139        -0.9462
     10.3678         3.3138        -0.9462
     10.3683         3.3137        -0.9462
     10.3611         3.3135        -0.9462
     10.3672         3.3134        -0.9462
     10.3582         3.3132        -0.9462
     10.3629         3.3131        -0.9462
     10.3585         3.3130        -0.9462
     10.3576         3.3128        -0.9462
     10.3544         3.3127        -0.9462
     10.3599         3.3126        -0.9462
     10.3489         3.3124        -0.9462
     10.3551         3.3123        -0.9462
     10.3516         3.3121        -0.9462
     10.3504         3.3120        -0.9462
     10.3450         3.3119        -0.9462
     10.3526         3.3117        -0.9462
     10.3423         3.3116        -0.9462
     10.3471         3.3115        -0.9462
     10.3433         3.3113        -0.9462
     10.3433         3.3112        -0.9462
     10.3389         3.3111        -0.9462
     10.3449         3.3109        -0.9462
     10.3349         3.3108        -0.9462
     10.3405         3.3107        -0.9462
     10.3370         3.3105        -0.9462
     10.3350         3.3104        -0.9462
     10.3309         3.3103        -0.9462
     10.3383         3.3101        -0.9462
     10.3283         3.3100        -0.9462
     10.3332         3.3099        -0.9462
     10.3286         3.3097        -0.9462
     10.3276         3.3096        -0.9462
     10.3275         3.3095        -0.9462
     10.3296         3.3093        -0.9462
     10.3199         3.3092        -0.9462
     10.3251         3.3091        -0.9462
     10.3247         3.3090        -0.9462
     10.3199         3.3088        -0.9462
     10.3182         3.3087        -0.9462
     10.3209         3.3086        -0.9462
     10.3172         3.3085        -0.9462
     10.3186         3.3083        -0.9462
     10.3145         3.3082        -0.9462
     10.3148         3.3081        -0.9462
     10.3130         3.3080        -0.9462
     10.3157         3.3079        -0.9462
     10.3068         3.3077        -0.9462
     10.3127         3.3076        -0.9501
     10.4878         3.3075        -0.9501
     10.4872         3.3074        -0.9501
     10.4824         3.3073        -0.9501
     10.4901         3.3073        -0.9501
     10.4788         3.3072        -0.9501
     10.4811         3.3071        -0.9501
     10.4833         3.3070        -0.9501
     10.4809         3.3070        -0.9501
     10.4734         3.3069        -0.9501
     10.4833         3.3068        -0.9501
     10.4716         3.3067        -0.9501
     10.4746         3.3066        -0.9501
     10.4766         3.3065        -0.9501
     10.4745         3.3065        -0.9501
     10.4671         3.3064        -0.9501
     10.4762         3.3063        -0.9501
     10.4645         3.3062        -0.9501
     10.4676         3.3061        -0.9501
     10.4686         3.3060        -0.9501
     10.4670         3.3060        -0.9501
     10.4588         3.3059        -0.9501
     10.4685         3.3058        -0.9501
     10.4578         3.3057        -0.9501
     10.4570         3.3056        -0.9501
     10.4651         3.3056        -0.9501
     10.4552         3.3055        -0.9501
     10.4493         3.3054        -0.9501
     10.4642         3.3053        -0.9501
     10.4489         3.3052        -0.9501
     10.4486         3.3052        -0.9501
     10.4581         3.3051        -0.9501
     10.4484         3.3050        -0.9501
     10.4427         3.3049        -0.9501
     10.4555         3.3048        -0.9501
     10.4448         3.3048        -0.9501
     10.4422         3.3047        -0.9501
     10.4488         3.3046        -0.9501
     10.4445         3.3045        -0.9501
     10.4345         3.3044        -0.9501
     10.4509         3.3044        -0.9501
     10.4356         3.3043        -0.9501
     10.4349         3.3042        -0.9501
     10.4423         3.3041        -0.9501
     10.4387         3.3041        -0.9501
     10.4282         3.3040        -0.9501
     10.4442         3.3039        -0.9501
     10.4297         3.3038        -0.9501
     10.4275         3.3038        -0.9501
     10.4366         3.3037        -0.9501
     10.4318         3.3036        -0.9542
     10.6638         3.3036        -0.9542
     10.6791         3.3035        -0.9542
     10.6644         3.3035        -0.9542
     10.6650         3.3035        -0.9542
     10.6645         3.3034        -0.9542
     10.6720         3.3034        -0.9542
     10.6555         3.3034        -0.9542
     10.6657         3.3033        -0.9542
     10.6571         3.3033        -0.9542
     10.6598         3.3033        -0.9542
     10.6601         3.3032        -0.9542
     10.6588         3.3032        -0.9542
     10.6483         3.3032        -0.9542
     10.6601         3.3031        -0.9542
     10.6495         3.3031        -0.9542
     10.6465         3.3031        -0.9542
     10.6490         3.3030        -0.9542
     10.6529         3.3030        -0.9542
     10.6409         3.3030        -0.9542
     10.6458         3.3029        -0.9542
     10.6417         3.3029        -0.9542
     10.6443         3.3029        -0.9542
     10.6414         3.3028        -0.9542
     10.6390         3.3028        -0.9542
     10.6337         3.3028        -0.9542
     10.6449         3.3027        -0.9542
     10.6314         3.3027        -0.9542
     10.6325         3.3027        -0.9542
     10.6344         3.3026        -0.9542
     10.6364         3.3026        -0.9542
     10.6250         3.3026        -0.9542
     10.6342         3.3025        -0.9542
     10.6246         3.3025        -0.9542
     10.6283         3.3025        -0.9542
     10.6253         3.3024        -0.9542
     10.6277         3.3024        -0.9542
     10.6181         3.3024        -0.9542
     10.6263         3.3023        -0.9542
     10.6179         3.3023        -0.9542
     10.6240         3.3023        -0.9542
     10.6169         3.3022        -0.9542
     10.6204         3.3022        -0.9542
     10.6116         3.3022        -0.9542
     10.6205         3.3021        -0.9542
     10.6113         3.3021        -0.9542
     10.6174         3.3021        -0.9542
     10.6100         3.3020        -0.9542
     10.6133         3.3020        -0.9542
     10.6072         3.3020        -0.9542
     10.6124         3.3020        -0.9583
     10.9184         3.3019        -0.9583
     10.9198         3.3019        -0.9583
     10.9171         3.3020        -0.9583
     10.9143         3.3020        -0.9583
     10.9143         3.3020        -0.9583
     10.9124         3.3020        -0.9583
     10.9100         3.3020        -0.9583
     10.9107         3.3020        -0.9583
     10.9100         3.3020        -0.9583
     10.9067         3.3020        -0.9583
     10.9070         3.3021        -0.9583
     10.9023         3.3021        -0.9583
     10.9045         3.3021        -0.9583
     10.9015         3.3021        -0.9583
     10.9053         3.3021        -0.9583
     10.8997         3.3021        -0.9583
     10.9007         3.3021        -0.9583
     10.8959         3.3021        -0.9583
     10.8992         3.3021        -0.9583
     10.8928         3.3022        -0.9583
     10.8959         3.3022        -0.9583
     10.8922         3.3022        -0.9583
     10.8956         3.3022        -0.9583
     10.8896         3.3022        -0.9583
     10.8906         3.3022        -0.9583
     10.8866         3.3022        -0.9583
     10.8891         3.3022        -0.9583
     10.8846         3.3022        -0.9583
     10.8856         3.3022        -0.9583
     10.8827         3.3022        -0.9583
     10.8843         3.3023        -0.9583
     10.8803         3.3023        -0.9583
     10.8824         3.3023        -0.9583
     10.8776         3.3023        -0.9583
     10.8800         3.3023        -0.9583
     10.8759         3.3023        -0.9583
     10.8766         3.3023        -0.9583
     10.8736         3.3023        -0.9583
     10.8756         3.3023        -0.9583
     10.8660         3.3023        -0.9583
     10.8728         3.3024        -0.9583
     10.8677         3.3024        -0.9583
     10.8715         3.3024        -0.9583
     10.8657         3.3024        -0.9583
     10.8632         3.3024        -0.9583
     10.8653         3.3024        -0.9583
     10.8675         3.3024        -0.9583
     10.8633         3.3024        -0.9583
     10.8658         3.3025        -0.9583
     10.8559         3.3025        -0.9625
     11.2379         3.3025        -0.9625
     11.2314         3.3025        -0.9625
     11.2263         3.3026        -0.9625
     11.2311         3.3027        -0.9625
     11.2294         3.3028        -0.9625
     11.2196         3.3028        -0.9625
     11.2295         3.3029        -0.9625
     11.2233         3.3030        -0.9625
     11.2181         3.3030        -0.9625
     11.2232         3.3031        -0.9625
     11.2198         3.3031        -0.9625
     11.2113         3.3032        -0.9625
     11.2175         3.3033        -0.9625
     11.2162         3.3033        -0.9625
     11.2070         3.3034        -0.9625
     11.2149         3.3035        -0.9625
     11.2124         3.3035        -0.9625
     11.2028         3.3036        -0.9625
     11.2106         3.3036        -0.9625
     11.2082         3.3037        -0.9625
     11.1994         3.3038        -0.9625
     11.2075         3.3038        -0.9625
     11.2033         3.3039        -0.9625
     11.1959         3.3039        -0.9625
     11.2031         3.3040        -0.9625
     11.2009         3.3041        -0.9625
     11.1917         3.3041        -0.9625
     11.1986         3.3042        -0.9625
     11.1968         3.3042        -0.9625
     11.1886         3.3043        -0.9625
     11.1955         3.3043        -0.9625
     11.1929         3.3044        -0.9625
     11.1844         3.3045        -0.9625
     11.1916         3.3045        -0.9625
     11.1899         3.3046        -0.9625
     11.1811         3.3046        -0.9625
     11.1889         3.3047        -0.9625
     11.1845         3.3047        -0.9625
     11.1780         3.3048        -0.9625
     11.1853         3.3049        -0.9625
     11.1827         3.3049        -0.9625
     11.1742         3.3050        -0.9625
     11.1806         3.3050        -0.9625
     11.1776         3.3051        -0.9625
     11.1724         3.3051        -0.9625
     11.1781         3.3052        -0.9625
     11.1707         3.3053        -0.9625
     11.1661         3.3053        -0.9625
     11.1753         3.3054        -0.9625
     11.1708         3.3054        -0.9669
     11.5961         3.3055        -0.9669
     11.5992         3.3056        -0.9669
     11.5936         3.3057        -0.9669
     11.5994         3.3058        -0.9669
     11.5877         3.3059        -0.9669
     11.5973         3.3060        -0.9669
     11.5894         3.3061        -0.9669
     11.5923         3.3062        -0.9669
     11.5863         3.3063        -0.9669
     11.5929         3.3064        -0.9669
     11.5811         3.3065        -0.9669
     11.5890         3.3066        -0.9669
     11.5807         3.3067        -0.9669
     11.5841         3.3068        -0.9669
     11.5799         3.3069        -0.9669
     11.5829         3.3070        -0.9669
     11.5730         3.3071        -0.9669
     11.5820         3.3072        -0.9669
     11.5731         3.3073        -0.9669
     11.5745         3.3074        -0.9669
     11.5689         3.3075        -0.9669
     11.5764         3.3076        -0.9669
     11.5635         3.3077        -0.9669
     11.5714         3.3078        -0.9669
     11.5651         3.3079        -0.9669
     11.5679         3.3080        -0.9669
     11.5587         3.3081        -0.9669
     11.5693         3.3082        -0.9669
     11.5559         3.3083        -0.9669
     11.5657         3.3084        -0.9669
     11.5571         3.3085        -0.9669
     11.5589         3.3085        -0.9669
     11.5537         3.3086        -0.9669
     11.5618         3.3087        -0.9669
     11.5480         3.3088        -0.9669
     11.5569         3.3089        -0.9669
     11.5504         3.3090        -0.9669
     11.5537         3.3091        -0.9669
     11.5456         3.3092        -0.9669
     11.5526         3.3093        -0.9669
     11.5416         3.3094        -0.9669
     11.5523         3.3095        -0.9669
     11.5414         3.3096        -0.9669
     11.5448         3.3097        -0.9669
     11.5394         3.3098        -0.9669
     11.5476         3.3099        -0.9669
     11.5343         3.3099        -0.9669
     11.5431         3.3100        -0.9669
     11.5354         3.3101        -0.9669
     11.5397         3.3102        -0.9717
     12.0161         3.3103        -0.9717
     12.0253         3.3105        -0.9717
     12.0148         3.3106        -0.9717
     12.0175         3.3107        -0.9717
     12.0113         3.3109        -0.9717
     12.0145         3.3110        -0.9717
     12.0086         3.3111        -0.9717
     12.0119         3.3113        -0.9717
     12.0058         3.3114        -0.9717
     12.0094         3.3115        -0.9717
     12.0023         3.3117        -0.9717
     12.0069         3.3118        -0.9717
     11.9996         3.3119        -0.9717
     12.0035         3.3121        -0.9717
     11.9972         3.3122        -0.9717
     12.0012         3.3123        -0.9717
     11.9935         3.3124        -0.9717
     11.9989         3.3126        -0.9717
     11.9886         3.3127        -0.9717
     11.9950         3.3128        -0.9717
     11.9893         3.3129        -0.9717
     11.9907         3.3131        -0.9717
     11.9853         3.3132        -0.9717
     11.9908         3.3133        -0.9717
     11.9809         3.3134        -0.9717
     11.9866         3.3136        -0.9717
     11.9816         3.3137        -0.9717
     11.9821         3.3138        -0.9717
     11.9782         3.3139        -0.9717
     11.9833         3.3141        -0.9717
     11.9744         3.3142        -0.9717
     11.9795         3.3143        -0.9717
     11.9733         3.3144        -0.9717
     11.9745         3.3146        -0.9717
     11.9701         3.3147        -0.9717
     11.9752         3.3148        -0.9717
     11.9660         3.3149        -0.9717
     11.9711         3.3151        -0.9717
     11.9674         3.3152        -0.9717
     11.9680         3.3153        -0.9717
     11.9643         3.3154        -0.9717
     11.9689         3.3156        -0.9717
     11.9588         3.3157        -0.9717
     11.9654         3.3158        -0.9717
     11.9602         3.3159        -0.9717
     11.9602         3.3160        -0.9717
     11.9572         3.3162        -0.9717
     11.9611         3.3163        -0.9717
     11.9521         3.3164        -0.9717
     11.9589         3.3165        -0.9763
     12.4854         3.3167        -0.9763
     12.4866         3.3168        -0.9763
     12.4844         3.3170        -0.9763
     12.4827         3.3172        -0.9763
     12.4784         3.3173        -0.9763
     12.4837         3.3175        -0.9763
     12.4740         3.3177        -0.9763
     12.4782         3.3178        -0.9763
     12.4735         3.3180        -0.9763
     12.4728         3.3181        -0.9763
     12.4668         3.3183        -0.9763
     12.4752         3.3185        -0.9763
     12.4629         3.3186        -0.9763
     12.4681         3.3188        -0.9763
     12.4650         3.3190        -0.9763
     12.4653         3.3191        -0.9763
     12.4591         3.3193        -0.9763
     12.4654         3.3194        -0.9763
     12.4547         3.3196        -0.9763
     12.4612         3.3198        -0.9763
     12.4559         3.3199        -0.9763
     12.4564         3.3201        -0.9763
     12.4497         3.3202        -0.9763
     12.4593         3.3204        -0.9763
     12.4471         3.3205        -0.9763
     12.4528         3.3207        -0.9763
     12.4460         3.3209        -0.9763
     12.4490         3.3210        -0.9763
     12.4433         3.3212        -0.9763
     12.4500         3.3213        -0.9763
     12.4364         3.3215        -0.9763
     12.4449         3.3216        -0.9763
     12.4375         3.3218        -0.9763
     12.4404         3.3220        -0.9763
     12.4321         3.3221        -0.9763
     12.4427         3.3223        -0.9763
     12.4290         3.3224        -0.9763
     12.4365         3.3226        -0.9763
     12.4304         3.3227        -0.9763
     12.4340         3.3229        -0.9763
     12.4240         3.3230        -0.9763
     12.4367         3.3232        -0.9763
     12.4208         3.3234        -0.9763
     12.4299         3.3235        -0.9763
     12.4234         3.3237        -0.9763
     12.4273         3.3238        -0.9763
     12.4166         3.3240        -0.9763
     12.4289         3.3241        -0.9763
     12.4137         3.3243        -0.9763
     12.4225         3.3245        -0.9802
     12.9864         3.3246        -0.9802
     12.9911         3.3248        -0.9802
     12.9792         3.3250        -0.9802
     12.9934         3.3252        -0.9802
     12.9739         3.3255        -0.9802
     12.9866         3.3257        -0.9802
     12.9770         3.3259        -0.9802
     12.9807         3.3261        -0.9802
     12.9694         3.3263        -0.9802
     12.9842         3.3265        -0.9802
     12.9643         3.3267        -0.9802
     12.9765         3.3269        -0.9802
     12.9683         3.3271        -0.9802
     12.9715         3.3273        -0.9802
     12.9605         3.3275        -0.9802
     12.9754         3.3278        -0.9802
     12.9554         3.3280        -0.9802
     12.9671         3.3282        -0.9802
     12.9592         3.3284        -0.9802
     12.9625         3.3286        -0.9802
     12.9509         3.3288        -0.9802
     12.9660         3.3290        -0.9802
     12.9464         3.3292        -0.9802
     12.9584         3.3294        -0.9802
     12.9502         3.3296        -0.9802
     12.9541         3.3298        -0.9802
     12.9437         3.3300        -0.9802
     12.9583         3.3302        -0.9802
     12.9385         3.3304        -0.9802
     12.9502         3.3306        -0.9802
     12.9429         3.3308        -0.9802
     12.9458         3.3310        -0.9802
     12.9350         3.3312        -0.9802
     12.9497         3.3314        -0.9802
     12.9311         3.3316        -0.9802
     12.9430         3.3318        -0.9802
     12.9331         3.3320        -0.9802
     12.9380         3.3322        -0.9802
     12.9273         3.3324        -0.9802
     12.9424         3.3326        -0.9802
     12.9213         3.3328        -0.9802
     12.9348         3.3330        -0.9802
     12.9270         3.3332        -0.9802
     12.9305         3.3334        -0.9802
     12.9186         3.3336        -0.9802
     12.9349         3.3338        -0.9802
     12.9155         3.3340        -0.9802
     12.9271         3.3342        -0.9802
     12.9175         3.3344        -0.9802
     12.9232         3.3346        -0.9837
     13.5160         3.3348        -0.9837
     13.5336         3.3351        -0.9837
     13.5098         3.3353        -0.9837
     13.5234         3.3356        -0.9837
     13.5114         3.3358        -0.9837
     13.5179         3.3361        -0.9837
     13.5057         3.3363        -0.9837
     13.5181         3.3366        -0.9837
     13.4997         3.3368        -0.9837
     13.5147         3.3370        -0.9837
     13.5020         3.3373        -0.9837
     13.5076         3.3375        -0.9837
     13.4954         3.3378        -0.9837
     13.5104         3.3380        -0.9837
     13.4911         3.3383        -0.9837
     13.5056         3.3385        -0.9837
     13.4927         3.3388        -0.9837
     13.4989         3.3390        -0.9837
     13.4867         3.3393        -0.9837
     13.5006         3.3395        -0.9837
     13.4827         3.3397        -0.9837
     13.4949         3.3400        -0.9837
     13.4836         3.3402        -0.9837
     13.4898         3.3405        -0.9837
     13.4781         3.3407        -0.9837
     13.4915         3.3410        -0.9837
     13.4735         3.3412        -0.9837
     13.4851         3.3414        -0.9837
     13.4752         3.3417        -0.9837
     13.4808         3.3419        -0.9837
     13.4691         3.3422        -0.9837
     13.4826         3.3424        -0.9837
     13.4628         3.3426        -0.9837
     13.4787         3.3429        -0.9837
     13.4671         3.3431        -0.9837
     13.4696         3.3434        -0.9837
     13.4612         3.3436        -0.9837
     13.4759         3.3438        -0.9837
     13.4543         3.3441        -0.9837
     13.4680         3.3443        -0.9837
     13.4586         3.3446        -0.9837
     13.4630         3.3448        -0.9837
     13.4527         3.3450        -0.9837
     13.4652         3.3453        -0.9837
     13.4458         3.3455        -0.9837
     13.4611         3.3457        -0.9837
     13.4486         3.3460        -0.9837
     13.4566         3.3462        -0.9837
     13.4226         3.3465        -0.9837
     13.4597         3.3467        -0.9863
     14.0734         3.3469        -0.9863
     14.0940         3.3472        -0.9863
     14.0483         3.3475        -0.9863
     14.0857         3.3478        -0.9863
     14.0704         3.3481        -0.9863
     14.0669         3.3484        -0.9863
     14.0629         3.3487        -0.9863
     14.0787         3.3490        -0.9863
     14.0439         3.3493        -0.9863
     14.0761         3.3496        -0.9863
     14.0599         3.3499        -0.9863
     14.0513         3.3502        -0.9863
     14.0526         3.3505        -0.9863
     14.0735         3.3507        -0.9863
     14.0334         3.3510        -0.9863
     14.0604         3.3513        -0.9863
     14.0521         3.3516        -0.9863
     14.0469         3.3519        -0.9863
     14.0426         3.3522        -0.9863
     14.0563         3.3525        -0.9863
     14.0248         3.3528        -0.9863
     14.0588         3.3531        -0.9863
     14.0409         3.3534        -0.9863
     14.0305         3.3536        -0.9863
     14.0351         3.3539        -0.9863
     14.0556         3.3542        -0.9863
     14.0184         3.3545        -0.9863
     14.0413         3.3548        -0.9863
     14.0373         3.3551        -0.9863
     14.0267         3.3554        -0.9863
     14.0252         3.3556        -0.9863
     14.0414         3.3559        -0.9863
     14.0092         3.3562        -0.9863
     14.0367         3.3565        -0.9863
     14.0258         3.3568        -0.9863
     14.0130         3.3571        -0.9863
     14.0195         3.3573        -0.9863
     14.0343         3.3576        -0.9863
     13.9956         3.3579        -0.9863
     14.0279         3.3582        -0.9863
     14.0170         3.3585        -0.9863
     14.0069         3.3588        -0.9863
     14.0103         3.3590        -0.9863
     14.0254         3.3593        -0.9863
     13.9871         3.3596        -0.9863
     14.0187         3.3599        -0.9863
     14.0082         3.3601        -0.9863
     13.9953         3.3604        -0.9863
     14.0021         3.3607        -0.9863
     14.0162         3.3610        -0.9884
     14.6179         3.3613        -0.9884
     14.6511         3.3616        -0.9884
     14.6398         3.3619        -0.9884
     14.6212         3.3622        -0.9884
     14.6379         3.3626        -0.9884
     14.6427         3.3629        -0.9884
     14.6076         3.3632        -0.9884
     14.6406         3.3635        -0.9884
     14.6296         3.3639        -0.9884
     14.6127         3.3642        -0.9884
     14.6270         3.3645        -0.9884
     14.6312         3.3648        -0.9884
     14.5970         3.3652        -0.9884
     14.6305         3.3655        -0.9884
     14.6183         3.3658        -0.9884
     14.5876         3.3661        -0.9884
     14.6284         3.3665        -0.9884
     14.6099         3.3668        -0.9884
     14.5851         3.3671        -0.9884
     14.6200         3.3674        -0.9884
     14.6083         3.3678        -0.9884
     14.5784         3.3681        -0.9884
     14.6182         3.3684        -0.9884
     14.5987         3.3687        -0.9884
     14.5770         3.3691        -0.9884
     14.6104         3.3694        -0.9884
     14.5981         3.3697        -0.9884
     14.5677         3.3700        -0.9884
     14.6004         3.3703        -0.9884
     14.5898         3.3707        -0.9884
     14.5682         3.3710        -0.9884
     14.6007         3.3713        -0.9884
     14.5894         3.3716        -0.9884
     14.5562         3.3720        -0.9884
     14.6021         3.3723        -0.9884
     14.5712         3.3726        -0.9884
     14.5589         3.3729        -0.9884
     14.5911         3.3732        -0.9884
     14.5808         3.3735        -0.9884
     14.5482         3.3739        -0.9884
     14.5908         3.3742        -0.9884
     14.5641         3.3745        -0.9884
     14.5588         3.3748        -0.9884
     14.5724         3.3751        -0.9884
     14.5711         3.3754        -0.9884
     14.5416         3.3758        -0.9884
     14.5831         3.3761        -0.9884
     14.5546         3.3764        -0.9884
     14.5531         3.3767        -0.9884
     14.5634         3.3770        -0.9899
     15.2078         3.3773        -0.9899
     15.1776         3.3777        -0.9899
     15.2080         3.3781        -0.9899
     15.1999         3.3784        -0.9899
     15.1858         3.3788        -0.9899
     15.1986         3.3791        -0.9899
     15.2091         3.3795        -0.9899
     15.1574         3.3799        -0.9899
     15.2061         3.3802        -0.9899
     15.1907         3.3806        -0.9899
     15.1635         3.3810        -0.9899
     15.2009         3.3813        -0.9899
     15.1779         3.3817        -0.9899
     15.1681         3.3820        -0.9899
     15.1850         3.3824        -0.9899
     15.1804         3.3828        -0.9899
     15.1538         3.3831        -0.9899
     15.1804         3.3835        -0.9899
     15.1762         3.3839        -0.9899
     15.1476         3.3842        -0.9899
     15.1872         3.3846        -0.9899
     15.1697         3.3849        -0.9899
     15.1348         3.3853        -0.9899
     15.1795         3.3857        -0.9899
     15.1673         3.3860        -0.9899
     15.1364         3.3864        -0.9899
     15.1771         3.3867        -0.9899
     15.1514         3.3871        -0.9899
     15.1456         3.3875        -0.9899
     15.1572         3.3878        -0.9899
     15.1573         3.3882        -0.9899
     15.1275         3.3885        -0.9899
     15.1676         3.3889        -0.9899
     15.1401         3.3892        -0.9899
     15.1368         3.3896        -0.9899
     15.1491         3.3900        -0.9899
     15.1478         3.3903        -0.9899
     15.1174         3.3907        -0.9899
     15.1573         3.3910        -0.9899
     15.1325         3.3914        -0.9899
     15.1274         3.3917        -0.9899
     15.1386         3.3921        -0.9899
     15.1383         3.3924        -0.9899
     15.1080         3.3928        -0.9899
     15.1485         3.3931        -0.9899
     15.1220         3.3935        -0.9899
     15.1182         3.3938        -0.9899
     15.1318         3.3942        -0.9899
     15.1298         3.3945        -0.9899
     15.1002         3.3949        -0.9921
     15.7741         3.3952        -0.9921
     15.7564         3.3956        -0.9921
     15.7421         3.3960        -0.9921
     15.7543         3.3963        -0.9921
     15.7661         3.3967        -0.9921
     15.7217         3.3971        -0.9921
     15.7633         3.3974        -0.9921
     15.7454         3.3978        -0.9921
     15.7320         3.3982        -0.9921
     15.7432         3.3985        -0.9921
     15.7550         3.3989        -0.9921
     15.7111         3.3992        -0.9921
     15.7532         3.3996        -0.9921
     15.7346         3.4000        -0.9921
     15.7203         3.4003        -0.9921
     15.7326         3.4007        -0.9921
     15.7452         3.4011        -0.9921
     15.7003         3.4014        -0.9921
     15.7419         3.4018        -0.9921
     15.7238         3.4022        -0.9921
     15.7108         3.4025        -0.9921
     15.7226         3.4029        -0.9921
     15.7329         3.4033        -0.9921
     15.6899         3.4036        -0.9921
     15.7321         3.4040        -0.9921
     15.7147         3.4044        -0.9921
     15.6997         3.4047        -0.9921
     15.7124         3.4051        -0.9921
     15.7240         3.4055        -0.9921
     15.6797         3.4058        -0.9921
     15.7218         3.4062        -0.9921
     15.7038         3.4066        -0.9921
     15.6904         3.4069        -0.9921
     15.7024         3.4073        -0.9921
     15.7132         3.4077        -0.9921
     15.6711         3.4080        -0.9921
     15.7119         3.4084        -0.9921
     15.6939         3.4088        -0.9921
     15.6796         3.4091        -0.9921
     15.6926         3.4095        -0.9921
     15.7048         3.4099        -0.9921
     15.6611         3.4102        -0.9921
     15.7017         3.4106        -0.9921
     15.6847         3.4110        -0.9921
     15.6709         3.4113        -0.9921
     15.6848         3.4117        -0.9921
     15.6906         3.4120        -0.9921
     15.6567         3.4124        -0.9921
     15.6893         3.4128        -0.9921
     15.6770         3.4131        -0.9933
     16.2990         3.4135        -0.9933
     16.3081         3.4139        -0.9933
     16.3192         3.4142        -0.9933
     16.2812         3.4146        -0.9933
     16.3150         3.4150        -0.9933
     16.3004         3.4153        -0.9933
     16.2885         3.4157        -0.9933
     16.2975         3.4161        -0.9933
     16.3073         3.4165        -0.9933
     16.2689         3.4168        -0.9933
     16.3054         3.4172        -0.9933
     16.2894         3.4176        -0.9933
     16.2768         3.4180        -0.9933
     16.2859         3.4183        -0.9933
     16.2971         3.4187        -0.9933
     16.2593         3.4191        -0.9933
     16.2939         3.4195        -0.9933
     16.2779         3.4198        -0.9933
     16.2669         3.4202        -0.9933
     16.2760         3.4206        -0.9933
     16.2859         3.4210        -0.9933
     16.2480         3.4214        -0.9933
     16.2836         3.4217        -0.9933
     16.2687         3.4221        -0.9933
     16.2559         3.4225        -0.9933
     16.2647         3.4229        -0.9933
     16.2778         3.4233        -0.9933
     16.2394         3.4236        -0.9933
     16.2754         3.4240        -0.9933
     16.2591         3.4244        -0.9933
     16.2481         3.4248        -0.9933
     16.2566         3.4252        -0.9933
     16.2673         3.4256        -0.9933
     16.2293         3.4259        -0.9933
     16.2660         3.4263        -0.9933
     16.2495         3.4267        -0.9933
     16.2374         3.4271        -0.9933
     16.2474         3.4275        -0.9933
     16.2589         3.4278        -0.9933
     16.2199         3.4282        -0.9933
     16.2558         3.4286        -0.9933
     16.2418         3.4290        -0.9933
     16.2306         3.4294        -0.9933
     16.2378         3.4297        -0.9933
     16.2501         3.4301        -0.9933
     16.2104         3.4305        -0.9933
     16.2489         3.4309        -0.9933
     16.2305         3.4313        -0.9933
     16.2205         3.4316        -0.9933
     16.2285         3.4320        -0.9943
     16.8764         3.4324        -0.9943
