        rmsthk      stdthk       rmsvel       stdvel       rmsdiv       stddiv       rmsusurf       stdusurf       vol
3.7450513840 18.2120704651 -20.6150741577 32.4820289612 0.0000000000 0.0000000000 13.9437055588 30.6557617188 13.7565040588
3.8065488338 18.1292972565 -20.5789585114 32.4405937195 0.0000000000 0.0000000000 13.9437055588 30.6557617188 13.7739419937
3.8592476845 18.0604991913 -20.5424327850 32.4083366394 0.0000000000 0.0000000000 13.9437055588 30.6557617188 13.7888851166
3.9071686268 17.9997406006 -20.5151214600 32.3777313232 0.0000000000 0.0000000000 13.9437055588 30.6557617188 13.8024730682
3.9521450996 17.9442958832 -20.4933185577 32.3474273682 0.0000000000 0.0000000000 13.9437055588 30.6557617188 13.8152265549
3.9951474667 17.8926811218 -20.4685821533 32.3233566284 0.0000000000 0.0000000000 13.9437055588 30.6557617188 13.8274211884
4.0368394852 17.8439846039 -20.4476966858 32.2965850830 0.0000000000 0.0000000000 13.9437055588 30.6557617188 13.8392419815
4.0776033401 17.7976169586 -20.4232006073 32.2753334045 0.0000000000 0.0000000000 13.9437055588 30.6557617188 13.8508024216
4.1178069115 17.7531681061 -20.4067058563 32.2485504150 0.0000000000 0.0000000000 13.9437055588 30.6557617188 13.8622016907
4.1575922966 17.7103538513 -20.3814029694 32.2286872864 0.0000000000 0.0000000000 13.9437055588 30.6557617188 13.8734827042
4.1972188950 17.6689701080 -20.3694515228 32.1978302002 0.0000000000 0.0000000000 13.9437055588 30.6557617188 13.8847198486
4.2367277145 17.6288795471 -20.3432273865 32.1816520691 0.0000000000 0.0000000000 13.9437055588 30.6557617188 13.8959226608
4.2762889862 17.5899829865 -20.3287086487 32.1526031494 0.0000000000 0.0000000000 13.9437055588 30.6557617188 13.9071397781
4.3159093857 17.5522022247 -20.3009529114 32.1373977661 0.0000000000 0.0000000000 13.9437055588 30.6557617188 13.9183759689
4.3557620049 17.5154914856 -20.2895622253 32.1066894531 0.0000000000 0.0000000000 13.9437055588 30.6557617188 13.9296760559
4.3957862854 17.4798221588 -20.2601032257 32.0920639038 0.0000000000 0.0000000000 13.9437055588 30.6557617188 13.9410257339
4.4361457825 17.4451694489 -20.2480850220 32.0611457825 0.0000000000 0.0000000000 13.9437055588 30.6557617188 13.9524707794
4.4767994881 17.4115219116 -20.2216396332 32.0449409485 0.0000000000 0.0000000000 13.9437055588 30.6557617188 13.9639959335
4.5178556442 17.3788986206 -20.2111091614 32.0120162964 0.0000000000 0.0000000000 13.9437055588 30.6557617188 13.9756402969
4.5592255592 17.3473453522 -20.1792736053 31.9985923767 0.0000000000 0.0000000000 13.9437055588 30.6557617188 13.9873695374
4.6010813713 17.3168487549 -20.1705188751 31.9646492004 0.0000000000 0.0000000000 13.9437055588 30.6557617188 13.9992399216
4.6432752609 17.2874851227 -20.1366653442 31.9516906738 0.0000000000 0.0000000000 13.9437055588 30.6557617188 14.0112047195
4.6859855652 17.2592372894 -20.1258373260 31.9179649353 0.0000000000 0.0000000000 13.9437055588 30.6557617188 14.0233154297
4.7290940285 17.2322006226 -20.0949001312 31.9031944275 0.0000000000 0.0000000000 13.9437055588 30.6557617188 14.0355386734
4.7727270126 17.2063694000 -20.0820560455 31.8698101044 0.0000000000 0.0000000000 13.9437055588 30.6557617188 14.0479097366
4.8167724609 17.1818313599 -20.0489234924 31.8552436829 0.0000000000 0.0000000000 13.9437055588 30.6557617188 14.0604019165
4.8614730835 17.1585483551 -20.0490627289 31.8103370667 0.0000000000 0.0000000000 13.9437055588 30.6557617188 14.0730743408
4.9065155983 17.1366844177 -20.0051326752 31.8047485352 0.0000000000 0.0000000000 13.9437055588 30.6557617188 14.0858488083
4.9521865845 17.1162090302 -19.9974994659 31.7656059265 0.0000000000 0.0000000000 13.9437055588 30.6557617188 14.0987997055
4.9982776642 17.0972251892 -19.9651699066 31.7488822937 0.0000000000 0.0000000000 13.9437055588 30.6557617188 14.1118679047
5.0449528694 17.0798072815 -19.9508514404 31.7145252228 0.0000000000 0.0000000000 13.9437055588 30.6557617188 14.1251039505
5.0920319557 17.0639781952 -19.9118556976 31.7027416229 0.0000000000 0.0000000000 13.9437055588 30.6557617188 14.1384544373
5.1398096085 17.0497741699 -19.9128971100 31.6538066864 0.0000000000 0.0000000000 13.9437055588 30.6557617188 14.1520023346
5.1878995895 17.0373573303 -19.8636474609 31.6502780914 0.0000000000 0.0000000000 13.9437055588 30.6557617188 14.1656389236
5.2366561890 17.0266666412 -19.8545436859 31.6095809937 0.0000000000 0.0000000000 13.9437055588 30.6557617188 14.1794624329
5.2858681679 17.0178222656 -19.8257026672 31.5873012543 0.0000000000 0.0000000000 13.9437055588 30.6557617188 14.1934175491
5.3356232643 17.0109043121 -19.8048801422 31.5558605194 0.0000000000 0.0000000000 13.9437055588 30.6557617188 14.2075252533
5.3857860565 17.0059318542 -19.7645072937 31.5424404144 0.0000000000 0.0000000000 13.9437055588 30.6557617188 14.2217502594
5.4366636276 17.0029411316 -19.7655372620 31.4913940430 0.0000000000 0.0000000000 13.9437055588 30.6557617188 14.2361764908
5.4878110886 17.0021038055 -19.7133598328 31.4871101379 0.0000000000 0.0000000000 13.9437055588 30.6557617188 14.2506799698
5.5396332741 17.0033378601 -19.7051467896 31.4437599182 0.0000000000 0.0000000000 13.9437055588 30.6557617188 14.2653751373
5.5918874741 17.0067787170 -19.6725788116 31.4212532043 0.0000000000 0.0000000000 13.9437055588 30.6557617188 14.2801923752
5.6446762085 17.0124874115 -19.6502799988 31.3884181976 0.0000000000 0.0000000000 13.9437055588 30.6557617188 14.2951593399
5.6978588104 17.0204849243 -19.6111373901 31.3724517822 0.0000000000 0.0000000000 13.9437055588 30.6557617188 14.3102426529
5.7517457008 17.0307979584 -19.6087074280 31.3213920593 0.0000000000 0.0000000000 13.9437055588 30.6557617188 14.3255214691
5.8058772087 17.0435905457 -19.5550861359 31.3156795502 0.0000000000 0.0000000000 13.9437055588 30.6557617188 14.3408708572
5.8607282639 17.0587406158 -19.5548324585 31.2625637054 0.0000000000 0.0000000000 13.9437055588 30.6557617188 14.3564271927
5.9159479141 17.0764770508 -19.5132026672 31.2477436066 0.0000000000 0.0000000000 13.9437055588 30.6557617188 14.3720827103
5.9717330933 17.0966854095 -19.4977951050 31.2045707703 0.0000000000 0.0000000000 13.9437055588 30.6557617188 14.3879022598
6.0278582573 17.1195373535 -19.4542045593 31.1906013489 0.0000000000 0.0000000000 13.9437055588 30.6557617188 14.4038152695
6.0471549034 17.0784645081 -11.3044128418 31.1044788361 0.0000000000 0.0000000000 13.9437055588 30.6557617188 14.4092884064
6.0664157867 17.0400695801 -11.2649717331 31.0762901306 0.0000000000 0.0000000000 13.9437055588 30.6557617188 14.4147491455
6.0861334801 17.0044612885 -11.2935094833 31.0080032349 0.0000000000 0.0000000000 13.9437055588 30.6557617188 14.4203395844
6.1058650017 16.9717197418 -11.2616300583 30.9764404297 0.0000000000 0.0000000000 13.9437055588 30.6557617188 14.4259347916
6.1259236336 16.9419746399 -11.2726058960 30.9170532227 0.0000000000 0.0000000000 13.9437055588 30.6557617188 14.4316225052
6.1460051537 16.9152374268 -11.2349920273 30.8871669769 0.0000000000 0.0000000000 13.9437055588 30.6557617188 14.4373178482
6.1665019989 16.8916835785 -11.2552833557 30.8191738129 0.0000000000 0.0000000000 13.9437055588 30.6557617188 14.4431285858
6.1869344711 16.8713035583 -11.2131671906 30.7932910919 0.0000000000 0.0000000000 13.9437055588 30.6557617188 14.4489240646
6.2078046799 16.8542461395 -11.2330265045 30.7249603271 0.0000000000 0.0000000000 13.9437055588 30.6557617188 14.4548416138
6.2287311554 16.8405017853 -11.1964092255 30.6923770905 0.0000000000 0.0000000000 13.9437055588 30.6557617188 14.4607753754
6.2500591278 16.8302783966 -11.2251577377 30.6162853241 0.0000000000 0.0000000000 13.9437055588 30.6557617188 14.4668245316
6.2713060379 16.8234310150 -11.1664981842 30.6019821167 0.0000000000 0.0000000000 13.9437055588 30.6557617188 14.4728469849
6.2930932045 16.8202266693 -11.2116155624 30.5133113861 0.0000000000 0.0000000000 13.9437055588 30.6557617188 14.4790258408
6.3146767616 16.8205604553 -11.1433258057 30.5066699982 0.0000000000 0.0000000000 13.9437055588 30.6557617188 14.4851465225
6.3367638588 16.8246631622 -11.1801519394 30.4210433960 0.0000000000 0.0000000000 13.9437055588 30.6557617188 14.4914083481
6.3587751389 16.8324432373 -11.1267671585 30.4008579254 0.0000000000 0.0000000000 13.9437055588 30.6557617188 14.4976520538
6.3812251091 16.8441143036 -11.1623439789 30.3191566467 0.0000000000 0.0000000000 13.9437055588 30.6557617188 14.5040178299
6.4035758972 16.8595294952 -11.1018095016 30.3044605255 0.0000000000 0.0000000000 13.9437055588 30.6557617188 14.5103549957
6.4265356064 16.8788661957 -11.1527509689 30.2137622833 0.0000000000 0.0000000000 13.9437055588 30.6557617188 14.5168647766
6.4492435455 16.9021472931 -11.0825138092 30.1988143921 0.0000000000 0.0000000000 13.9437055588 30.6557617188 14.5233030319
6.4724955559 16.9293479919 -11.1160964966 30.1221485138 0.0000000000 0.0000000000 13.9437055588 30.6557617188 14.5298986435
6.4956712723 16.9605388641 -11.0708074570 30.0900650024 0.0000000000 0.0000000000 13.9437055588 30.6557617188 14.5364685059
6.5193085670 16.9957027435 -11.0968255997 30.0193424225 0.0000000000 0.0000000000 13.9437055588 30.6557617188 14.5431718826
6.5429725647 17.0347251892 -11.0559854507 29.9863796234 0.0000000000 0.0000000000 13.9437055588 30.6557617188 14.5498828888
6.5671868324 17.0779075623 -11.0921287537 29.9055175781 0.0000000000 0.0000000000 13.9437055588 30.6557617188 14.5567483902
6.5913128853 17.1249084473 -11.0392017365 29.8815002441 0.0000000000 0.0000000000 13.9437055588 30.6557617188 14.5635900497
6.6160697937 17.1760387421 -11.0841512680 29.7999992371 0.0000000000 0.0000000000 13.9437055588 30.6557617188 14.5706090927
6.6406750679 17.2311592102 -11.0318822861 29.7698326111 0.0000000000 0.0000000000 13.9437055588 30.6557617188 14.5775861740
6.6659374237 17.2903804779 -11.0713176727 29.6907730103 0.0000000000 0.0000000000 13.9437055588 30.6557617188 14.5847511292
6.6910724640 17.3535423279 -11.0206756592 29.6615409851 0.0000000000 0.0000000000 13.9437055588 30.6557617188 14.5918769836
6.7168364525 17.4208526611 -11.0521183014 29.5844707489 0.0000000000 0.0000000000 13.9437055588 30.6557617188 14.5991821289
6.7424035072 17.4921054840 -10.9966392517 29.5593872070 0.0000000000 0.0000000000 13.9437055588 30.6557617188 14.6064310074
6.7685599327 17.5674972534 -11.0275182724 29.4802036285 0.0000000000 0.0000000000 13.9437055588 30.6557617188 14.6138486862
6.7947325706 17.6467952728 -10.9919767380 29.4417533875 0.0000000000 0.0000000000 13.9437055588 30.6557617188 14.6212711334
6.8213186264 17.7301807404 -11.0129537582 29.3711738586 0.0000000000 0.0000000000 13.9437055588 30.6557617188 14.6288099289
6.8479428291 17.8173046112 -10.9732599258 29.3400363922 0.0000000000 0.0000000000 13.9437055588 30.6557617188 14.6363582611
6.8752484322 17.9085254669 -11.0119123459 29.2590389252 0.0000000000 0.0000000000 13.9437055588 30.6557617188 14.6441020966
6.9023232460 18.0034751892 -10.9526386261 29.2354793549 0.0000000000 0.0000000000 13.9437055588 30.6557617188 14.6517801285
6.9300990105 18.1023254395 -10.9893922806 29.1530075073 0.0000000000 0.0000000000 13.9437055588 30.6557617188 14.6596546173
6.9578223228 18.2048568726 -10.9478797913 29.1231307983 0.0000000000 0.0000000000 13.9437055588 30.6557617188 14.6675157547
6.9858527184 18.3114376068 -10.9558115005 29.0562343597 0.0000000000 0.0000000000 13.9437055588 30.6557617188 14.6754655838
7.0140466690 18.4213981628 -10.9264841080 29.0189476013 0.0000000000 0.0000000000 13.9437055588 30.6557617188 14.6834592819
7.0428400040 18.5352802277 -10.9577627182 28.9347343445 0.0000000000 0.0000000000 13.9437055588 30.6557617188 14.6916236877
7.0714445114 18.6526527405 -10.8972969055 28.9125556946 0.0000000000 0.0000000000 13.9437055588 30.6557617188 14.6997356415
7.1008272171 18.7736129761 -10.9446935654 28.8282051086 0.0000000000 0.0000000000 13.9437055588 30.6557617188 14.7080669403
7.1302399635 18.8978786469 -10.9016933441 28.7933635712 0.0000000000 0.0000000000 13.9437055588 30.6557617188 14.7164077759
7.1599264145 19.0260105133 -10.9176502228 28.7297744751 0.0000000000 0.0000000000 13.9437055588 30.6557617188 14.7248258591
7.1898865700 19.1570892334 -10.8850078583 28.6911010742 0.0000000000 0.0000000000 13.9437055588 30.6557617188 14.7333211899
7.2204756737 19.2918643951 -10.9227476120 28.6079425812 0.0000000000 0.0000000000 13.9437055588 30.6557617188 14.7419939041
7.2509675026 19.4295711517 -10.8622426987 28.5908832550 0.0000000000 0.0000000000 13.9437055588 30.6557617188 14.7506399155
7.2669429779 19.5413150787 -8.4542245865 27.9539756775 0.0000000000 0.0000000000 13.9437055588 30.6557617188 14.7551698685
7.2834706306 19.6570854187 -8.4536638260 27.9015750885 0.0000000000 0.0000000000 13.9437055588 30.6557617188 14.7598571777
7.2997756004 19.7763862610 -8.4204044342 27.8621940613 0.0000000000 0.0000000000 13.9437055588 30.6557617188 14.7644805908
7.3171100616 19.8996448517 -8.4618835449 27.7885227203 0.0000000000 0.0000000000 13.9437055588 30.6557617188 14.7693967819
7.3341121674 20.0262279510 -8.4303560257 27.7505760193 0.0000000000 0.0000000000 13.9437055588 30.6557617188 14.7742176056
7.3519129753 20.1568298340 -8.4507284164 27.6876831055 0.0000000000 0.0000000000 13.9437055588 30.6557617188 14.7792654037
7.3695192337 20.2906475067 -8.4271640778 27.6418609619 0.0000000000 0.0000000000 13.9437055588 30.6557617188 14.7842569351
7.3878264427 20.4284095764 -8.4393720627 27.5842666626 0.0000000000 0.0000000000 13.9437055588 30.6557617188 14.7894487381
7.4059314728 20.5692481995 -8.4158487320 27.5345115662 0.0000000000 0.0000000000 13.9437055588 30.6557617188 14.7945842743
7.4252119064 20.7138328552 -8.4598827362 27.4645786285 0.0000000000 0.0000000000 13.9437055588 30.6557617188 14.8000497818
7.4439468384 20.8612957001 -8.4176654816 27.4381198883 0.0000000000 0.0000000000 13.9437055588 30.6557617188 14.8053627014
7.4636015892 21.0123348236 -8.4387989044 27.3714008331 0.0000000000 0.0000000000 13.9437055588 30.6557617188 14.8109350204
7.4832234383 21.1662769318 -8.4258928299 27.3215942383 0.0000000000 0.0000000000 13.9437055588 30.6557617188 14.8164987564
7.5035238266 21.3236045837 -8.4433298111 27.2650012970 0.0000000000 0.0000000000 13.9437055588 30.6557617188 14.8222570419
7.5234622955 21.4836425781 -8.4005670547 27.2269744873 0.0000000000 0.0000000000 13.9437055588 30.6557617188 14.8279094696
7.5445470810 21.6470966339 -8.4480066299 27.1430664062 0.0000000000 0.0000000000 13.9437055588 30.6557617188 14.8338880539
7.5651516914 21.8130664825 -8.4048957825 27.1157321930 0.0000000000 0.0000000000 13.9437055588 30.6557617188 14.8397312164
7.5868220329 21.9820518494 -8.4523420334 27.0443935394 0.0000000000 0.0000000000 13.9437055588 30.6557617188 14.8458766937
7.6084680557 22.1536998749 -8.4376773834 27.0112743378 0.0000000000 0.0000000000 13.9437055588 30.6557617188 14.8520145416
7.6306357384 22.3282241821 -8.4399909973 26.9436893463 0.0000000000 0.0000000000 13.9437055588 30.6557617188 14.8582983017
7.6528763771 22.5051040649 -8.4144458771 26.9165096283 0.0000000000 0.0000000000 13.9437055588 30.6557617188 14.8646059036
7.6760621071 22.6847724915 -8.4684123993 26.8265342712 0.0000000000 0.0000000000 13.9437055588 30.6557617188 14.8711805344
7.6988568306 22.8667755127 -8.4151859283 26.8275318146 0.0000000000 0.0000000000 13.9437055588 30.6557617188 14.8776445389
7.7225894928 23.0514945984 -8.4616851807 26.7271556854 0.0000000000 0.0000000000 13.9437055588 30.6557617188 14.8843736649
7.7463340759 23.2385044098 -8.4448137283 26.7023792267 0.0000000000 0.0000000000 13.9437055588 30.6557617188 14.8911075592
7.7707734108 23.4279403687 -8.4597568512 26.6326999664 0.0000000000 0.0000000000 13.9437055588 30.6557617188 14.8980369568
7.7951669693 23.6196212769 -8.4384975433 26.5899257660 0.0000000000 0.0000000000 13.9437055588 30.6557617188 14.9049539566
7.8207254410 23.8134593964 -8.4938144684 26.5152339935 0.0000000000 0.0000000000 13.9437055588 30.6557617188 14.9122028351
7.8457732201 24.0097332001 -8.4332532883 26.4797973633 0.0000000000 0.0000000000 13.9437055588 30.6557617188 14.9193019867
7.8720598221 24.2077503204 -8.4953756332 26.4004116058 0.0000000000 0.0000000000 13.9437055588 30.6557617188 14.9267578125
7.8980407715 24.4079895020 -8.4581604004 26.3574848175 0.0000000000 0.0000000000 13.9437055588 30.6557617188 14.9341249466
7.9250664711 24.6099319458 -8.4882926941 26.3004684448 0.0000000000 0.0000000000 13.9437055588 30.6557617188 14.9417896271
7.9518818855 24.8139457703 -8.4737329483 26.2621707916 0.0000000000 0.0000000000 13.9437055588 30.6557617188 14.9493913651
7.9797253609 25.0197486877 -8.5094108582 26.1897716522 0.0000000000 0.0000000000 13.9437055588 30.6557617188 14.9572877884
8.0073547363 25.2276496887 -8.4863042831 26.1461410522 0.0000000000 0.0000000000 13.9437055588 30.6557617188 14.9651222229
8.0357265472 25.4370136261 -8.4889736176 26.1026935577 0.0000000000 0.0000000000 13.9437055588 30.6557617188 14.9731674194
8.0646467209 25.6483325958 -8.5441408157 26.0190334320 0.0000000000 0.0000000000 13.9437055588 30.6557617188 14.9813680649
8.0934200287 25.8605937958 -8.4608030319 26.0470714569 0.0000000000 0.0000000000 13.9437055588 30.6557617188 14.9895257950
8.1227092743 26.0754184723 -8.5209808350 25.9165935516 0.0000000000 0.0000000000 13.9437055588 30.6557617188 14.9978322983
8.1523017883 26.2905254364 -8.4527807236 25.9579277039 0.0000000000 0.0000000000 13.9437055588 30.6557617188 15.0062227249
8.1822242737 26.5083923340 -8.5235872269 25.8097534180 0.0000000000 0.0000000000 13.9437055588 30.6557617188 15.0147075653
8.2118253708 26.7266578674 -8.3953151703 25.8968677521 0.0000000000 0.0000000000 13.9437055588 30.6557617188 15.0231008530
8.2423887253 26.9469795227 -8.5069780350 25.6992111206 0.0000000000 0.0000000000 13.9437055588 30.6557617188 15.0317668915
8.2729673386 27.1679229736 -8.4129600525 25.7920207977 0.0000000000 0.0000000000 13.9437055588 30.6557617188 15.0404405594
8.3038988113 27.3912620544 -8.4951820374 25.6076564789 0.0000000000 0.0000000000 13.9437055588 30.6557617188 15.0492095947
8.3353223801 27.6146736145 -8.4086122513 25.6836166382 0.0000000000 0.0000000000 13.9437055588 30.6557617188 15.0581197739
8.3670291901 27.8405246735 -8.5010042191 25.4989318848 0.0000000000 0.0000000000 13.9437055588 30.6557617188 15.0671110153
8.3988056183 28.0663642883 -8.3796415329 25.5941600800 0.0000000000 0.0000000000 13.9437055588 30.6557617188 15.0761222839
8.4316196442 28.2944221497 -8.5235595703 25.3882827759 0.0000000000 0.0000000000 13.9437055588 30.6557617188 15.0854263306
8.4643306732 28.5225734711 -8.4051513672 25.4857864380 0.0000000000 0.0000000000 13.9437055588 30.6557617188 15.0947017670
8.4980611801 28.7212200165 -7.4361777306 23.4943637848 0.0000000000 0.0000000000 13.9437055588 30.6557617188 15.1042671204
8.5321426392 28.9202079773 -7.3014554977 23.5671997070 0.0000000000 0.0000000000 13.9437055588 30.6557617188 15.1139307022
8.5666446686 29.1223640442 -7.4360227585 23.4173049927 0.0000000000 0.0000000000 13.9437055588 30.6557617188 15.1237144470
8.6009731293 29.3247356415 -7.2867765427 23.4859676361 0.0000000000 0.0000000000 13.9437055588 30.6557617188 15.1334495544
8.6360015869 29.5300788879 -7.4008932114 23.3351936340 0.0000000000 0.0000000000 13.9437055588 30.6557617188 15.1433801651
8.6710195541 29.7356128693 -7.2933015823 23.3978271484 0.0000000000 0.0000000000 13.9437055588 30.6557617188 15.1533117294
8.7061243057 29.9440135956 -7.3780913353 23.2497711182 0.0000000000 0.0000000000 13.9437055588 30.6557617188 15.1632652283
8.7417860031 30.1523723602 -7.2611961365 23.3142013550 0.0000000000 0.0000000000 13.9437055588 30.6557617188 15.1733770370
8.7774200439 30.3635349274 -7.3693370819 23.1647281647 0.0000000000 0.0000000000 13.9437055588 30.6557617188 15.1834812164
8.8136758804 30.5743885040 -7.2675638199 23.2240009308 0.0000000000 0.0000000000 13.9437055588 30.6557617188 15.1937627792
8.8496656418 30.7882289886 -7.3335337639 23.0851230621 0.0000000000 0.0000000000 13.9437055588 30.6557617188 15.2039680481
8.8862485886 31.0017089844 -7.2530851364 23.1629505157 0.0000000000 0.0000000000 13.9437055588 30.6557617188 15.2143411636
8.9226284027 31.2181606293 -7.3228020668 22.9980964661 0.0000000000 0.0000000000 13.9437055588 30.6557617188 15.2246561050
8.9598865509 31.4340190887 -7.2526664734 23.0857810974 0.0000000000 0.0000000000 13.9437055588 30.6557617188 15.2352228165
8.9964323044 31.6527633667 -7.2804307938 22.9235343933 0.0000000000 0.0000000000 13.9437055588 30.6557617188 15.2455854416
9.0338268280 31.8709125519 -7.2116885185 23.0034885406 0.0000000000 0.0000000000 13.9437055588 30.6557617188 15.2561893463
9.0710248947 32.0918235779 -7.2846021652 22.8268241882 0.0000000000 0.0000000000 13.9437055588 30.6557617188 15.2667360306
9.1092348099 32.3119697571 -7.2389640808 22.9238166809 0.0000000000 0.0000000000 13.9437055588 30.6557617188 15.2775707245
9.1468439102 32.5345802307 -7.2643594742 22.7436714172 0.0000000000 0.0000000000 13.9437055588 30.6557617188 15.2882347107
9.1856079102 32.7562751770 -7.2292575836 22.8531780243 0.0000000000 0.0000000000 13.9437055588 30.6557617188 15.2992277145
9.2234430313 32.9805755615 -7.2367405891 22.6811695099 0.0000000000 0.0000000000 13.9437055588 30.6557617188 15.3099565506
9.2626094818 33.2037696838 -7.1972632408 22.7634525299 0.0000000000 0.0000000000 13.9437055588 30.6557617188 15.3210620880
9.3005952835 33.4297599792 -7.2070183754 22.6137371063 0.0000000000 0.0000000000 13.9437055588 30.6557617188 15.3318338394
9.3399600983 33.6544532776 -7.1902379990 22.7198238373 0.0000000000 0.0000000000 13.9437055588 30.6557617188 15.3429965973
9.3784046173 33.8818588257 -7.2049746513 22.5385951996 0.0000000000 0.0000000000 13.9437055588 30.6557617188 15.3538961411
9.4185714722 34.1076850891 -7.1877675056 22.6257247925 0.0000000000 0.0000000000 13.9437055588 30.6557617188 15.3652858734
9.4575843811 34.3360862732 -7.1992106438 22.4695072174 0.0000000000 0.0000000000 13.9437055588 30.6557617188 15.3763475418
9.4982461929 34.5629005432 -7.1850423813 22.5775966644 0.0000000000 0.0000000000 13.9437055588 30.6557617188 15.3878803253
9.5377807617 34.7925300598 -7.2033863068 22.3896980286 0.0000000000 0.0000000000 13.9437055588 30.6557617188 15.3990898132
9.5785589218 35.0200004578 -7.1461305618 22.5497417450 0.0000000000 0.0000000000 13.9437055588 30.6557617188 15.4106512070
9.6190547943 35.2503166199 -7.2635746002 22.3070716858 0.0000000000 0.0000000000 13.9437055588 30.6557617188 15.4221363068
9.6604089737 35.4784812927 -7.1472744942 22.4711799622 0.0000000000 0.0000000000 13.9437055588 30.6557617188 15.4338617325
9.7010784149 35.7094078064 -7.2491636276 22.2825145721 0.0000000000 0.0000000000 13.9437055588 30.6557617188 15.4453935623
9.7433576584 35.9379081726 -7.2031397820 22.4391098022 0.0000000000 0.0000000000 13.9437055588 30.6557617188 15.4573831558
9.7846965790 36.1697196960 -7.2697963715 22.2065773010 0.0000000000 0.0000000000 13.9437055588 30.6557617188 15.4691047668
9.8270778656 36.3990821838 -7.1798701286 22.3765487671 0.0000000000 0.0000000000 13.9437055588 30.6557617188 15.4811229706
9.8687191010 36.6313591003 -7.2676320076 22.1525268555 0.0000000000 0.0000000000 13.9437055588 30.6557617188 15.4929313660
9.9122543335 36.8611259460 -7.2315182686 22.2868614197 0.0000000000 0.0000000000 13.9437055588 30.6557617188 15.5052757263
9.9536561966 37.0939064026 -7.2025833130 22.0980205536 0.0000000000 0.0000000000 13.9437055588 30.6557617188 15.5170164108
9.9973936081 37.3241500854 -7.1963539124 22.2131385803 0.0000000000 0.0000000000 13.9437055588 30.6557617188 15.5294179916
10.0402297974 37.5571632385 -7.2819952965 22.0261611938 0.0000000000 0.0000000000 13.9437055588 30.6557617188 15.5415630341
10.0840864182 37.7875518799 -7.2118721008 22.1811351776 0.0000000000 0.0000000000 13.9437055588 30.6557617188 15.5539999008
10.1268796921 38.0207595825 -7.2556567192 21.9798564911 0.0000000000 0.0000000000 13.9437055588 30.6557617188 15.5661334991
10.1718702316 38.2511558533 -7.2455406189 22.1168594360 0.0000000000 0.0000000000 13.9437055588 30.6557617188 15.5788927078
10.2143001556 38.4845428467 -7.2079105377 21.9261684418 0.0000000000 0.0000000000 13.9437055588 30.6557617188 15.5909233093
10.2594842911 38.7149276733 -7.2410879135 22.0711326599 0.0000000000 0.0000000000 13.9437055588 30.6557617188 15.6037349701
10.3029508591 38.9486732483 -7.2481622696 21.8562641144 0.0000000000 0.0000000000 13.9437055588 30.6557617188 15.6160612106
10.3478412628 39.1793899536 -7.2228050232 22.0363960266 0.0000000000 0.0000000000 13.9437055588 30.6557617188 15.6287899017
10.3914518356 39.4128341675 -7.2371854782 21.8041172028 0.0000000000 0.0000000000 13.9437055588 30.6557617188 15.6411561966
10.4377946854 39.6432914734 -7.2776799202 21.9604339600 0.0000000000 0.0000000000 13.9437055588 30.6557617188 15.6542978287
10.4571294785 39.7990646362 -4.8869180679 19.5661849976 0.0000000000 0.0000000000 13.9437055588 30.6557617188 15.6597805023
10.4796066284 39.9485092163 -4.7897176743 19.5598545074 0.0000000000 0.0000000000 13.9437055588 30.6557617188 15.6661539078
10.4996604919 40.1064529419 -4.7550530434 19.3626155853 0.0000000000 0.0000000000 13.9437055588 30.6557617188 15.6718397141
10.5232114792 40.2581405640 -4.7810239792 19.4600257874 0.0000000000 0.0000000000 13.9437055588 30.6557617188 15.6785173416
10.5433168411 40.4179000854 -4.7299084663 19.3372535706 0.0000000000 0.0000000000 13.9437055588 30.6557617188 15.6842184067
10.5674600601 40.5723037720 -4.7679381371 19.3892040253 0.0000000000 0.0000000000 13.9437055588 30.6557617188 15.6910667419
10.5879783630 40.7343101501 -4.7423291206 19.3029499054 0.0000000000 0.0000000000 13.9437055588 30.6557617188 15.6968822479
10.6127452850 40.8908576965 -4.7667851448 19.3342247009 0.0000000000 0.0000000000 13.9437055588 30.6557617188 15.7039060593
10.6336965561 41.0553245544 -4.7306714058 19.2199096680 0.0000000000 0.0000000000 13.9437055588 30.6557617188 15.7098484039
10.6589345932 41.2142181396 -4.7744994164 19.2707366943 0.0000000000 0.0000000000 13.9437055588 30.6557617188 15.7170057297
10.6801462173 41.3802947998 -4.7298965454 19.1897411346 0.0000000000 0.0000000000 13.9437055588 30.6557617188 15.7230186462
10.7060613632 41.5413970947 -4.7830653191 19.2022571564 0.0000000000 0.0000000000 13.9437055588 30.6557617188 15.7303667068
10.7279853821 41.7090682983 -4.7490773201 19.1490974426 0.0000000000 0.0000000000 13.9437055588 30.6557617188 15.7365818024
10.7545757294 41.8719062805 -4.8309164047 19.1600551605 0.0000000000 0.0000000000 13.9437055588 30.6557617188 15.7441234589
10.7764501572 42.0414695740 -4.6926646233 19.0748062134 0.0000000000 0.0000000000 13.9437055588 30.6557617188 15.7503271103
10.8041114807 42.2059898376 -4.8919596672 19.1280212402 0.0000000000 0.0000000000 13.9437055588 30.6557617188 15.7581710815
10.8266305923 42.3765563965 -4.7376418114 19.0770435333 0.0000000000 0.0000000000 13.9437055588 30.6557617188 15.7645559311
10.8549385071 42.5431594849 -4.9150300026 19.0579681396 0.0000000000 0.0000000000 13.9437055588 30.6557617188 15.7725830078
10.8781661987 42.7148590088 -4.7723040581 19.0305976868 0.0000000000 0.0000000000 13.9437055588 30.6557617188 15.7791681290
10.9068660736 42.8825874329 -4.9038085938 19.0023498535 0.0000000000 0.0000000000 13.9437055588 30.6557617188 15.7873058319
10.9302396774 43.0558929443 -4.7487778664 18.9612407684 0.0000000000 0.0000000000 13.9437055588 30.6557617188 15.7939357758
10.9594554901 43.2248687744 -4.9014368057 18.9376564026 0.0000000000 0.0000000000 13.9437055588 30.6557617188 15.8022193909
10.9836511612 43.3988037109 -4.7911729813 18.9140701294 0.0000000000 0.0000000000 13.9437055588 30.6557617188 15.8090801239
11.0134773254 43.5691337585 -4.9062995911 18.8741474152 0.0000000000 0.0000000000 13.9437055588 30.6557617188 15.8175373077
11.0380201340 43.7437248230 -4.8041219711 18.8846263885 0.0000000000 0.0000000000 13.9437055588 30.6557617188 15.8244972229
11.0684442520 43.9148101807 -4.9428052902 18.8476314545 0.0000000000 0.0000000000 13.9437055588 30.6557617188 15.8331251144
11.0939044952 44.0903205872 -4.8394937515 18.8191623688 0.0000000000 0.0000000000 13.9437055588 30.6557617188 15.8403444290
11.1243362427 44.2622795105 -4.9314165115 18.8219528198 0.0000000000 0.0000000000 13.9437055588 30.6557617188 15.8489751816
11.1500520706 44.4380950928 -4.8262629509 18.7872486115 0.0000000000 0.0000000000 13.9437055588 30.6557617188 15.8562660217
11.1813125610 44.6110000610 -4.9642672539 18.7556877136 0.0000000000 0.0000000000 13.9437055588 30.6557617188 15.8651304245
11.2071838379 44.7872810364 -4.8412752151 18.7629222870 0.0000000000 0.0000000000 13.9437055588 30.6557617188 15.8724660873
11.2384548187 44.9606246948 -4.9420089722 18.7166976929 0.0000000000 0.0000000000 13.9437055588 30.6557617188 15.8813323975
11.2652683258 45.1374893188 -4.8797278404 18.7102165222 0.0000000000 0.0000000000 13.9437055588 30.6557617188 15.8889360428
11.2965555191 45.3114471436 -4.9366221428 18.6833152771 0.0000000000 0.0000000000 13.9437055588 30.6557617188 15.8978080750
11.3240499496 45.4883575439 -4.9055309296 18.6659622192 0.0000000000 0.0000000000 13.9437055588 30.6557617188 15.9056043625
11.3555803299 45.6631088257 -4.9284338951 18.6296157837 0.0000000000 0.0000000000 13.9437055588 30.6557617188 15.9145450592
11.3829383850 45.8402099609 -4.8983407021 18.6600990295 0.0000000000 0.0000000000 13.9437055588 30.6557617188 15.9223041534
11.4146318436 46.0153579712 -4.9310059547 18.5854816437 0.0000000000 0.0000000000 13.9437055588 30.6557617188 15.9312896729
11.4428195953 46.1929321289 -4.9355878830 18.6056461334 0.0000000000 0.0000000000 13.9437055588 30.6557617188 15.9392843246
11.4745130539 46.3679389954 -4.9425139427 18.5561771393 0.0000000000 0.0000000000 13.9437055588 30.6557617188 15.9482688904
11.5027360916 46.5454444885 -4.8950824738 18.5377349854 0.0000000000 0.0000000000 13.9437055588 30.6557617188 15.9562721252
11.5348844528 46.7209091187 -4.9741730690 18.5148925781 0.0000000000 0.0000000000 13.9437055588 30.6557617188 15.9653873444
11.5631313324 46.8984222412 -4.8930473328 18.5344982147 0.0000000000 0.0000000000 13.9437055588 30.6557617188 15.9733972549
11.5953273773 47.0739440918 -4.9449977875 18.4519481659 0.0000000000 0.0000000000 13.9437055588 30.6557617188 15.9825277328
11.6237325668 47.2517318726 -4.8908667564 18.4802417755 0.0000000000 0.0000000000 13.9437055588 30.6557617188 15.9905824661
11.6557607651 47.4272727966 -4.9253630638 18.4077720642 0.0000000000 0.0000000000 13.9437055588 30.6557617188 15.9996643066
11.6844339371 47.6045913696 -4.8651933670 18.4219455719 0.0000000000 0.0000000000 13.9437055588 30.6557617188 16.0077953339
11.7166538239 47.7804107666 -4.9363679886 18.3725337982 0.0000000000 0.0000000000 13.9437055588 30.6557617188 16.0169296265
11.7456521988 47.9575119019 -4.8872456551 18.3887138367 0.0000000000 0.0000000000 13.9437055588 30.6557617188 16.0251541138
11.7778005600 48.1331367493 -4.8808374405 18.2722206116 0.0000000000 0.0000000000 13.9437055588 30.6557617188 16.0342693329
11.7380237579 48.1618576050 -1.7876536846 16.9781455994 0.0000000000 0.0000000000 13.9437055588 30.6557617188 16.0229930878
11.7039699554 48.1811790466 -1.6831414700 16.6131992340 0.0000000000 0.0000000000 13.9437055588 30.6557617188 16.0133342743
11.6669588089 48.2139129639 -1.8088802099 16.7906475067 0.0000000000 0.0000000000 13.9437055588 30.6557617188 16.0028381348
11.6335592270 48.2370414734 -1.6848413944 16.5500984192 0.0000000000 0.0000000000 13.9437055588 30.6557617188 15.9933681488
11.5982265472 48.2730712891 -1.8923968077 16.8008823395 0.0000000000 0.0000000000 13.9437055588 30.6557617188 15.9833488464
11.5666103363 48.2997627258 -1.7985001802 16.5001354218 0.0000000000 0.0000000000 13.9437055588 30.6557617188 15.9743843079
11.5328493118 48.3393974304 -1.9429187775 16.7614154816 0.0000000000 0.0000000000 13.9437055588 30.6557617188 15.9648113251
11.5020666122 48.3699226379 -1.8547677994 16.4683761597 0.0000000000 0.0000000000 13.9437055588 30.6557617188 15.9560823441
11.4705114365 48.4122467041 -2.0309307575 16.7408199310 0.0000000000 0.0000000000 13.9437055588 30.6557617188 15.9471349716
11.4412765503 48.4464340210 -1.9585325718 16.4585514069 0.0000000000 0.0000000000 13.9437055588 30.6557617188 15.9388446808
11.4105091095 48.4922943115 -2.0390989780 16.6673984528 0.0000000000 0.0000000000 13.9437055588 30.6557617188 15.9301214218
11.3831748962 48.5294303894 -2.1307032108 16.5446434021 0.0000000000 0.0000000000 13.9437055588 30.6557617188 15.9223699570
11.3540134430 48.5783500671 -2.0656888485 16.6076564789 0.0000000000 0.0000000000 13.9437055588 30.6557617188 15.9140996933
11.3280687332 48.6188659668 -2.2130680084 16.5371303558 0.0000000000 0.0000000000 13.9437055588 30.6557617188 15.9067430496
11.3009500504 48.6705780029 -2.1342113018 16.5493450165 0.0000000000 0.0000000000 13.9437055588 30.6557617188 15.8990545273
11.2755479813 48.7146339417 -2.2378745079 16.4979419708 0.0000000000 0.0000000000 13.9437055588 30.6557617188 15.8918514252
11.2498579025 48.7690467834 -2.1958289146 16.5588817596 0.0000000000 0.0000000000 13.9437055588 30.6557617188 15.8845663071
11.2263870239 48.8161544800 -2.3819422722 16.5493984222 0.0000000000 0.0000000000 13.9437055588 30.6557617188 15.8779125214
11.2014932632 48.8735656738 -2.1996614933 16.5568332672 0.0000000000 0.0000000000 13.9437055588 30.6557617188 15.8708515167
11.1792316437 48.9235954285 -2.4516644478 16.5175590515 0.0000000000 0.0000000000 13.9437055588 30.6557617188 15.8645391464
11.1563196182 48.9834213257 -2.2960214615 16.5515232086 0.0000000000 0.0000000000 13.9437055588 30.6557617188 15.8580408096
11.1349143982 49.0361557007 -2.4753603935 16.4896697998 0.0000000000 0.0000000000 13.9437055588 30.6557617188 15.8519735336
11.1135234833 49.0985641479 -2.3695740700 16.5270233154 0.0000000000 0.0000000000 13.9437055588 30.6557617188 15.8459062576
11.0931291580 49.1539344788 -2.5101268291 16.4488658905 0.0000000000 0.0000000000 13.9437055588 30.6557617188 15.8401241302
11.0730524063 49.2183532715 -2.4126155376 16.5327606201 0.0000000000 0.0000000000 13.9437055588 30.6557617188 15.8344326019
11.0543737411 49.2761421204 -2.6360871792 16.4681262970 0.0000000000 0.0000000000 13.9437055588 30.6557617188 15.8291368484
11.0355463028 49.3428115845 -2.4617147446 16.4801368713 0.0000000000 0.0000000000 13.9437055588 30.6557617188 15.8237953186
11.0176086426 49.4032363892 -2.6513497829 16.4568443298 0.0000000000 0.0000000000 13.9437055588 30.6557617188 15.8187093735
11.0008945465 49.4713478088 -2.5686774254 16.4979667664 0.0000000000 0.0000000000 13.9437055588 30.6557617188 15.8139696121
10.9843578339 49.5337638855 -2.7481040955 16.4708061218 0.0000000000 0.0000000000 13.9437055588 30.6557617188 15.8092813492
10.9680356979 49.6044273376 -2.5362486839 16.4334297180 0.0000000000 0.0000000000 13.9437055588 30.6557617188 15.8046531677
10.9525718689 49.6690444946 -2.7870578766 16.4320182800 0.0000000000 0.0000000000 13.9437055588 30.6557617188 15.8002691269
10.9383277893 49.7408370972 -2.6639666557 16.4928588867 0.0000000000 0.0000000000 13.9437055588 30.6557617188 15.7962293625
10.9235897064 49.8077507019 -2.8072183132 16.4180068970 0.0000000000 0.0000000000 13.9437055588 30.6557617188 15.7920503616
10.9104843140 49.8808288574 -2.7024435997 16.4685726166 0.0000000000 0.0000000000 13.9437055588 30.6557617188 15.7883338928
10.8972730637 49.9492988586 -2.8923635483 16.4230899811 0.0000000000 0.0000000000 13.9437055588 30.6557617188 15.7845869064
10.8854322433 50.0239639282 -2.7422204018 16.4686470032 0.0000000000 0.0000000000 13.9437055588 30.6557617188 15.7812299728
10.8729104996 50.0943794250 -2.9297313690 16.3773841858 0.0000000000 0.0000000000 13.9437055588 30.6557617188 15.7776784897
10.8619766235 50.1703376770 -2.7998888493 16.4883289337 0.0000000000 0.0000000000 13.9437055588 30.6557617188 15.7745790482
10.8500032425 50.2430763245 -2.9014964104 16.3132743835 0.0000000000 0.0000000000 13.9437055588 30.6557617188 15.7711839676
10.8405323029 50.3198127747 -2.8557145596 16.4769458771 0.0000000000 0.0000000000 13.9437055588 30.6557617188 15.7684974670
10.8300018311 50.3934288025 -3.0139544010 16.3578720093 0.0000000000 0.0000000000 13.9437055588 30.6557617188 15.7655124664
10.8208799362 50.4720039368 -2.8367400169 16.4351348877 0.0000000000 0.0000000000 13.9437055588 30.6557617188 15.7629241943
10.8109798431 50.5471687317 -3.0288982391 16.3309001923 0.0000000000 0.0000000000 13.9437055588 30.6557617188 15.7601184845
10.8035688400 50.6262474060 -2.9381015301 16.4573459625 0.0000000000 0.0000000000 13.9437055588 30.6557617188 15.7580165863
10.7946081161 50.7025337219 -3.0680263042 16.3378868103 0.0000000000 0.0000000000 13.9437055588 30.6557617188 15.7554769516
10.7876653671 50.7827568054 -2.9420442581 16.4407291412 0.0000000000 0.0000000000 13.9437055588 30.6557617188 15.7535076141
10.7795248032 50.8603668213 -3.1010129452 16.3010768890 0.0000000000 0.0000000000 13.9437055588 30.6557617188 15.7511997223
10.7733316422 50.9416084290 -2.9478526115 16.3960094452 0.0000000000 0.0000000000 13.9437055588 30.6557617188 15.7494421005
10.7661514282 51.0199699402 -3.1734244823 16.3374671936 0.0000000000 0.0000000000 13.9437055588 30.6557617188 15.7474050522
10.7072238922 50.9333610535 -0.9707415104 16.1241836548 0.0000000000 0.0000000000 13.9437055588 30.6557617188 15.7306976318
10.6537303925 50.8448791504 -0.7946139574 15.5682439804 0.0000000000 0.0000000000 13.9437055588 30.6557617188 15.7155275345
10.5974378586 50.7632827759 -0.8742899299 15.8596258163 0.0000000000 0.0000000000 13.9437055588 30.6557617188 15.6995649338
10.5448541641 50.6795310974 -0.8734560609 15.5618877411 0.0000000000 0.0000000000 13.9437055588 30.6557617188 15.6846561432
10.4905595779 50.6022605896 -0.9739494920 15.8467884064 0.0000000000 0.0000000000 13.9437055588 30.6557617188 15.6692609787
10.4385118484 50.5238456726 -0.9368799329 15.5386476517 0.0000000000 0.0000000000 13.9437055588 30.6557617188 15.6545009613
10.3855123520 50.4510726929 -1.0114117861 15.7941455841 0.0000000000 0.0000000000 13.9437055588 30.6557617188 15.6394720078
10.3348598480 50.3776321411 -1.0444881916 15.5272684097 0.0000000000 0.0000000000 13.9437055588 30.6557617188 15.6251096725
10.2833118439 50.3094291687 -1.1023626328 15.7856636047 0.0000000000 0.0000000000 13.9437055588 30.6557617188 15.6104936600
10.2335157394 50.2413215637 -1.1118299961 15.4700717926 0.0000000000 0.0000000000 13.9437055588 30.6557617188 15.5963735580
10.1841783524 50.1771697998 -1.1935310364 15.8141136169 0.0000000000 0.0000000000 13.9437055588 30.6557617188 15.5823822021
10.1357049942 50.1141090393 -1.2160966396 15.5234584808 0.0000000000 0.0000000000 13.9437055588 30.6557617188 15.5686378479
10.0874528885 50.0546569824 -1.2306548357 15.7805318832 0.0000000000 0.0000000000 13.9437055588 30.6557617188 15.5549545288
10.0401830673 49.9962348938 -1.2962200642 15.5078077316 0.0000000000 0.0000000000 13.9437055588 30.6557617188 15.5415496826
9.9939823151 49.9411277771 -1.3170062304 15.7392091751 0.0000000000 0.0000000000 13.9437055588 30.6557617188 15.5284500122
9.9476881027 49.8879966736 -1.3484163284 15.4512414932 0.0000000000 0.0000000000 13.9437055588 30.6557617188 15.5153236389
9.9034929276 49.8370742798 -1.3764787912 15.7115678787 0.0000000000 0.0000000000 13.9437055588 30.6557617188 15.5027914047
9.8580369949 49.7887687683 -1.3884325027 15.4026050568 0.0000000000 0.0000000000 13.9437055588 30.6557617188 15.4898996353
9.8151702881 49.7422981262 -1.3968546391 15.6565704346 0.0000000000 0.0000000000 13.9437055588 30.6557617188 15.4777450562
9.7718143463 49.6984863281 -1.5177812576 15.4002904892 0.0000000000 0.0000000000 13.9437055588 30.6557617188 15.4654531479
9.7305517197 49.6563301086 -1.4303643703 15.5650310516 0.0000000000 0.0000000000 13.9437055588 30.6557617188 15.4537515640
9.6877908707 49.6169052124 -1.5379066467 15.3515872955 0.0000000000 0.0000000000 13.9437055588 30.6557617188 15.4416265488
9.6493358612 49.5787010193 -1.5300189257 15.5630502701 0.0000000000 0.0000000000 13.9437055588 30.6557617188 15.4307222366
9.6081018448 49.5439643860 -1.6201469898 15.3053493500 0.0000000000 0.0000000000 13.9437055588 30.6557617188 15.4190292358
9.5702838898 49.5104789734 -1.5109879971 15.4712781906 0.0000000000 0.0000000000 13.9437055588 30.6557617188 15.4083061218
9.5305995941 49.4797134399 -1.6759377718 15.2961339951 0.0000000000 0.0000000000 13.9437055588 30.6557617188 15.3970537186
9.4948997498 49.4502410889 -1.5678402185 15.4310874939 0.0000000000 0.0000000000 13.9437055588 30.6557617188 15.3869295120
9.4565477371 49.4236450195 -1.7434474230 15.2410211563 0.0000000000 0.0000000000 13.9437055588 30.6557617188 15.3760557175
9.4227256775 49.3980522156 -1.6125324965 15.3834619522 0.0000000000 0.0000000000 13.9437055588 30.6557617188 15.3664646149
9.3850584030 49.3759307861 -1.7450306416 15.1755628586 0.0000000000 0.0000000000 13.9437055588 30.6557617188 15.3557844162
9.3526659012 49.3543510437 -1.6226679087 15.3205308914 0.0000000000 0.0000000000 13.9437055588 30.6557617188 15.3465986252
9.3175086975 49.3357849121 -1.8974756002 15.2576236725 0.0000000000 0.0000000000 13.9437055588 30.6557617188 15.3366298676
9.2865180969 49.3184204102 -1.6668777466 15.2902393341 0.0000000000 0.0000000000 13.9437055588 30.6557617188 15.3278427124
9.2516279221 49.3039360046 -1.8648315668 15.1695070267 0.0000000000 0.0000000000 13.9437055588 30.6557617188 15.3179483414
9.2226963043 49.2898750305 -1.6839067936 15.2453880310 0.0000000000 0.0000000000 13.9437055588 30.6557617188 15.3097448349
9.1900577545 49.2792282104 -1.9846371412 15.1625318527 0.0000000000 0.0000000000 13.9437055588 30.6557617188 15.3004894257
9.1620197296 49.2688140869 -1.7034926414 15.2119817734 0.0000000000 0.0000000000 13.9437055588 30.6557617188 15.2925395966
9.1304845810 49.2619743347 -2.0270979404 15.1746587753 0.0000000000 0.0000000000 13.9437055588 30.6557617188 15.2835969925
9.1043310165 49.2554817200 -1.7604334354 15.1704559326 0.0000000000 0.0000000000 13.9437055588 30.6557617188 15.2761812210
9.0743389130 49.2519912720 -2.0999484062 15.1508817673 0.0000000000 0.0000000000 13.9437055588 30.6557617188 15.2676763535
9.0500383377 49.2486991882 -1.8703093529 15.2596178055 0.0000000000 0.0000000000 13.9437055588 30.6557617188 15.2607870102
9.0205888748 49.2490119934 -2.0814034939 15.0761423111 0.0000000000 0.0000000000 13.9437055588 30.6557617188 15.2524347305
8.9976634979 49.2494544983 -1.8550471067 15.1437015533 0.0000000000 0.0000000000 13.9437055588 30.6557617188 15.2459335327
8.9704732895 49.2526969910 -2.2061872482 15.1454887390 0.0000000000 0.0000000000 13.9437055588 30.6557617188 15.2382240295
8.9487819672 49.2561416626 -1.9259579182 15.1781969070 0.0000000000 0.0000000000 13.9437055588 30.6557617188 15.2320737839
8.9218826294 49.2628974915 -2.1462781429 15.0075817108 0.0000000000 0.0000000000 13.9437055588 30.6557617188 15.2244462967
8.9020843506 49.2694435120 -1.9911655188 15.1726198196 0.0000000000 0.0000000000 13.9437055588 30.6557617188 15.2188301086
8.8768186569 49.2793731689 -2.2399644852 15.0177841187 0.0000000000 0.0000000000 13.9437055588 30.6557617188 15.2116661072
8.8579702377 49.2889404297 -2.0074846745 15.1763153076 0.0000000000 0.0000000000 13.9437055588 30.6557617188 15.2063217163
8.8340864182 49.3014450073 -2.2951884270 15.0334806442 0.0000000000 0.0000000000 13.9437055588 30.6557617188 15.1995506287
8.7631921768 49.2047157288 -0.1968256533 15.2465076447 0.0000000000 0.0000000000 13.9437055588 30.6557617188 15.1794471741
8.6966800690 49.1099510193 -0.5723946691 15.3796653748 0.0000000000 0.0000000000 13.9437055588 30.6557617188 15.1605873108
8.6300544739 49.0174026489 -0.6897557974 15.6925306320 0.0000000000 0.0000000000 13.9437055588 30.6557617188 15.1416950226
8.5646257401 48.9280319214 -0.6174924970 15.3320055008 0.0000000000 0.0000000000 13.9437055588 30.6557617188 15.1231422424
8.5008344650 48.8399848938 -0.8372669220 15.7221717834 0.0000000000 0.0000000000 13.9437055588 30.6557617188 15.1050529480
8.4371662140 48.7559623718 -0.7640256882 15.3705015182 0.0000000000 0.0000000000 13.9437055588 30.6557617188 15.0869989395
8.3757915497 48.6722221375 -0.9728724360 15.7085132599 0.0000000000 0.0000000000 13.9437055588 30.6557617188 15.0695962906
8.3141117096 48.5936698914 -0.9068692327 15.3697996140 0.0000000000 0.0000000000 13.9437055588 30.6557617188 15.0521068573
8.2553062439 48.5145072937 -1.0538997650 15.6794538498 0.0000000000 0.0000000000 13.9437055588 30.6557617188 15.0354309082
8.1951961517 48.4409370422 -0.9639611244 15.3129043579 0.0000000000 0.0000000000 13.9437055588 30.6557617188 15.0183868408
8.1389684677 48.3658103943 -1.1892534494 15.8000125885 0.0000000000 0.0000000000 13.9437055588 30.6557617188 15.0024423599
8.0810136795 48.2977828979 -1.0015710592 15.1416444778 0.0000000000 0.0000000000 13.9437055588 30.6557617188 14.9860086441
8.0271463394 48.2269744873 -1.2962626219 15.7856416702 0.0000000000 0.0000000000 13.9437055588 30.6557617188 14.9707336426
7.9708285332 48.1642913818 -1.0389894247 15.0411653519 0.0000000000 0.0000000000 13.9437055588 30.6557617188 14.9547634125
7.9193148613 48.0982933044 -1.3564871550 15.7569084167 0.0000000000 0.0000000000 13.9437055588 30.6557617188 14.9401578903
7.8648438454 48.0406913757 -1.1433470249 15.0029783249 0.0000000000 0.0000000000 13.9437055588 30.6557617188 14.9247112274
7.8159041405 47.9790992737 -1.4305425882 15.7001075745 0.0000000000 0.0000000000 13.9437055588 30.6557617188 14.9108343124
7.7633290291 47.9265937805 -1.2116682529 14.9967670441 0.0000000000 0.0000000000 13.9437055588 30.6557617188 14.8959255219
7.7167797089 47.8694114685 -1.5175509453 15.6700239182 0.0000000000 0.0000000000 13.9437055588 30.6557617188 14.8827276230
7.6664400101 47.8213081360 -1.3195136786 14.9368257523 0.0000000000 0.0000000000 13.9437055588 30.6557617188 14.8684520721
7.6218438148 47.7684020996 -1.5357441902 15.5957279205 0.0000000000 0.0000000000 13.9437055588 30.6557617188 14.8558063507
7.5731811523 47.7245559692 -1.3725644350 14.8854751587 0.0000000000 0.0000000000 13.9437055588 30.6557617188 14.8420076370
7.5309529305 47.6763954163 -1.6089680195 15.5529098511 0.0000000000 0.0000000000 13.9437055588 30.6557617188 14.8300342560
7.4844160080 47.6373596191 -1.4430062771 14.7947568893 0.0000000000 0.0000000000 13.9437055588 30.6557617188 14.8168373108
7.4444899559 47.5934410095 -1.6945863962 15.5365381241 0.0000000000 0.0000000000 13.9437055588 30.6557617188 14.8055152893
7.3999843597 47.5588989258 -1.4988543987 14.7351503372 0.0000000000 0.0000000000 13.9437055588 30.6557617188 14.7928962708
7.3615646362 47.5195236206 -1.6975245476 15.4800758362 0.0000000000 0.0000000000 13.9437055588 30.6557617188 14.7820014954
7.3188781738 47.4895439148 -1.5378112793 14.6590013504 0.0000000000 0.0000000000 13.9437055588 30.6557617188 14.7698974609
7.2833843231 47.4538993835 -1.8244086504 15.4794483185 0.0000000000 0.0000000000 13.9437055588 30.6557617188 14.7598323822
7.2422595024 47.4286842346 -1.5636218786 14.5492401123 0.0000000000 0.0000000000 13.9437055588 30.6557617188 14.7481727600
7.2082743645 47.3973121643 -1.8061151505 15.3990306854 0.0000000000 0.0000000000 13.9437055588 30.6557617188 14.7385358810
7.1697211266 47.3756294250 -1.6437463760 14.4812164307 0.0000000000 0.0000000000 13.9437055588 30.6557617188 14.7276020050
7.1377248764 47.3480644226 -1.8616946936 15.3638486862 0.0000000000 0.0000000000 13.9437055588 30.6557617188 14.7185297012
7.1002984047 47.3306846619 -1.6822440624 14.4801282883 0.0000000000 0.0000000000 13.9437055588 30.6557617188 14.7079181671
7.0704350471 47.3074188232 -1.8693797588 15.2554988861 0.0000000000 0.0000000000 13.9437055588 30.6557617188 14.6994485855
7.0347228050 47.2938652039 -1.7084610462 14.3874788284 0.0000000000 0.0000000000 13.9437055588 30.6557617188 14.6893205643
7.0070910454 47.2737655640 -1.9722926617 15.2844181061 0.0000000000 0.0000000000 13.9437055588 30.6557617188 14.6814870834
6.9733462334 47.2638168335 -1.7799730301 14.3772306442 0.0000000000 0.0000000000 13.9437055588 30.6557617188 14.6719188690
6.9464445114 47.2477607727 -1.9013353586 15.1667718887 0.0000000000 0.0000000000 13.9437055588 30.6557617188 14.6642904282
6.9142971039 47.2412376404 -1.8292510509 14.3580694199 0.0000000000 0.0000000000 13.9437055588 30.6557617188 14.6551742554
6.8903498650 47.2286262512 -2.0203390121 15.1615228653 0.0000000000 0.0000000000 13.9437055588 30.6557617188 14.6483840942
6.8591423035 47.2259864807 -1.8145569563 14.2612628937 0.0000000000 0.0000000000 13.9437055588 30.6557617188 14.6395349503
6.8362698555 47.2165756226 -2.0295026302 15.1564550400 0.0000000000 0.0000000000 13.9437055588 30.6557617188 14.6330490112
6.8072028160 47.2168617249 -1.8950903416 14.2483711243 0.0000000000 0.0000000000 13.9437055588 30.6557617188 14.6248054504
6.7860603333 47.2114105225 -2.0598216057 15.0828552246 0.0000000000 0.0000000000 13.9437055588 30.6557617188 14.6188116074
6.7582225800 47.2145538330 -1.9283317327 14.2415590286 0.0000000000 0.0000000000 13.9437055588 30.6557617188 14.6109170914
6.7388095856 47.2112922668 -2.0942828655 15.1093301773 0.0000000000 0.0000000000 13.9437055588 30.6557617188 14.6054124832
6.7121462822 47.2177658081 -1.9142973423 14.1426429749 0.0000000000 0.0000000000 13.9437055588 30.6557617188 14.5978507996
6.6945486069 47.2173309326 -2.1587162018 15.1175184250 0.0000000000 0.0000000000 13.9437055588 30.6557617188 14.5928621292
6.6697497368 47.2263565063 -1.9981387854 14.1452312469 0.0000000000 0.0000000000 13.9437055588 30.6557617188 14.5858306885
6.6343021393 47.1760559082 -1.4100735188 15.1558513641 0.0000000000 0.0000000000 13.9437055588 30.6557617188 14.5757789612
6.5982937813 47.1307868958 -1.4743582010 14.5366764069 0.0000000000 0.0000000000 13.9437055588 30.6557617188 14.5655689240
6.5662198067 47.0891342163 -1.5992536545 14.9278678894 0.0000000000 0.0000000000 13.9437055588 30.6557617188 14.5564727783
6.5330319405 47.0489921570 -1.5347439051 14.4837484360 0.0000000000 0.0000000000 13.9437055588 30.6557617188 14.5470628738
6.5035791397 47.0124549866 -1.7407735586 14.9680728912 0.0000000000 0.0000000000 13.9437055588 30.6557617188 14.5387105942
6.4720497131 46.9773712158 -1.6055731773 14.4637184143 0.0000000000 0.0000000000 13.9437055588 30.6557617188 14.5297708511
6.4435343742 46.9455833435 -1.7151094675 14.9347057343 0.0000000000 0.0000000000 13.9437055588 30.6557617188 14.5216846466
6.4139037132 46.9157333374 -1.6512182951 14.4427938461 0.0000000000 0.0000000000 13.9437055588 30.6557617188 14.5132837296
6.3872051239 46.8892288208 -1.8068444729 14.9498062134 0.0000000000 0.0000000000 13.9437055588 30.6557617188 14.5057125092
6.3590092659 46.8644981384 -1.6822928190 14.4007482529 0.0000000000 0.0000000000 13.9437055588 30.6557617188 14.4977169037
6.3343353271 46.8424377441 -1.8921245337 15.0285644531 0.0000000000 0.0000000000 13.9437055588 30.6557617188 14.4907217026
6.3077330589 46.8226890564 -1.7094786167 14.2906627655 0.0000000000 0.0000000000 13.9437055588 30.6557617188 14.4831771851
6.2842111588 46.8051147461 -1.9119733572 15.0066108704 0.0000000000 0.0000000000 13.9437055588 30.6557617188 14.4765071869
6.2591218948 46.7899246216 -1.7703964710 14.2936248779 0.0000000000 0.0000000000 13.9437055588 30.6557617188 14.4693937302
6.2371821404 46.7767410278 -1.9348434210 14.9534568787 0.0000000000 0.0000000000 13.9437055588 30.6557617188 14.4631729126
6.2133092880 46.7655067444 -1.7819962502 14.2270755768 0.0000000000 0.0000000000 13.9437055588 30.6557617188 14.4564008713
6.1933879852 46.7560424805 -2.0342288017 14.9626951218 0.0000000000 0.0000000000 13.9437055588 30.6557617188 14.4507532120
6.1705927849 46.7489128113 -1.8075194359 14.1448507309 0.0000000000 0.0000000000 13.9437055588 30.6557617188 14.4442901611
6.1518120766 46.7429885864 -2.0485446453 14.9409427643 0.0000000000 0.0000000000 13.9437055588 30.6557617188 14.4389648438
6.1306829453 46.7392959595 -1.8739705086 14.1305561066 0.0000000000 0.0000000000 13.9437055588 30.6557617188 14.4329729080
6.1132173538 46.7368659973 -2.0631146431 14.8396768570 0.0000000000 0.0000000000 13.9437055588 30.6557617188 14.4280195236
6.0931019783 46.7369308472 -1.8935387135 14.1464910507 0.0000000000 0.0000000000 13.9437055588 30.6557617188 14.4223175049
6.0767474174 46.7377052307 -2.0833103657 14.7901573181 0.0000000000 0.0000000000 13.9437055588 30.6557617188 14.4176778793
6.0578994751 46.7408981323 -1.9405051470 14.1151142120 0.0000000000 0.0000000000 13.9437055588 30.6557617188 14.4123353958
6.0431208611 46.7442970276 -2.1417179108 14.8421869278 0.0000000000 0.0000000000 13.9437055588 30.6557617188 14.4081439972
6.0250558853 46.7505836487 -1.9428660870 14.0389394760 0.0000000000 0.0000000000 13.9437055588 30.6557617188 14.4030208588
6.0111231804 46.7571983337 -2.1269297600 14.7274894714 0.0000000000 0.0000000000 13.9437055588 30.6557617188 14.3990697861
5.9944005013 46.7660408020 -1.9762811661 14.0146026611 0.0000000000 0.0000000000 13.9437055588 30.6557617188 14.3943290710
5.9817662239 46.7748413086 -2.1902515888 14.8010549545 0.0000000000 0.0000000000 13.9437055588 30.6557617188 14.3907470703
5.9656763077 46.7867431641 -1.9842733145 13.9929370880 0.0000000000 0.0000000000 13.9437055588 30.6557617188 14.3861837387
5.9541959763 46.7979354858 -2.1929409504 14.6948766708 0.0000000000 0.0000000000 13.9437055588 30.6557617188 14.3829288483
5.9389491081 46.8121757507 -2.0062010288 13.9688138962 0.0000000000 0.0000000000 13.9437055588 30.6557617188 14.3786048889
5.9289221764 46.8257980347 -2.2556347847 14.7457170486 0.0000000000 0.0000000000 13.9437055588 30.6557617188 14.3757610321
5.9145298004 46.8427886963 -2.0148448944 13.9119234085 0.0000000000 0.0000000000 13.9437055588 30.6557617188 14.3716802597
5.9049000740 46.8587532043 -2.2360627651 14.6596975327 0.0000000000 0.0000000000 13.9437055588 30.6557617188 14.3689498901
5.8916831017 46.8774566650 -2.0766990185 13.9458045959 0.0000000000 0.0000000000 13.9437055588 30.6557617188 14.3652029037
5.8830852509 46.8948516846 -2.2498800755 14.6279230118 0.0000000000 0.0000000000 13.9437055588 30.6557617188 14.3627653122
5.8701906204 46.9160537720 -2.0256588459 13.7769298553 0.0000000000 0.0000000000 13.9437055588 30.6557617188 14.3591089249
5.8627886772 46.9349861145 -2.3211133480 14.7063426971 0.0000000000 0.0000000000 13.9437055588 30.6557617188 14.3570108414
5.8507056236 46.9577865601 -2.0675194263 13.8258419037 0.0000000000 0.0000000000 13.9437055588 30.6557617188 14.3535823822
5.8439507484 46.9789047241 -2.2911624908 14.5428724289 0.0000000000 0.0000000000 13.9437055588 30.6557617188 14.3516664505
5.8327159882 47.0035552979 -2.0851001740 13.7860984802 0.0000000000 0.0000000000 13.9437055588 30.6557617188 14.3484811783
5.8267521858 47.0259437561 -2.3012423515 14.5409374237 0.0000000000 0.0000000000 13.9437055588 30.6557617188 14.3467903137
5.8161306381 47.0521125793 -2.0895190239 13.7595176697 0.0000000000 0.0000000000 13.9437055588 30.6557617188 14.3437786102
5.8112115860 47.0755310059 -2.3389823437 14.5248107910 0.0000000000 0.0000000000 13.9437055588 30.6557617188 14.3423833847
5.8009042740 47.1037750244 -2.0686233044 13.6836166382 0.0000000000 0.0000000000 13.9437055588 30.6557617188 14.3394603729
5.7966480255 47.1286849976 -2.3493969440 14.5039892197 0.0000000000 0.0000000000 13.9437055588 30.6557617188 14.3382539749
5.7877144814 47.1574859619 -2.1127073765 13.6855516434 0.0000000000 0.0000000000 13.9437055588 30.6557617188 14.3357200623
5.7838749886 47.1836624146 -2.3200953007 14.4159574509 0.0000000000 0.0000000000 13.9437055588 30.6557617188 14.3346309662
5.7753081322 47.2141609192 -2.0900042057 13.6155176163 0.0000000000 0.0000000000 13.9437055588 30.6557617188 14.3322029114
5.7066421509 47.2079086304 -0.6979922652 15.2847995758 0.0000000000 0.0000000000 13.9437055588 30.6557617188 14.3127326965
5.6407814026 47.2041664124 -1.2098590136 15.2840557098 0.0000000000 0.0000000000 13.9437055588 30.6557617188 14.2940549850
5.5785346031 47.2042045593 -1.3286243677 15.4223556519 0.0000000000 0.0000000000 13.9437055588 30.6557617188 14.2764062881
5.5192904472 47.2047500610 -1.6253377199 15.4832878113 0.0000000000 0.0000000000 13.9437055588 30.6557617188 14.2596054077
5.4613137245 47.2077178955 -1.4954169989 15.4439144135 0.0000000000 0.0000000000 13.9437055588 30.6557617188 14.2431659698
5.4065933228 47.2115898132 -1.7436405420 15.4287796021 0.0000000000 0.0000000000 13.9437055588 30.6557617188 14.2276515961
5.3530650139 47.2172660828 -1.6045471430 15.3892498016 0.0000000000 0.0000000000 13.9437055588 30.6557617188 14.2124710083
5.3022189140 47.2240676880 -1.8296456337 15.3869972229 0.0000000000 0.0000000000 13.9437055588 30.6557617188 14.1980524063
5.2529473305 47.2325439453 -1.6873580217 15.3272733688 0.0000000000 0.0000000000 13.9437055588 30.6557617188 14.1840820312
5.2065181732 47.2417182922 -1.9148442745 15.2829084396 0.0000000000 0.0000000000 13.9437055588 30.6557617188 14.1709175110
5.1612520218 47.2528190613 -1.8203955889 15.4326419830 0.0000000000 0.0000000000 13.9437055588 30.6557617188 14.1580810547
5.1185622215 47.2643814087 -1.9759765863 15.2815570831 0.0000000000 0.0000000000 13.9437055588 30.6557617188 14.1459770203
5.0777578354 47.2780647278 -1.9004144669 15.3246011734 0.0000000000 0.0000000000 13.9437055588 30.6557617188 14.1344060898
5.0388584137 47.2918701172 -2.0549495220 15.2406902313 0.0000000000 0.0000000000 13.9437055588 30.6557617188 14.1233749390
5.0016269684 47.3079223633 -1.9871158600 15.3565340042 0.0000000000 0.0000000000 13.9437055588 30.6557617188 14.1128196716
4.9664506912 47.3242645264 -2.1318795681 15.1924791336 0.0000000000 0.0000000000 13.9437055588 30.6557617188 14.1028432846
4.9329714775 47.3417968750 -2.0328621864 15.2526712418 0.0000000000 0.0000000000 13.9437055588 30.6557617188 14.0933485031
4.9008831978 47.3602676392 -2.1975708008 15.1976718903 0.0000000000 0.0000000000 13.9437055588 30.6557617188 14.0842494965
4.8703746796 47.3801460266 -2.1064798832 15.2789468765 0.0000000000 0.0000000000 13.9437055588 30.6557617188 14.0755996704
4.8407883644 47.4002609253 -2.2071332932 15.1284275055 0.0000000000 0.0000000000 13.9437055588 30.6557617188 14.0672101974
4.8144702911 47.4214401245 -2.2067325115 15.1920127869 0.0000000000 0.0000000000 13.9437055588 30.6557617188 14.0597476959
4.7866477966 47.4432678223 -2.2162032127 15.1532382965 0.0000000000 0.0000000000 13.9437055588 30.6557617188 14.0518589020
4.7622175217 47.4667358398 -2.2457659245 15.2240495682 0.0000000000 0.0000000000 13.9437055588 30.6557617188 14.0449314117
4.7378835678 47.4896049500 -2.2938687801 14.9740991592 0.0000000000 0.0000000000 13.9437055588 30.6557617188 14.0380306244
4.7160997391 47.5143013000 -2.2884030342 15.1532182693 0.0000000000 0.0000000000 13.9437055588 30.6557617188 14.0318536758
4.6930999756 47.5386047363 -2.2783851624 14.9546222687 0.0000000000 0.0000000000 13.9437055588 30.6557617188 14.0253324509
4.6738071442 47.5650215149 -2.3568165302 15.1049470901 0.0000000000 0.0000000000 13.9437055588 30.6557617188 14.0198612213
4.6521177292 47.5904541016 -2.2801072598 14.9391784668 0.0000000000 0.0000000000 13.9437055588 30.6557617188 14.0137109756
4.6352767944 47.6178321838 -2.4200050831 15.0738363266 0.0000000000 0.0000000000 13.9437055588 30.6557617188 14.0089349747
4.6153750420 47.6436500549 -2.2978870869 14.9120578766 0.0000000000 0.0000000000 13.9437055588 30.6557617188 14.0032939911
4.6003599167 47.6721992493 -2.4309556484 14.9703874588 0.0000000000 0.0000000000 13.9437055588 30.6557617188 13.9990358353
4.5802731514 47.6987533569 -2.2227182388 15.0306320190 0.0000000000 0.0000000000 13.9437055588 30.6557617188 13.9933385849
4.5679874420 47.7280578613 -2.4667148590 14.7425718307 0.0000000000 0.0000000000 13.9437055588 30.6557617188 13.9898538589
4.5487251282 47.7545661926 -2.2207710743 15.0349426270 0.0000000000 0.0000000000 13.9437055588 30.6557617188 13.9843921661
4.5368051529 47.7853164673 -2.4311268330 14.7256116867 0.0000000000 0.0000000000 13.9437055588 30.6557617188 13.9810142517
4.5194787979 47.8128814697 -2.2551767826 14.9735002518 0.0000000000 0.0000000000 13.9437055588 30.6557617188 13.9760999680
4.5090951920 47.8436126709 -2.4572114944 14.6954689026 0.0000000000 0.0000000000 13.9437055588 30.6557617188 13.9731559753
4.4925451279 47.8721580505 -2.2766616344 15.0052738190 0.0000000000 0.0000000000 13.9437055588 30.6557617188 13.9684638977
4.4834799767 47.9048423767 -2.4748821259 14.6082248688 0.0000000000 0.0000000000 13.9437055588 30.6557617188 13.9658927917
4.4676384926 47.9334297180 -2.2656302452 14.9408321381 0.0000000000 0.0000000000 13.9437055588 30.6557617188 13.9614000320
4.4596419334 47.9671020508 -2.4888255596 14.5957260132 0.0000000000 0.0000000000 13.9437055588 30.6557617188 13.9591321945
4.4452376366 47.9954414368 -2.3150322437 14.9162454605 0.0000000000 0.0000000000 13.9437055588 30.6557617188 13.9550485611
4.4378776550 48.0291976929 -2.4641263485 14.4868211746 0.0000000000 0.0000000000 13.9437055588 30.6557617188 13.9529619217
4.4244565964 48.0585517883 -2.3305971622 14.9127626419 0.0000000000 0.0000000000 13.9437055588 30.6557617188 13.9491567612
4.4179940224 48.0933914185 -2.4681744576 14.4220991135 0.0000000000 0.0000000000 13.9437055588 30.6557617188 13.9473218918
4.4052023888 48.1232452393 -2.3717911243 14.9577932358 0.0000000000 0.0000000000 13.9437055588 30.6557617188 13.9436960220
4.3994688988 48.1595535278 -2.4919898510 14.4248447418 0.0000000000 0.0000000000 13.9437055588 30.6557617188 13.9420709610
4.3877768517 48.1893272400 -2.3687999249 14.8776731491 0.0000000000 0.0000000000 13.9437055588 30.6557617188 13.9387550354
4.3836655617 48.2247161865 -2.5204186440 14.3958539963 0.0000000000 0.0000000000 13.9437055588 30.6557617188 13.9375896454
4.3723940849 48.2565536499 -2.3787772655 14.8754253387 0.0000000000 0.0000000000 13.9437055588 30.6557617188 13.9343919754
4.3704881668 48.2827301025 -2.2503829002 15.6310319901 0.0000000000 0.0000000000 13.9437055588 30.6557617188 13.9338521957
4.3714218140 48.3062324524 -2.4567162991 15.8782558441 0.0000000000 0.0000000000 13.9437055588 30.6557617188 13.9341182709
4.3705554008 48.3364257812 -2.3282570839 15.5637598038 0.0000000000 0.0000000000 13.9437055588 30.6557617188 13.9338712692
4.3713302612 48.3637733459 -2.4557902813 15.8330993652 0.0000000000 0.0000000000 13.9437055588 30.6557617188 13.9340906143
4.3710460663 48.3970489502 -2.4104521275 15.5730056763 0.0000000000 0.0000000000 13.9437055588 30.6557617188 13.9340085983
4.3718023300 48.4277000427 -2.4665327072 15.7942380905 0.0000000000 0.0000000000 13.9437055588 30.6557617188 13.9342250824
4.3707065582 48.4645576477 -2.3560903072 15.5093898773 0.0000000000 0.0000000000 13.9437055588 30.6557617188 13.9339141846
4.3720560074 48.4977722168 -2.5338037014 15.8066492081 0.0000000000 0.0000000000 13.9437055588 30.6557617188 13.9342994690
4.3704371452 48.5369186401 -2.3511421680 15.4848451614 0.0000000000 0.0000000000 13.9437055588 30.6557617188 13.9338369370
4.3710393906 48.5728530884 -2.5139560699 15.7548923492 0.0000000000 0.0000000000 13.9437055588 30.6557617188 13.9340076447
4.3698873520 48.6138801575 -2.3891108036 15.4927530289 0.0000000000 0.0000000000 13.9437055588 30.6557617188 13.9336814880
4.3703784943 48.6510353088 -2.5653090477 15.7240629196 0.0000000000 0.0000000000 13.9437055588 30.6557617188 13.9338207245
4.3687820435 48.6946868896 -2.3789503574 15.4462165833 0.0000000000 0.0000000000 13.9437055588 30.6557617188 13.9333686829
4.3690490723 48.7333259583 -2.5967490673 15.7189540863 0.0000000000 0.0000000000 13.9437055588 30.6557617188 13.9334449768
4.3679108620 48.7784881592 -2.3909001350 15.4369430542 0.0000000000 0.0000000000 13.9437055588 30.6557617188 13.9331226349
4.3675241470 48.8188171387 -2.5765347481 15.6626596451 0.0000000000 0.0000000000 13.9437055588 30.6557617188 13.9330110550
4.3663506508 48.8646011353 -2.4132266045 15.4465456009 0.0000000000 0.0000000000 13.9437055588 30.6557617188 13.9326791763
4.3662281036 48.9053192139 -2.6036126614 15.6431827545 0.0000000000 0.0000000000 13.9437055588 30.6557617188 13.9326457977
4.3648910522 48.9523391724 -2.3935401440 15.3957138062 0.0000000000 0.0000000000 13.9437055588 30.6557617188 13.9322662354
4.3645710945 48.9937782288 -2.6260108948 15.6923046112 0.0000000000 0.0000000000 13.9437055588 30.6557617188 13.9321756363
4.3628010750 49.0417327881 -2.3792181015 15.3339576721 0.0000000000 0.0000000000 13.9437055588 30.6557617188 13.9316730499
4.3623919487 49.0836029053 -2.6178102493 15.6275320053 0.0000000000 0.0000000000 13.9437055588 30.6557617188 13.9315576553
4.3609943390 49.1315650940 -2.4188568592 15.3442373276 0.0000000000 0.0000000000 13.9437055588 30.6557617188 13.9311599731
4.3609247208 49.1737823486 -2.6354384422 15.6034622192 0.0000000000 0.0000000000 13.9437055588 30.6557617188 13.9311399460
4.3594694138 49.2224235535 -2.4220535755 15.2783308029 0.0000000000 0.0000000000 13.9437055588 30.6557617188 13.9307270050
4.3590373993 49.2650909424 -2.6341755390 15.6287956238 0.0000000000 0.0000000000 13.9437055588 30.6557617188 13.9306049347
4.3577184677 49.3135528564 -2.4325366020 15.2729349136 0.0000000000 0.0000000000 13.9437055588 30.6557617188 13.9302310944
4.3578052521 49.3568038940 -2.6694560051 15.5606489182 0.0000000000 0.0000000000 13.9437055588 30.6557617188 13.9302568436
4.3560409546 49.4051780701 -2.4266252518 15.2806787491 0.0000000000 0.0000000000 13.9437055588 30.6557617188 13.9297542572
4.3566093445 49.4476547241 -2.6790273190 15.5299444199 0.0000000000 0.0000000000 13.9437055588 30.6557617188 13.9299173355
4.3552765846 49.4962997437 -2.4598524570 15.2230358124 0.0000000000 0.0000000000 13.9437055588 30.6557617188 13.9295387268
4.3552799225 49.5395660400 -2.6691884995 15.5474462509 0.0000000000 0.0000000000 13.9437055588 30.6557617188 13.9295396805
4.3538594246 49.5879096985 -2.4559557438 15.2129354477 0.0000000000 0.0000000000 13.9437055588 30.6557617188 13.9291372299
4.3545804024 49.6310005188 -2.6974585056 15.4968395233 0.0000000000 0.0000000000 13.9437055588 30.6557617188 13.9293403625
4.3525819778 49.6796798706 -2.4427995682 15.2286548615 0.0000000000 0.0000000000 13.9437055588 30.6557617188 13.9287738800
4.3538079262 49.7218551636 -2.7085039616 15.4793062210 0.0000000000 0.0000000000 13.9437055588 30.6557617188 13.9291229248
4.3520984650 49.7704162598 -2.4734063148 15.1813879013 0.0000000000 0.0000000000 13.9437055588 30.6557617188 13.9286375046
4.3525161743 49.8134078979 -2.6928894520 15.4977102280 0.0000000000 0.0000000000 13.9437055588 30.6557617188 13.9287557602
4.3512544632 49.8616943359 -2.4953842163 15.1790857315 0.0000000000 0.0000000000 13.9437055588 30.6557617188 13.9283981323
4.3517742157 49.9046592712 -2.7024276257 15.4517650604 0.0000000000 0.0000000000 13.9437055588 30.6557617188 13.9285449982
4.3499336243 49.9528961182 -2.4793484211 15.1795673370 0.0000000000 0.0000000000 13.9437055588 30.6557617188 13.9280242920
4.3515825272 49.9951591492 -2.7608773708 15.4439821243 0.0000000000 0.0000000000 13.9437055588 30.6557617188 13.9284906387
4.3498120308 50.0436859131 -2.5001890659 15.1415691376 0.0000000000 0.0000000000 13.9437055588 30.6557617188 13.9279899597
4.3495249748 50.0860595703 -2.6646199226 15.4375286102 0.0000000000 0.0000000000 13.9437055588 30.6557617188 13.9279069901
4.3485264778 50.1339263916 -2.5370194912 15.1513376236 0.0000000000 0.0000000000 13.9437055588 30.6557617188 13.9276237488
4.3491482735 50.1760330200 -2.7357966900 15.4107103348 0.0000000000 0.0000000000 13.9437055588 30.6557617188 13.9278001785
4.3478641510 50.2238388062 -2.5059328079 15.1263656616 0.0000000000 0.0000000000 13.9437055588 30.6557617188 13.9274358749
4.3488888741 50.2655677795 -2.7558600903 15.3942632675 0.0000000000 0.0000000000 13.9437055588 30.6557617188 13.9277267456
4.3473324776 50.3130760193 -2.5374569893 15.1249151230 0.0000000000 0.0000000000 13.9437055588 30.6557617188 13.9272861481
4.3480091095 50.3547897339 -2.7158157825 15.3765020370 0.0000000000 0.0000000000 13.9437055588 30.6557617188 13.9274768829
4.2851619720 50.4016571045 -1.3630328178 16.7390480042 0.0000000000 0.0000000000 13.9437055588 30.6557617188 13.9096574783
4.2286477089 50.4447135925 -1.7840772867 16.9862194061 0.0000000000 0.0000000000 13.9437055588 30.6557617188 13.8936319351
4.1734204292 50.4921035767 -1.6604692936 16.7157154083 0.0000000000 0.0000000000 13.9437055588 30.6557617188 13.8779726028
4.1220440865 50.5362777710 -1.8883832693 16.9715805054 0.0000000000 0.0000000000 13.9437055588 30.6557617188 13.8634033203
4.0728878975 50.5846557617 -1.8116319180 16.7025623322 0.0000000000 0.0000000000 13.9437055588 30.6557617188 13.8494644165
4.0269145966 50.6297416687 -1.9994302988 16.9335632324 0.0000000000 0.0000000000 13.9437055588 30.6557617188 13.8364276886
3.9828729630 50.6789588928 -1.8740941286 16.6338882446 0.0000000000 0.0000000000 13.9437055588 30.6557617188 13.8239412308
3.9425678253 50.7241172791 -2.1465849876 16.9502067566 0.0000000000 0.0000000000 13.9437055588 30.6557617188 13.8125114441
3.9040105343 50.7740325928 -1.9725031853 16.6057014465 0.0000000000 0.0000000000 13.9437055588 30.6557617188 13.8015775681
3.8681023121 50.8194465637 -2.1975429058 16.8906421661 0.0000000000 0.0000000000 13.9437055588 30.6557617188 13.7913951874
3.8344097137 50.8692474365 -2.0601136684 16.6069736481 0.0000000000 0.0000000000 13.9437055588 30.6557617188 13.7818412781
3.8030974865 50.9148788452 -2.2789001465 16.8824691772 0.0000000000 0.0000000000 13.9437055588 30.6557617188 13.7729625702
3.7737073898 50.9646759033 -2.1115872860 16.5741615295 0.0000000000 0.0000000000 13.9437055588 30.6557617188 13.7646284103
3.7464306355 51.0101737976 -2.3457078934 16.9092559814 0.0000000000 0.0000000000 13.9437055588 30.6557617188 13.7568950653
3.7208194733 51.0606307983 -2.1712512970 16.5263767242 0.0000000000 0.0000000000 13.9437055588 30.6557617188 13.7496309280
3.6971192360 51.1060256958 -2.4099159241 16.8767471313 0.0000000000 0.0000000000 13.9437055588 30.6557617188 13.7429113388
3.6751341820 51.1559944153 -2.2418150902 16.5329303741 0.0000000000 0.0000000000 13.9437055588 30.6557617188 13.7366771698
3.6545236111 51.2016906738 -2.4086263180 16.7649688721 0.0000000000 0.0000000000 13.9437055588 30.6557617188 13.7308320999
3.6352069378 51.2518157959 -2.2713291645 16.4993839264 0.0000000000 0.0000000000 13.9437055588 30.6557617188 13.7253561020
3.6171307564 51.2969589233 -2.4462127686 16.7732830048 0.0000000000 0.0000000000 13.9437055588 30.6557617188 13.7202301025
3.6006720066 51.3474769592 -2.3108174801 16.4579505920 0.0000000000 0.0000000000 13.9437055588 30.6557617188 13.7155628204
3.5853049755 51.3922386169 -2.5024697781 16.7552928925 0.0000000000 0.0000000000 13.9437055588 30.6557617188 13.7112054825
3.5707433224 51.4423141479 -2.3433084488 16.4619350433 0.0000000000 0.0000000000 13.9437055588 30.6557617188 13.7070779800
3.5574090481 51.4878120422 -2.5297355652 16.7141418457 0.0000000000 0.0000000000 13.9437055588 30.6557617188 13.7032957077
3.5450029373 51.5377998352 -2.3746404648 16.4291400909 0.0000000000 0.0000000000 13.9437055588 30.6557617188 13.6997776031
3.5331220627 51.5827140808 -2.5357420444 16.7150897980 0.0000000000 0.0000000000 13.9437055588 30.6557617188 13.6964082718
3.5220851898 51.6330642700 -2.4092023373 16.3980197906 0.0000000000 0.0000000000 13.9437055588 30.6557617188 13.6932792664
3.5117187500 51.6775245667 -2.5609076023 16.6656856537 0.0000000000 0.0000000000 13.9437055588 30.6557617188 13.6903400421
3.5025186539 51.7282829285 -2.4322793484 16.3695011139 0.0000000000 0.0000000000 13.9437055588 30.6557617188 13.6877298355
3.4938700199 51.7726364136 -2.6076936722 16.6568069458 0.0000000000 0.0000000000 13.9437055588 30.6557617188 13.6852779388
3.4856629372 51.8228607178 -2.4467675686 16.3344306946 0.0000000000 0.0000000000 13.9437055588 30.6557617188 13.6829509735
3.4771363735 51.8670921326 -2.5713045597 16.6398906708 0.0000000000 0.0000000000 13.9437055588 30.6557617188 13.6805334091
3.4709036350 51.9172897339 -2.5016610622 16.2928581238 0.0000000000 0.0000000000 13.9437055588 30.6557617188 13.6787652969
3.4631361961 51.9614143372 -2.5877258778 16.6098651886 0.0000000000 0.0000000000 13.9437055588 30.6557617188 13.6765623093
3.4572484493 52.0116386414 -2.4910128117 16.3029327393 0.0000000000 0.0000000000 13.9437055588 30.6557617188 13.6748952866
3.4507162571 52.0558624268 -2.6032953262 16.5685291290 0.0000000000 0.0000000000 13.9437055588 30.6557617188 13.6730413437
3.4457776546 52.1048507690 -2.5279512405 16.2890987396 0.0000000000 0.0000000000 13.9437055588 30.6557617188 13.6716413498
3.4405760765 52.1492271423 -2.6328551769 16.5411720276 0.0000000000 0.0000000000 13.9437055588 30.6557617188 13.6701679230
3.4362304211 52.1988868713 -2.5309183598 16.2595329285 0.0000000000 0.0000000000 13.9437055588 30.6557617188 13.6689338684
3.4313220978 52.2432937622 -2.6357579231 16.5155563354 0.0000000000 0.0000000000 13.9437055588 30.6557617188 13.6675424576
3.4291648865 52.2929306030 -2.5894074440 16.2329330444 0.0000000000 0.0000000000 13.9437055588 30.6557617188 13.6669292450
3.4240276814 52.3361778259 -2.6550419331 16.5718135834 0.0000000000 0.0000000000 13.9437055588 30.6557617188 13.6654748917
3.4214551449 52.3849830627 -2.5687811375 16.2026767731 0.0000000000 0.0000000000 13.9437055588 30.6557617188 13.6647453308
3.4180939198 52.4288520813 -2.6793015003 16.5106067657 0.0000000000 0.0000000000 13.9437055588 30.6557617188 13.6637907028
3.4154541492 52.4781417847 -2.5813260078 16.2066764832 0.0000000000 0.0000000000 13.9437055588 30.6557617188 13.6630430222
3.4122924805 52.5214729309 -2.6753401756 16.4602260590 0.0000000000 0.0000000000 13.9437055588 30.6557617188 13.6621465683
3.4103870392 52.5695800781 -2.6049697399 16.2162342072 0.0000000000 0.0000000000 13.9437055588 30.6557617188 13.6616058350
3.4070556164 52.6136283875 -2.6636419296 16.4544525146 0.0000000000 0.0000000000 13.9437055588 30.6557617188 13.6606597900
3.4057900906 52.6616477966 -2.6156888008 16.1572570801 0.0000000000 0.0000000000 13.9437055588 30.6557617188 13.6603021622
3.4035069942 52.7042350769 -2.7147281170 16.4815216064 0.0000000000 0.0000000000 13.9437055588 30.6557617188 13.6596555710
3.4049088955 52.7544975281 -2.5967338085 18.3345546722 0.0000000000 0.0000000000 13.9437055588 30.6557617188 13.6600522995
