     velsurf       thk_regu           glen
     34.8664         3.0247        -0.7748
     35.6659         3.0908        -0.7748
     35.6046         3.0814        -0.7748
     35.5518         3.0742        -0.7748
     35.5039         3.0682        -0.7748
     35.4589         3.0631        -0.7748
     35.4160         3.0587        -0.7748
     35.3745         3.0547        -0.7748
     35.3339         3.0512        -0.7748
     35.2939         3.0481        -0.7748
     35.2544         3.0453        -0.7748
     35.2151         3.0428        -0.7748
     35.1759         3.0405        -0.7748
     35.1368         3.0385        -0.7748
     35.0977         3.0367        -0.7748
     35.0584         3.0352        -0.7748
     35.0188         3.0339        -0.7748
     34.9789         3.0328        -0.7748
     34.9390         3.0319        -0.7748
     34.8989         3.0312        -0.7748
     34.8583         3.0308        -0.7748
     34.8173         3.0305        -0.7748
     34.7759         3.0304        -0.7748
     34.7346         3.0305        -0.7748
     34.6927         3.0309        -0.7748
     34.6501         3.0314        -0.7748
     34.6074         3.0321        -0.7748
     34.5642         3.0330        -0.7748
     34.5207         3.0341        -0.7748
     34.4770         3.0353        -0.7748
     34.4326         3.0368        -0.7748
     34.3879         3.0385        -0.7748
     34.3427         3.0403        -0.7748
     34.2972         3.0423        -0.7748
     34.2513         3.0446        -0.7748
     34.2052         3.0470        -0.7748
     34.1585         3.0496        -0.7748
     34.1115         3.0523        -0.7748
     34.0632         3.0553        -0.7748
     34.0152         3.0585        -0.7748
     33.9669         3.0618        -0.7748
     33.9187         3.0653        -0.7748
     33.8701         3.0690        -0.7748
     33.8210         3.0729        -0.7748
     33.7714         3.0770        -0.7748
     33.7218         3.0812        -0.7748
     33.6717         3.0857        -0.7748
     33.6218         3.0903        -0.7748
     33.5710         3.0951        -0.7748
     33.5204         3.1001        -0.9331
     27.9433         3.1052        -0.9331
     27.8923         3.1086        -0.9331
     27.8412         3.1122        -0.9331
     27.7860         3.1160        -0.9331
     27.7385         3.1201        -0.9331
     27.6857         3.1243        -0.9331
     27.6311         3.1288        -0.9331
     27.5819         3.1334        -0.9331
     27.5295         3.1383        -0.9331
     27.4741         3.1433        -0.9331
     27.4250         3.1485        -0.9331
     27.3723         3.1539        -0.9331
     27.3120         3.1594        -0.9331
     27.2661         3.1651        -0.9331
     27.2135         3.1710        -0.9331
     27.1527         3.1770        -0.9331
     27.1051         3.1832        -0.9331
     27.0513         3.1895        -0.9331
     26.9926         3.1960        -0.9331
     26.9454         3.2026        -0.9331
     26.8887         3.2094        -0.9331
     26.8333         3.2163        -0.9331
     26.7840         3.2233        -0.9331
     26.7242         3.2305        -0.9331
     26.6726         3.2379        -0.9331
     26.6202         3.2453        -0.9331
     26.5643         3.2529        -0.9331
     26.5119         3.2606        -0.9331
     26.4548         3.2684        -0.9331
     26.4046         3.2764        -0.9331
     26.3508         3.2845        -0.9331
     26.2946         3.2927        -0.9331
     26.2453         3.3010        -0.9331
     26.1912         3.3095        -0.9331
     26.1300         3.3180        -0.9331
     26.0843         3.3267        -0.9331
     26.0250         3.3355        -0.9331
     25.9691         3.3443        -0.9331
     25.9186         3.3533        -0.9331
     25.8644         3.3624        -0.9331
     25.8092         3.3716        -0.9331
     25.7620         3.3809        -0.9331
     25.6930         3.3903        -0.9331
     25.6568         3.3997        -0.9331
     25.5966         3.4093        -0.9331
     25.5442         3.4189        -0.9331
     25.4937         3.4286        -0.9331
     25.4405         3.4384        -0.9331
     25.3822         3.4483        -0.9331
     25.3392         3.4583        -0.9595
     23.9572         3.4683        -0.9595
     23.9146         3.4768        -0.9595
     23.8570         3.4856        -0.9595
     23.8157         3.4945        -0.9595
     23.7562         3.5037        -0.9595
     23.7222         3.5130        -0.9595
     23.6627         3.5224        -0.9595
     23.6256         3.5320        -0.9595
     23.5739         3.5416        -0.9595
     23.5430         3.5514        -0.9595
     23.4814         3.5612        -0.9595
     23.4494         3.5711        -0.9595
     23.3887         3.5811        -0.9595
     23.3603         3.5911        -0.9595
     23.3189         3.6012        -0.9595
     23.2818         3.6113        -0.9595
     23.2340         3.6215        -0.9595
     23.2017         3.6317        -0.9595
     23.1456         3.6419        -0.9595
     23.0983         3.6522        -0.9595
     23.0581         3.6625        -0.9595
     23.0089         3.6729        -0.9595
     22.9632         3.6833        -0.9595
     22.9224         3.6937        -0.9595
     22.8761         3.7041        -0.9595
     22.8336         3.7146        -0.9595
     22.7872         3.7251        -0.9595
     22.7466         3.7356        -0.9595
     22.6934         3.7461        -0.9595
     22.6486         3.7567        -0.9595
     22.6180         3.7673        -0.9595
     22.5654         3.7779        -0.9595
     22.5267         3.7885        -0.9595
     22.4818         3.7992        -0.9595
     22.4355         3.8098        -0.9595
     22.4023         3.8204        -0.9595
     22.3565         3.8311        -0.9595
     22.3145         3.8418        -0.9595
     22.2864         3.8524        -0.9595
     22.2235         3.8631        -0.9595
     22.1954         3.8738        -0.9595
     22.1549         3.8844        -0.9595
     22.1097         3.8951        -0.9595
     22.0669         3.9058        -0.9595
     22.0388         3.9165        -0.9595
     21.9851         3.9272        -0.9595
     21.9506         3.9378        -0.9595
     21.9200         3.9485        -0.9595
     21.8786         3.9592        -0.9595
     21.8310         3.9698        -1.0380
     19.9632         3.9805        -1.0380
     19.9136         3.9861        -1.0380
     19.8653         3.9923        -1.0380
     19.8497         3.9989        -1.0380
     19.7999         4.0059        -1.0380
     19.7829         4.0133        -1.0380
     19.7222         4.0209        -1.0380
     19.7165         4.0287        -1.0380
     19.6595         4.0368        -1.0380
     19.6472         4.0450        -1.0380
     19.5953         4.0534        -1.0380
     19.5777         4.0620        -1.0380
     19.5294         4.0706        -1.0380
     19.5134         4.0793        -1.0380
     19.4651         4.0882        -1.0380
     19.4503         4.0971        -1.0380
     19.4036         4.1060        -1.0380
     19.3930         4.1151        -1.0380
     19.3365         4.1242        -1.0380
     19.3392         4.1333        -1.0380
     19.2841         4.1425        -1.0380
     19.2623         4.1517        -1.0380
     19.2214         4.1609        -1.0380
     19.2101         4.1702        -1.0380
     19.1464         4.1795        -1.0380
     19.1452         4.1888        -1.0380
     19.1049         4.1981        -1.0380
     19.0847         4.2074        -1.0380
     19.0404         4.2167        -1.0380
     19.0437         4.2261        -1.0380
     18.9742         4.2354        -1.0380
     18.9884         4.2447        -1.0380
     18.9369         4.2540        -1.0380
     18.9135         4.2634        -1.0380
     18.8826         4.2726        -1.0380
     18.8716         4.2819        -1.0380
     18.8187         4.2912        -1.0380
     18.8109         4.3004        -1.0380
     18.7709         4.3096        -1.0380
     18.7568         4.3188        -1.0380
     18.7074         4.3279        -1.0380
     18.7235         4.3370        -1.0380
     18.6476         4.3461        -1.0380
     18.6620         4.3552        -1.0380
     18.6201         4.3642        -1.0380
     18.6023         4.3732        -1.0380
     18.5590         4.3822        -1.0380
     18.5702         4.3912        -1.0380
     18.4945         4.4000        -1.0380
     18.5070         4.4089        -1.1800
     16.0212         4.4177        -1.1800
     16.0020         4.4137        -1.1800
     15.9388         4.4102        -1.1800
     15.9740         4.4072        -1.1800
     15.9005         4.4047        -1.1800
     15.9262         4.4027        -1.1800
     15.8796         4.4010        -1.1800
     15.9000         4.3998        -1.1800
     15.8398         4.3990        -1.1800
     15.8588         4.3985        -1.1800
     15.7977         4.3983        -1.1800
     15.8294         4.3985        -1.1800
     15.7800         4.3990        -1.1800
     15.7799         4.3997        -1.1800
     15.7397         4.4007        -1.1800
     15.7691         4.4019        -1.1800
     15.7004         4.4034        -1.1800
     15.7240         4.4051        -1.1800
     15.6811         4.4069        -1.1800
     15.6914         4.4090        -1.1800
     15.6457         4.4112        -1.1800
     15.6594         4.4135        -1.1800
     15.6102         4.4160        -1.1800
     15.6344         4.4186        -1.1800
     15.5781         4.4214        -1.1800
     15.5894         4.4242        -1.1800
     15.5504         4.4273        -1.1800
     15.5738         4.4304        -1.1800
     15.5032         4.4336        -1.1800
     15.5352         4.4369        -1.1800
     15.4888         4.4403        -1.1800
     15.4973         4.4437        -1.1800
     15.4555         4.4473        -1.1800
     15.4743         4.4509        -1.1800
     15.4203         4.4546        -1.1800
     15.4492         4.4583        -1.1800
     15.3907         4.4621        -1.1800
     15.3999         4.4660        -1.1800
     15.3769         4.4700        -1.1800
     15.3904         4.4739        -1.1800
     15.3330         4.4780        -1.1800
     15.3662         4.4821        -1.1800
     15.3149         4.4862        -1.1800
     15.3326         4.4903        -1.1800
     15.2733         4.4946        -1.1800
     15.3190         4.4988        -1.1800
     15.2405         4.5031        -1.1800
     15.2826         4.5074        -1.1800
     15.2269         4.5118        -1.1800
     15.2505         4.5162        -1.2215
     13.3022         4.5206        -1.2215
     13.2730         4.5119        -1.2215
     13.2102         4.5037        -1.2215
     13.2485         4.4958        -1.2215
     13.1763         4.4884        -1.2215
     13.2186         4.4814        -1.2215
     13.1843         4.4748        -1.2215
     13.2169         4.4684        -1.2215
     13.1539         4.4625        -1.2215
     13.2137         4.4568        -1.2215
     13.1436         4.4516        -1.2215
     13.1968         4.4465        -1.2215
     13.1523         4.4419        -1.2215
     13.1724         4.4374        -1.2215
     13.1349         4.4334        -1.2215
     13.1835         4.4295        -1.2215
     13.1210         4.4260        -1.2215
     13.1537         4.4226        -1.2215
     13.1236         4.4196        -1.2215
     13.1520         4.4167        -1.2215
     13.1031         4.4142        -1.2215
     13.1505         4.4118        -1.2215
     13.0968         4.4098        -1.2215
     13.1327         4.4078        -1.2215
     13.1008         4.4062        -1.2215
     13.1231         4.4045        -1.2215
     13.0761         4.4033        -1.2215
     13.1270         4.4021        -1.2215
     13.0733         4.4012        -1.2215
     13.1039         4.4003        -1.2215
     13.0698         4.3997        -1.2215
     13.1007         4.3991        -1.2215
     13.0518         4.3988        -1.2215
     13.0994         4.3985        -1.2215
     13.0402         4.3985        -1.2215
     13.0866         4.3984        -1.2215
     13.0450         4.3987        -1.2215
     13.0697         4.3988        -1.2215
     13.0215         4.3993        -1.2215
     13.0771         4.3997        -1.2215
     13.0142         4.4003        -1.2215
     13.0556         4.4009        -1.2215
     13.0126         4.4018        -1.2215
     13.0478         4.4025        -1.2215
     12.9981         4.4035        -1.2215
     13.0443         4.4044        -1.2215
     12.9868         4.4056        -1.2215
     13.0262         4.4067        -1.2215
     12.9893         4.4080        -1.2215
     13.0227         4.4092        -1.2460
     11.7585         4.4107        -1.2460
     11.7713         4.3994        -1.2460
     11.7376         4.3887        -1.2460
     11.7548         4.3780        -1.2460
     11.7425         4.3678        -1.2460
     11.7443         4.3578        -1.2460
     11.7405         4.3482        -1.2460
     11.7499         4.3387        -1.2460
     11.7282         4.3297        -1.2460
     11.7375         4.3207        -1.2460
     11.7416         4.3124        -1.2460
     11.7225         4.3039        -1.2460
     11.7414         4.2960        -1.2460
     11.7320         4.2880        -1.2460
     11.7348         4.2806        -1.2460
     11.7198         4.2731        -1.2460
     11.7424         4.2662        -1.2460
     11.7196         4.2591        -1.2460
     11.7446         4.2528        -1.2460
     11.7178         4.2461        -1.2460
     11.7444         4.2402        -1.2460
     11.7216         4.2340        -1.2460
     11.7436         4.2285        -1.2460
     11.7147         4.2228        -1.2460
     11.7437         4.2178        -1.2460
     11.7184         4.2124        -1.2460
     11.7406         4.2078        -1.2460
     11.7201         4.2029        -1.2460
     11.7405         4.1987        -1.2460
     11.7197         4.1942        -1.2460
     11.7423         4.1904        -1.2460
     11.7231         4.1862        -1.2460
     11.7391         4.1828        -1.2460
     11.7224         4.1791        -1.2460
     11.7445         4.1760        -1.2460
     11.7201         4.1726        -1.2460
     11.7353         4.1700        -1.2460
     11.7251         4.1668        -1.2460
     11.7391         4.1645        -1.2460
     11.7167         4.1617        -1.2460
     11.7386         4.1597        -1.2460
     11.7205         4.1571        -1.2460
     11.7381         4.1554        -1.2460
     11.7256         4.1532        -1.2460
     11.7313         4.1517        -1.2460
     11.7208         4.1497        -1.2460
     11.7379         4.1484        -1.2460
     11.7179         4.1467        -1.2460
     11.7317         4.1457        -1.2460
     11.7244         4.1442        -1.2362
     10.9863         4.1434        -1.2362
     10.9299         4.1317        -1.2362
     10.9137         4.1204        -1.2362
     10.9377         4.1092        -1.2362
     10.9017         4.0985        -1.2362
     10.9227         4.0878        -1.2362
     10.9103         4.0776        -1.2362
     10.9152         4.0674        -1.2362
     10.8959         4.0576        -1.2362
     10.9231         4.0479        -1.2362
     10.8904         4.0388        -1.2362
     10.9149         4.0295        -1.2362
     10.9161         4.0208        -1.2362
     10.9097         4.0120        -1.2362
     10.9019         4.0038        -1.2362
     10.9213         3.9955        -1.2362
     10.8955         3.9878        -1.2362
     10.9197         3.9800        -1.2362
     10.9144         3.9728        -1.2362
     10.9152         3.9653        -1.2362
     10.9232         3.9587        -1.2362
     10.9278         3.9517        -1.2362
     10.9187         3.9455        -1.2362
     10.9398         3.9389        -1.2362
     10.9240         3.9332        -1.2362
     10.9264         3.9270        -1.2362
     10.9393         3.9217        -1.2362
     10.9408         3.9160        -1.2362
     10.9274         3.9111        -1.2362
     10.9399         3.9058        -1.2362
     10.9396         3.9013        -1.2362
     10.9382         3.8964        -1.2362
     10.9427         3.8923        -1.2362
     10.9390         3.8878        -1.2362
     10.9371         3.8841        -1.2362
     10.9521         3.8798        -1.2362
     10.9469         3.8765        -1.2362
     10.9333         3.8726        -1.2362
     10.9384         3.8696        -1.2362
     10.9507         3.8660        -1.2362
     10.9568         3.8633        -1.2362
     10.9393         3.8601        -1.2362
     10.9495         3.8577        -1.2362
     10.9395         3.8546        -1.2362
     10.9479         3.8526        -1.2362
     10.9534         3.8498        -1.2362
     10.9476         3.8479        -1.2362
     10.9425         3.8454        -1.2362
     10.9570         3.8438        -1.2362
     10.9440         3.8415        -1.1542
     10.6566         3.8402        -1.1542
     10.6379         3.8352        -1.1542
     10.6032         3.8310        -1.1542
     10.6299         3.8265        -1.1542
     10.5885         3.8226        -1.1542
     10.6174         3.8184        -1.1542
     10.5864         3.8148        -1.1542
     10.5936         3.8109        -1.1542
     10.5894         3.8076        -1.1542
     10.5922         3.8039        -1.1542
     10.5685         3.8010        -1.1542
     10.5961         3.7975        -1.1542
     10.5754         3.7948        -1.1542
     10.5746         3.7917        -1.1542
     10.5769         3.7892        -1.1542
     10.5833         3.7863        -1.1542
     10.5637         3.7841        -1.1542
     10.5848         3.7814        -1.1542
     10.5634         3.7795        -1.1542
     10.5729         3.7770        -1.1542
     10.5735         3.7753        -1.1542
     10.5760         3.7730        -1.1542
     10.5551         3.7715        -1.1542
     10.5845         3.7694        -1.1542
     10.5642         3.7681        -1.1542
     10.5682         3.7662        -1.1542
     10.5709         3.7650        -1.1542
     10.5885         3.7633        -1.1542
     10.5523         3.7623        -1.1542
     10.5897         3.7606        -1.1542
     10.5645         3.7598        -1.1542
     10.5753         3.7583        -1.1542
     10.5674         3.7576        -1.1542
     10.5831         3.7563        -1.1542
     10.5518         3.7557        -1.1542
     10.5902         3.7545        -1.1542
     10.5592         3.7540        -1.1542
     10.5718         3.7529        -1.1542
     10.5649         3.7526        -1.1542
     10.5825         3.7516        -1.1542
     10.5479         3.7513        -1.1542
     10.5852         3.7504        -1.1542
     10.5578         3.7503        -1.1542
     10.5722         3.7495        -1.1542
     10.5605         3.7494        -1.1542
     10.5778         3.7486        -1.1542
     10.5474         3.7487        -1.1542
     10.5851         3.7480        -1.1542
     10.5536         3.7481        -1.1542
     10.5668         3.7475        -1.2160
     10.4327         3.7476        -1.2160
     10.4163         3.7364        -1.2160
     10.3717         3.7258        -1.2160
     10.4144         3.7155        -1.2160
     10.3775         3.7057        -1.2160
     10.4045         3.6960        -1.2160
     10.4146         3.6871        -1.2160
     10.3788         3.6780        -1.2160
     10.4213         3.6698        -1.2160
     10.3969         3.6614        -1.2160
     10.4159         3.6540        -1.2160
     10.3928         3.6463        -1.2160
     10.4273         3.6397        -1.2160
     10.3873         3.6327        -1.2160
     10.4255         3.6267        -1.2160
     10.4026         3.6204        -1.2160
     10.4267         3.6151        -1.2160
     10.4009         3.6094        -1.2160
     10.4337         3.6048        -1.2160
     10.4056         3.5996        -1.2160
     10.4361         3.5956        -1.2160
     10.4105         3.5909        -1.2160
     10.4326         3.5874        -1.2160
     10.4112         3.5832        -1.2160
     10.4562         3.5802        -1.2160
     10.4204         3.5764        -1.2160
     10.4402         3.5738        -1.2160
     10.4333         3.5704        -1.2160
     10.4484         3.5682        -1.2160
     10.4229         3.5651        -1.2160
     10.4571         3.5632        -1.2160
     10.4264         3.5603        -1.2160
     10.4513         3.5588        -1.2160
     10.4380         3.5562        -1.2160
     10.4489         3.5549        -1.2160
     10.4303         3.5525        -1.2160
     10.4611         3.5514        -1.2160
     10.4365         3.5492        -1.2160
     10.4455         3.5484        -1.2160
     10.4442         3.5463        -1.2160
     10.4534         3.5456        -1.2160
     10.4312         3.5438        -1.2160
     10.4611         3.5432        -1.2160
     10.4389         3.5415        -1.2160
     10.4508         3.5411        -1.2160
     10.4450         3.5395        -1.2160
     10.4477         3.5392        -1.2160
     10.4334         3.5377        -1.2160
     10.4724         3.5375        -1.2160
     10.4292         3.5361        -1.0864
     11.0799         3.5360        -1.0864
     11.0454         3.5439        -1.0864
     11.0382         3.5522        -1.0864
     10.9985         3.5595        -1.0864
     11.0156         3.5670        -1.0864
     10.9768         3.5734        -1.0864
     10.9773         3.5801        -1.0864
     10.9500         3.5856        -1.0864
     10.9648         3.5915        -1.0864
     10.9255         3.5963        -1.0864
     10.9401         3.6014        -1.0864
     10.9069         3.6054        -1.0864
     10.9271         3.6098        -1.0864
     10.8908         3.6132        -1.0864
     10.9115         3.6171        -1.0864
     10.8716         3.6199        -1.0864
     10.9052         3.6233        -1.0864
     10.8664         3.6256        -1.0864
     10.8870         3.6285        -1.0864
     10.8495         3.6303        -1.0864
     10.8876         3.6329        -1.0864
     10.8414         3.6344        -1.0864
     10.8749         3.6366        -1.0864
     10.8367         3.6378        -1.0864
     10.8713         3.6397        -1.0864
     10.8304         3.6406        -1.0864
     10.8645         3.6422        -1.0864
     10.8199         3.6429        -1.0864
     10.8653         3.6443        -1.0864
     10.8226         3.6448        -1.0864
     10.8525         3.6461        -1.0864
     10.8132         3.6464        -1.0864
     10.8588         3.6476        -1.0864
     10.8089         3.6479        -1.0864
     10.8493         3.6489        -1.0864
     10.8098         3.6490        -1.0864
     10.8497         3.6500        -1.0864
     10.8058         3.6501        -1.0864
     10.8459         3.6509        -1.0864
     10.7999         3.6509        -1.0864
     10.8456         3.6518        -1.0864
     10.8084         3.6517        -1.0864
     10.8362         3.6525        -1.0864
     10.8008         3.6524        -1.0864
     10.8439         3.6531        -1.0864
     10.7976         3.6530        -1.0864
     10.8344         3.6537        -1.0864
     10.7995         3.6534        -1.0864
     10.8392         3.6542        -1.0864
     10.7942         3.6539        -1.3084
     11.1971         3.6546        -1.3084
     11.0898         3.6366        -1.3084
     11.0953         3.6192        -1.3084
     11.0674         3.6025        -1.3084
     11.0644         3.5863        -1.3084
     11.0546         3.5707        -1.3084
     11.0524         3.5556        -1.3084
     11.0328         3.5412        -1.3084
     11.0452         3.5271        -1.3084
     11.0165         3.5137        -1.3084
     11.0485         3.5008        -1.3084
     11.0177         3.4885        -1.3084
     11.0448         3.4765        -1.3084
     11.0192         3.4651        -1.3084
     11.0606         3.4542        -1.3084
     11.0197         3.4438        -1.3084
     11.0652         3.4339        -1.3084
     11.0276         3.4244        -1.3084
     11.0771         3.4155        -1.3084
     11.0351         3.4068        -1.3084
     11.0946         3.3988        -1.3084
     11.0362         3.3910        -1.3084
     11.1083         3.3839        -1.3084
     11.0450         3.3768        -1.3084
     11.1314         3.3706        -1.3084
     11.0508         3.3642        -1.3084
     11.1527         3.3587        -1.3084
     11.0421         3.3530        -1.3084
     11.1836         3.3482        -1.3084
     11.0489         3.3431        -1.3084
     11.1656         3.3390        -1.3084
     11.0678         3.3344        -1.3084
     11.1765         3.3308        -1.3084
     11.0505         3.3267        -1.3084
     11.1951         3.3236        -1.3084
     11.0598         3.3199        -1.3084
     11.1704         3.3172        -1.3084
     11.0644         3.3139        -1.3084
     11.1986         3.3116        -1.3084
     11.0540         3.3086        -1.3084
     11.1832         3.3066        -1.3084
     11.0622         3.3040        -1.3084
     11.1839         3.3022        -1.3084
     11.0662         3.2998        -1.3084
     11.1807         3.2983        -1.3084
     11.0575         3.2962        -1.3084
     11.1804         3.2948        -1.3084
     11.0628         3.2929        -1.3084
     11.1718         3.2918        -1.3084
     11.0668         3.2900        -1.0393
     12.8340         3.2890        -1.0393
     12.7009         3.3018        -1.0393
     12.7180         3.3145        -1.0393
     12.6440         3.3268        -1.0393
     12.6599         3.3389        -1.0393
     12.5769         3.3503        -1.0393
     12.6166         3.3614        -1.0393
     12.5278         3.3718        -1.0393
     12.5664         3.3818        -1.0393
     12.4892         3.3911        -1.0393
     12.5235         3.4002        -1.0393
     12.4464         3.4084        -1.0393
     12.4986         3.4165        -1.0393
     12.4106         3.4238        -1.0393
     12.4653         3.4309        -1.0393
     12.3966         3.4372        -1.0393
     12.4382         3.4435        -1.0393
     12.3646         3.4490        -1.0393
     12.4245         3.4546        -1.0393
     12.3431         3.4594        -1.0393
     12.4012         3.4642        -1.0393
     12.3320         3.4683        -1.0393
     12.3828         3.4726        -1.0393
     12.3140         3.4761        -1.0393
     12.3771         3.4798        -1.0393
     12.2972         3.4828        -1.0393
     12.3643         3.4861        -1.0393
     12.2919         3.4887        -1.0393
     12.3461         3.4916        -1.0393
     12.2841         3.4937        -1.0393
     12.3453         3.4963        -1.0393
     12.2658         3.4981        -1.0393
     12.3372         3.5003        -1.0393
     12.2702         3.5019        -1.0393
     12.3227         3.5039        -1.0393
     12.2606         3.5052        -1.0393
     12.3249         3.5070        -1.0393
     12.2511         3.5080        -1.0393
     12.3162         3.5096        -1.0393
     12.2465         3.5106        -1.0393
     12.3063         3.5119        -1.0393
     12.2440         3.5127        -1.0393
     12.3066         3.5140        -1.0393
     12.2332         3.5146        -1.0393
     12.3027         3.5158        -1.0393
     12.2376         3.5164        -1.0393
     12.2950         3.5174        -1.0393
     12.2324         3.5178        -1.0393
     12.2972         3.5188        -1.0393
     12.2273         3.5192        -1.3687
     13.1251         3.5201        -1.3687
     12.9866         3.5005        -1.3687
     12.9757         3.4813        -1.3687
     12.9429         3.4629        -1.3687
     12.9229         3.4450        -1.3687
     12.8844         3.4278        -1.3687
     12.8949         3.4112        -1.3687
     12.8593         3.3951        -1.3687
     12.8630         3.3795        -1.3687
     12.8443         3.3645        -1.3687
     12.8377         3.3501        -1.3687
     12.8264         3.3363        -1.3687
     12.8190         3.3229        -1.3687
     12.8189         3.3101        -1.3687
     12.8089         3.2978        -1.3687
     12.8053         3.2861        -1.3687
     12.8031         3.2749        -1.3687
     12.8050         3.2642        -1.3687
     12.7932         3.2540        -1.3687
     12.7986         3.2444        -1.3687
     12.7960         3.2353        -1.3687
     12.8015         3.2266        -1.3687
     12.7893         3.2184        -1.3687
     12.8115         3.2107        -1.3687
     12.7858         3.2034        -1.3687
     12.8171         3.1966        -1.3687
     12.8019         3.1900        -1.3687
     12.8098         3.1841        -1.3687
     12.8047         3.1783        -1.3687
     12.8443         3.1731        -1.3687
     12.7961         3.1679        -1.3687
     12.8231         3.1634        -1.3687
     12.8246         3.1589        -1.3687
     12.8456         3.1549        -1.3687
     12.8038         3.1510        -1.3687
     12.8569         3.1476        -1.3687
     12.8000         3.1441        -1.3687
     12.8538         3.1412        -1.3687
     12.8175         3.1382        -1.3687
     12.8543         3.1356        -1.3687
     12.7947         3.1330        -1.3687
     12.8679         3.1309        -1.3687
     12.7965         3.1285        -1.3687
     12.8566         3.1268        -1.3687
     12.8218         3.1248        -1.3687
     12.8531         3.1232        -1.3687
     12.8003         3.1214        -1.3687
     12.8788         3.1201        -1.3687
     12.8001         3.1185        -1.3687
     12.8571         3.1175        -1.0284
     15.2449         3.1161        -1.0284
     15.2338         3.1299        -1.0284
     15.1512         3.1437        -1.0284
     15.1484         3.1573        -1.0284
     15.0791         3.1704        -1.0284
     15.0975         3.1833        -1.0284
     15.0043         3.1956        -1.0284
     15.0389         3.2073        -1.0284
     14.9679         3.2187        -1.0284
     14.9833         3.2295        -1.0284
     14.9280         3.2396        -1.0284
     14.9561         3.2493        -1.0284
     14.8803         3.2585        -1.0284
     14.9103         3.2671        -1.0284
     14.8601         3.2753        -1.0284
     14.8669         3.2831        -1.0284
     14.8331         3.2902        -1.0284
     14.8529         3.2971        -1.0284
     14.7985         3.3034        -1.0284
     14.8239         3.3094        -1.0284
     14.7908         3.3151        -1.0284
     14.7901         3.3204        -1.0284
     14.7784         3.3253        -1.0284
     14.7856         3.3300        -1.0284
     14.7465         3.3343        -1.0284
     14.7750         3.3384        -1.0284
     14.7454         3.3422        -1.0284
     14.7501         3.3459        -1.0284
     14.7408         3.3491        -1.0284
     14.7496         3.3523        -1.0284
     14.7151         3.3552        -1.0284
     14.7432         3.3580        -1.0284
     14.7210         3.3606        -1.0284
     14.7223         3.3631        -1.0284
     14.7158         3.3652        -1.0284
     14.7253         3.3674        -1.0284
     14.6944         3.3694        -1.0284
     14.7177         3.3713        -1.0284
     14.7011         3.3732        -1.0284
     14.7072         3.3750        -1.0284
     14.6972         3.3764        -1.0284
     14.7127         3.3780        -1.0284
     14.6812         3.3794        -1.0284
     14.6989         3.3808        -1.0284
     14.6878         3.3822        -1.0284
     14.6948         3.3835        -1.0284
     14.6869         3.3845        -1.0284
     14.7019         3.3858        -1.0284
     14.6688         3.3868        -1.0284
     14.6905         3.3878        -1.3807
     16.2166         3.3889        -1.3807
     16.1644         3.3729        -1.3807
     16.1668         3.3575        -1.3807
     16.1296         3.3427        -1.3807
     16.1229         3.3284        -1.3807
     16.0837         3.3149        -1.3807
     16.0969         3.3017        -1.3807
     16.0539         3.2892        -1.3807
     16.0698         3.2772        -1.3807
     16.0363         3.2658        -1.3807
     16.0535         3.2548        -1.3807
     16.0210         3.2444        -1.3807
     16.0483         3.2345        -1.3807
     16.0132         3.2252        -1.3807
     16.0363         3.2163        -1.3807
     16.0102         3.2081        -1.3807
     16.0362         3.2003        -1.3807
     16.0037         3.1931        -1.3807
     16.0346         3.1863        -1.3807
     16.0072         3.1801        -1.3807
     16.0300         3.1742        -1.3807
     16.0067         3.1690        -1.3807
     16.0317         3.1640        -1.3807
     16.0078         3.1595        -1.3807
     16.0397         3.1553        -1.3807
     16.0106         3.1515        -1.3807
     16.0434         3.1480        -1.3807
     16.0068         3.1448        -1.3807
     16.0564         3.1419        -1.3807
     16.0081         3.1393        -1.3807
     16.0536         3.1370        -1.3807
     16.0137         3.1348        -1.3807
     16.0546         3.1329        -1.3807
     16.0090         3.1312        -1.3807
     16.0593         3.1297        -1.3807
     16.0124         3.1283        -1.3807
     16.0618         3.1272        -1.3807
     16.0141         3.1260        -1.3807
     16.0555         3.1251        -1.3807
     16.0135         3.1243        -1.3807
     16.0590         3.1237        -1.3807
     16.0179         3.1229        -1.3807
     16.0550         3.1225        -1.3807
     16.0147         3.1220        -1.3807
     16.0540         3.1217        -1.3807
     16.0153         3.1214        -1.3807
     16.0585         3.1212        -1.3807
     16.0145         3.1209        -1.3807
     16.0618         3.1209        -1.3807
     16.0158         3.1207        -1.2012
     19.7817         3.1207        -1.2012
     19.7229         3.1264        -1.2012
     19.7265         3.1322        -1.2012
     19.6936         3.1378        -1.2012
     19.6889         3.1434        -1.2012
     19.6637         3.1488        -1.2012
     19.6657         3.1541        -1.2012
     19.6369         3.1592        -1.2012
     19.6424         3.1641        -1.2012
     19.6137         3.1689        -1.2012
     19.6255         3.1735        -1.2012
     19.5957         3.1779        -1.2012
     19.6041         3.1822        -1.2012
     19.5815         3.1863        -1.2012
     19.5858         3.1904        -1.2012
     19.5728         3.1942        -1.2012
     19.5778         3.1979        -1.2012
     19.5515         3.2015        -1.2012
     19.5648         3.2050        -1.2012
     19.5469         3.2084        -1.2012
     19.5532         3.2117        -1.2012
     19.5355         3.2148        -1.2012
     19.5477         3.2180        -1.2012
     19.5261         3.2209        -1.2012
     19.5391         3.2239        -1.2012
     19.5205         3.2267        -1.2012
     19.5285         3.2295        -1.2012
     19.5107         3.2322        -1.2012
     19.5237         3.2350        -1.2012
     19.5037         3.2375        -1.2012
     19.5181         3.2401        -1.2012
     19.4959         3.2425        -1.2012
     19.5085         3.2451        -1.2012
     19.4921         3.2474        -1.2012
     19.5053         3.2499        -1.2012
     19.4832         3.2521        -1.2012
     19.5038         3.2544        -1.2012
     19.4824         3.2566        -1.2012
     19.4971         3.2589        -1.2012
     19.4760         3.2609        -1.2012
     19.4913         3.2631        -1.2012
     19.4715         3.2651        -1.2012
     19.4874         3.2672        -1.2012
     19.4649         3.2692        -1.2012
     19.4819         3.2713        -1.2012
     19.4629         3.2731        -1.2012
     19.4797         3.2752        -1.2012
     19.4587         3.2770        -1.2012
     19.4765         3.2789        -1.2012
     19.4555         3.2807        -1.6211
     25.7037         3.2826        -1.6211
     25.6445         3.2710        -1.6211
     25.6018         3.2600        -1.6211
     25.5569         3.2496        -1.6211
     25.4772         3.2395        -1.6211
     25.4497         3.2298        -1.6211
     25.4181         3.2206        -1.6211
     25.3874         3.2116        -1.6211
     25.3768         3.2031        -1.6211
     25.3454         3.1951        -1.6211
     25.3280         3.1873        -1.6211
     25.3187         3.1801        -1.6211
     25.3027         3.1733        -1.6211
     25.2854         3.1669        -1.6211
     25.2762         3.1609        -1.6211
     25.2636         3.1555        -1.6211
     25.2519         3.1503        -1.6211
     25.2517         3.1458        -1.6211
     25.2373         3.1416        -1.6211
     25.2315         3.1379        -1.6211
     25.2238         3.1347        -1.6211
     25.2200         3.1319        -1.6211
     25.2135         3.1295        -1.6211
     25.2152         3.1275        -1.6211
     25.2021         3.1259        -1.6211
     25.2026         3.1246        -1.6211
     25.1984         3.1238        -1.6211
     25.1873         3.1232        -1.6211
     25.1875         3.1230        -1.6211
     25.1927         3.1231        -1.6211
     25.1785         3.1234        -1.6211
     25.1790         3.1241        -1.6211
     25.1758         3.1250        -1.6211
     25.1640         3.1261        -1.6211
     25.1608         3.1275        -1.6211
     25.1596         3.1291        -1.6211
     25.1462         3.1309        -1.6211
     25.1458         3.1328        -1.6211
     25.1404         3.1350        -1.6211
     25.1325         3.1373        -1.6211
     25.1294         3.1398        -1.6211
     25.1252         3.1424        -1.6211
     25.1120         3.1452        -1.6211
     25.1133         3.1480        -1.6211
     25.1064         3.1510        -1.6211
     25.0990         3.1541        -1.6211
     25.0943         3.1573        -1.6211
     25.0945         3.1606        -1.6211
     25.0815         3.1640        -1.6211
     25.0808         3.1674        -2.0994
     41.7207         3.1710        -2.0994
     41.6073         3.1634        -2.0994
     41.5082         3.1563        -2.0994
     41.3634         3.1497        -2.0994
     41.2757         3.1435        -2.0994
     41.2002         3.1377        -2.0994
     41.1339         3.1323        -2.0994
     41.0608         3.1274        -2.0994
     40.9551         3.1229        -2.0994
     40.8807         3.1188        -2.0994
     40.8235         3.1152        -2.0994
     40.7678         3.1119        -2.0994
     40.7006         3.1090        -2.0994
     40.6595         3.1066        -2.0994
     40.5565         3.1045        -2.0994
     40.5159         3.1029        -2.0994
     40.4635         3.1017        -2.0994
     40.4243         3.1011        -2.0994
     40.3775         3.1006        -2.0994
     40.3394         3.1007        -2.0994
     40.2911         3.1010        -2.0994
     40.2621         3.1017        -2.0994
     40.2195         3.1028        -2.0994
     40.1819         3.1043        -2.0994
     40.1467         3.1060        -2.0994
     40.0832         3.1082        -2.0994
     40.0413         3.1107        -2.0994
     40.0205         3.1135        -2.0994
     39.9799         3.1166        -2.0994
     39.9665         3.1200        -2.0994
     39.9264         3.1236        -2.0994
     39.9098         3.1275        -2.0994
     39.8750         3.1318        -2.0994
     39.8059         3.1362        -2.0994
     39.7701         3.1410        -2.0994
     39.7069         3.1460        -2.0994
     39.6806         3.1514        -2.0994
     39.6585         3.1570        -2.0994
     39.6264         3.1629        -2.0994
     39.6038         3.1689        -2.0994
     39.5766         3.1751        -2.0994
     39.5531         3.1815        -2.0994
     39.5314         3.1881        -2.0994
     39.5204         3.1948        -2.0994
     39.4914         3.2018        -2.0994
     39.4703         3.2090        -2.0994
     39.4443         3.2162        -2.0994
     39.4210         3.2237        -2.0994
     39.3944         3.2313        -2.0994
     39.3807         3.2389        -3.4206
     76.3637         3.2469        -3.4206
     76.1296         3.2431        -3.4206
     75.7387         3.2398        -3.4206
     75.3293         3.2371        -3.4206
     75.0928         3.2349        -3.4206
     74.8764         3.2332        -3.4206
     74.5276         3.2321        -3.4206
     74.1851         3.2313        -3.4206
     73.9592         3.2311        -3.4206
     73.7865         3.2314        -3.4206
     73.5727         3.2322        -3.4206
     73.1617         3.2332        -3.4206
     72.8879         3.2347        -3.4206
     72.6167         3.2364        -3.4206
     72.4546         3.2384        -3.4206
     72.1998         3.2408        -3.4206
     72.0077         3.2436        -3.4206
     71.7935         3.2469        -3.4206
     71.5560         3.2506        -3.4206
     71.3124         3.2546        -3.4206
     71.1737         3.2590        -3.4206
     71.0551         3.2637        -3.4206
     70.9042         3.2690        -3.4206
     70.7556         3.2746        -3.4206
     70.6641         3.2805        -3.4206
     70.5412         3.2867        -3.4206
     70.4270         3.2933        -3.4206
     70.2579         3.3002        -3.4206
     70.1880         3.3075        -3.4206
     70.1180         3.3150        -3.4206
     70.0484         3.3229        -3.4206
     69.9564         3.3314        -3.4206
     69.8512         3.3402        -3.4206
     69.7696         3.3493        -3.4206
     69.7652         3.3587        -3.4206
     69.7318         3.3683        -3.4206
     69.5790         3.3781        -3.4206
     69.4927         3.3882        -3.4206
     69.4481         3.3985        -3.4206
     69.3736         3.4092        -3.4206
     69.1769         3.4201        -3.4206
     69.0050         3.4311        -3.4206
     68.9309         3.4423        -3.4206
     68.8810         3.4539        -3.4206
     68.7571         3.4655        -3.4206
     68.6863         3.4772        -3.4206
     68.4979         3.4893        -3.4206
     68.3701         3.5013        -3.4206
     68.3163         3.5136        -3.4206
     68.2508         3.5262        -5.2023
    130.2074         3.5390        -5.2023
    129.5819         3.5421        -5.2023
    128.7985         3.5459        -5.2023
    128.3215         3.5503        -5.2023
    127.8502         3.5554        -5.2023
    127.1452         3.5611        -5.2023
    126.6857         3.5671        -5.2023
    126.2869         3.5736        -5.2023
    125.8719         3.5805        -5.2023
    125.4863         3.5877        -5.2023
    125.1963         3.5951        -5.2023
    124.8373         3.6029        -5.2023
    124.4951         3.6110        -5.2023
    124.1230         3.6194        -5.2023
    123.5531         3.6280        -5.2023
    123.1879         3.6369        -5.2023
    122.8513         3.6459        -5.2023
    122.2108         3.6551        -5.2023
    121.5269         3.6643        -5.2023
    121.3017         3.6733        -5.2023
    120.9242         3.6822        -5.2023
    120.5026         3.6910        -5.2023
    120.1502         3.7004        -5.2023
    119.7663         3.7099        -5.2023
    119.5057         3.7198        -5.2023
    119.2433         3.7299        -5.2023
    118.7105         3.7403        -5.2023
    118.5471         3.7508        -5.2023
    118.2768         3.7614        -5.2023
    118.0707         3.7720        -5.2023
    117.9352         3.7826        -5.2023
    117.5901         3.7935        -5.2023
    117.2202         3.8043        -5.2023
    116.9286         3.8152        -5.2023
    116.6250         3.8264        -5.2023
    116.3072         3.8375        -5.2023
    116.1159         3.8484        -5.2023
    115.9936         3.8595        -5.2023
    115.7603         3.8711        -5.2023
    115.5516         3.8827        -5.2023
    115.3178         3.8944        -5.2023
    115.0854         3.9061        -5.2023
    114.9237         3.9178        -5.2023
    114.7566         3.9300        -5.2023
    114.5670         3.9421        -5.2023
    114.2743         3.9543        -5.2023
    114.0871         3.9664        -5.2023
    113.8025         3.9786        -5.2023
    113.8317         3.9903        -5.2023
    113.6144         4.0022        -6.7994
    194.4081         4.0143        -6.7994
    193.7401         4.0178        -6.7994
    192.9256         4.0221        -6.7994
    192.2577         4.0268        -6.7994
    191.5264         4.0320        -6.7994
    190.9199         4.0377        -6.7994
    190.0345         4.0436        -6.7994
    188.8091         4.0495        -6.7994
    188.3368         4.0555        -6.7994
    187.6367         4.0618        -6.7994
    186.8309         4.0681        -6.7994
    186.3023         4.0745        -6.7994
    185.8317         4.0813        -6.7994
    185.3454         4.0882        -6.7994
    184.7601         4.0956        -6.7994
    184.2208         4.1026        -6.7994
    183.0446         4.1094        -6.7994
    182.3895         4.1160        -6.7994
    181.9624         4.1226        -6.7994
    181.1958         4.1292        -6.7994
    180.6660         4.1357        -6.7994
    180.3165         4.1419        -6.7994
    179.8708         4.1488        -6.7994
    179.3520         4.1562        -6.7994
    178.7500         4.1640        -6.7994
    178.3873         4.1715        -6.7994
    177.6265         4.1798        -6.7994
    176.9010         4.1876        -6.7994
    176.5398         4.1951        -6.7994
    176.3111         4.2032        -6.7994
    175.7203         4.2114        -6.7994
    175.3319         4.2187        -6.7994
    174.9638         4.2265        -6.7994
    174.6002         4.2341        -6.7994
    173.8446         4.2412        -6.7994
    173.1786         4.2478        -6.7994
    172.7108         4.2544        -6.7994
    172.3725         4.2607        -6.7994
    172.0417         4.2676        -6.7994
    171.4228         4.2742        -6.7994
    170.8575         4.2805        -6.7994
    170.5544         4.2870        -6.7994
    170.4870         4.2934        -6.7994
    170.1527         4.3005        -6.7994
    169.8119         4.3081        -6.7994
    169.5392         4.3153        -6.7994
    169.0872         4.3225        -6.7994
    168.7534         4.3294        -6.7994
    168.6431         4.3365        -6.7994
    168.3198         4.3437        -7.0691
    247.5845         4.3510        -7.0691
    246.7159         4.3502        -7.0691
    245.6557         4.3498        -7.0691
    244.8708         4.3501        -7.0691
    244.1847         4.3512        -7.0691
    243.2121         4.3530        -7.0691
    242.2384         4.3549        -7.0691
    241.3759         4.3571        -7.0691
    240.3065         4.3598        -7.0691
    238.9440         4.3626        -7.0691
    238.2918         4.3657        -7.0691
    237.4321         4.3691        -7.0691
    236.5279         4.3730        -7.0691
    235.4904         4.3767        -7.0691
    234.4945         4.3808        -7.0691
    233.7827         4.3850        -7.0691
    233.0916         4.3894        -7.0691
    232.4954         4.3943        -7.0691
    231.6712         4.3993        -7.0691
    231.1008         4.4042        -7.0691
    230.5995         4.4094        -7.0691
    229.9478         4.4148        -7.0691
    229.3317         4.4204        -7.0691
    228.5817         4.4263        -7.0691
    228.1409         4.4323        -7.0691
    227.5833         4.4381        -7.0691
    226.8429         4.4441        -7.0691
    226.3102         4.4503        -7.0691
    225.4764         4.4566        -7.0691
    224.8837         4.4618        -7.0691
    224.0878         4.4673        -7.0691
    223.1929         4.4724        -7.0691
    222.6714         4.4773        -7.0691
    221.7575         4.4826        -7.0691
    221.2071         4.4876        -7.0691
    220.6321         4.4926        -7.0691
    219.9579         4.4983        -7.0691
    218.9993         4.5033        -7.0691
    218.7364         4.5075        -7.0691
    218.2749         4.5109        -7.0691
    217.7225         4.5147        -7.0691
    217.2782         4.5187        -7.0691
    216.8414         4.5235        -7.0691
    216.2925         4.5287        -7.0691
    215.9905         4.5339        -7.0691
    215.5876         4.5393        -7.0691
    215.3211         4.5454        -7.0691
    214.7599         4.5514        -7.0691
    214.1678         4.5575        -7.0691
    213.7512         4.5626        -6.3742
    275.0387         4.5683        -6.3742
    274.3046         4.5662        -6.3742
    273.0248         4.5646        -6.3742
    272.4469         4.5635        -6.3742
    271.8472         4.5627        -6.3742
    271.1025         4.5624        -6.3742
    269.9060         4.5627        -6.3742
    268.9303         4.5633        -6.3742
    267.5510         4.5643        -6.3742
    266.7661         4.5654        -6.3742
    265.7973         4.5667        -6.3742
    264.6788         4.5685        -6.3742
    264.1778         4.5703        -6.3742
    262.9358         4.5722        -6.3742
    262.0819         4.5741        -6.3742
    261.4683         4.5759        -6.3742
    261.0847         4.5780        -6.3742
    260.6503         4.5803        -6.3742
    259.3957         4.5829        -6.3742
    258.3676         4.5847        -6.3742
    257.3972         4.5865        -6.3742
    256.8084         4.5881        -6.3742
    256.3662         4.5901        -6.3742
    255.5477         4.5926        -6.3742
    255.1240         4.5945        -6.3742
    254.6980         4.5967        -6.3742
    253.9864         4.5986        -6.3742
    253.0444         4.6007        -6.3742
    252.2382         4.6022        -6.3742
    251.5654         4.6039        -6.3742
    251.1740         4.6048        -6.3742
    250.2877         4.6056        -6.3742
    248.8463         4.6059        -6.3742
    246.8398         4.6056        -6.3742
    245.7970         4.6033        -6.3742
    245.3718         4.6016        -6.3742
    244.4634         4.6003        -6.3742
    243.4979         4.5989        -6.3742
    242.5565         4.5968        -6.3742
    241.3878         4.5948        -6.3742
    240.8495         4.5927        -6.3742
    240.6404         4.5905        -6.3742
    239.6855         4.5887        -6.3742
    239.2088         4.5866        -6.3742
    238.6002         4.5839        -6.3742
    237.8220         4.5807        -6.3742
    236.8061         4.5777        -6.3742
    236.5035         4.5740        -6.3742
    235.9462         4.5711        -6.3742
    235.0063         4.5678        -5.2208
    273.5218         4.5641        -5.2208
    272.8927         4.5587        -5.2208
    271.9655         4.5540        -5.2208
    271.0501         4.5497        -5.2208
    270.4238         4.5457        -5.2208
    269.6512         4.5423        -5.2208
    269.0260         4.5391        -5.2208
    268.3591         4.5361        -5.2208
    267.8214         4.5333        -5.2208
    267.2951         4.5308        -5.2208
    266.7609         4.5283        -5.2208
    265.8951         4.5266        -5.2208
    265.0691         4.5240        -5.2208
    264.4951         4.5217        -5.2208
    263.9238         4.5187        -5.2208
    263.1036         4.5156        -5.2208
    262.4230         4.5120        -5.2208
    261.4272         4.5082        -5.2208
    260.1079         4.5037        -5.2208
    259.3357         4.4982        -5.2208
    258.3777         4.4923        -5.2208
    256.4584         4.4856        -5.2208
    256.0822         4.4763        -5.2208
    255.3739         4.4681        -5.2208
    253.9437         4.4602        -5.2208
    253.3693         4.4510        -5.2208
    252.2796         4.4427        -5.2208
    251.5777         4.4348        -5.2208
    250.8213         4.4268        -5.2208
    250.4208         4.4182        -5.2208
    249.0865         4.4097        -5.2208
    248.6343         4.3996        -5.2208
    248.1833         4.3894        -5.2208
    247.2001         4.3801        -5.2208
    245.4613         4.3692        -5.2208
    244.6019         4.3572        -5.2208
    243.9788         4.3454        -5.2208
    243.6031         4.3349        -5.2208
    242.4993         4.3255        -5.2208
    241.6927         4.3150        -5.2208
    241.2213         4.3039        -5.2208
    240.4833         4.2933        -5.2208
    239.9216         4.2829        -5.2208
    238.8274         4.2725        -5.2208
    238.5393         4.2614        -5.2208
    238.3103         4.2507        -5.2208
    237.3708         4.2405        -5.2208
    236.0162         4.2291        -5.2208
    235.7299         4.2173        -5.2208
    235.4257         4.2054        -3.7546
    253.3833         4.1938        -3.7546
    253.0609         4.1856        -3.7546
    252.4094         4.1780        -3.7546
    252.1009         4.1708        -3.7546
    251.5207         4.1641        -3.7546
    251.0400         4.1576        -3.7546
    250.7065         4.1512        -3.7546
    249.7452         4.1452        -3.7546
    248.8294         4.1391        -3.7546
    248.4500         4.1328        -3.7546
    247.6462         4.1271        -3.7546
    247.2930         4.1211        -3.7546
    246.9804         4.1152        -3.7546
    245.7473         4.1099        -3.7546
    244.8537         4.1030        -3.7546
    243.6115         4.0949        -3.7546
    242.2656         4.0866        -3.7546
    241.3405         4.0767        -3.7546
    240.5195         4.0659        -3.7546
    240.1802         4.0556        -3.7546
    238.9515         4.0461        -3.7546
    238.6709         4.0363        -3.7546
    238.0223         4.0264        -3.7546
    237.8131         4.0162        -3.7546
    237.2177         4.0054        -3.7546
    235.5885         3.9954        -3.7546
    235.3149         3.9834        -3.7546
    234.3180         3.9721        -3.7546
    233.7807         3.9600        -3.7546
    233.1047         3.9488        -3.7546
    232.9000         3.9370        -3.7546
    231.7605         3.9266        -3.7546
    231.5307         3.9153        -3.7546
    230.8088         3.9050        -3.7546
    230.3982         3.8942        -3.7546
    229.9724         3.8842        -3.7546
    229.3897         3.8749        -3.7546
    229.1587         3.8656        -3.7546
    227.8107         3.8557        -3.7546
    226.7099         3.8450        -3.7546
    225.1025         3.8345        -3.7546
    224.9084         3.8223        -3.7546
    223.9719         3.8102        -3.7546
    223.7666         3.7977        -3.7546
    223.3397         3.7848        -3.7546
    222.7228         3.7738        -3.7546
    222.5049         3.7613        -3.7546
    221.7066         3.7500        -3.7546
    221.6125         3.7384        -3.7546
    220.3550         3.7282        -2.6201
    227.3473         3.7151        -2.6201
    227.1728         3.7039        -2.6201
    226.9040         3.6915        -2.6201
    226.2655         3.6809        -2.6201
    226.1072         3.6705        -2.6201
    225.9141         3.6617        -2.6201
    225.2706         3.6524        -2.6201
    225.2027         3.6454        -2.6201
    224.9539         3.6372        -2.6201
    224.5674         3.6309        -2.6201
    224.2030         3.6237        -2.6201
    223.9157         3.6184        -2.6201
    223.3741         3.6115        -2.6201
    222.8277         3.6068        -2.6201
    222.5349         3.5983        -2.6201
    222.1972         3.5942        -2.6201
    221.0528         3.5870        -2.6201
    220.9715         3.5831        -2.6201
    220.7089         3.5746        -2.6201
    219.9204         3.5711        -2.6201
    219.1826         3.5642        -2.6201
    218.9187         3.5612        -2.6201
    218.1891         3.5538        -2.6201
    217.9478         3.5514        -2.6201
    217.1481         3.5444        -2.6201
    216.9452         3.5423        -2.6201
    216.6784         3.5367        -2.6201
    216.2756         3.5357        -2.6201
    215.9979         3.5303        -2.6201
    215.6391         3.5298        -2.6201
    215.3287         3.5250        -2.6201
    214.8007         3.5255        -2.6201
    214.5601         3.5221        -2.6201
    213.8960         3.5219        -2.6201
    213.6152         3.5184        -2.6201
    213.2426         3.5184        -2.6201
    212.9259         3.5139        -2.6201
    212.7644         3.5140        -2.6201
    212.4771         3.5102        -2.6201
    210.9973         3.5105        -2.6201
    209.8942         3.5043        -2.6201
    209.3793         3.5013        -2.6201
    209.0570         3.4933        -2.6201
    208.7371         3.4911        -2.6201
    208.2635         3.4841        -2.6201
    207.4070         3.4822        -2.6201
    206.5122         3.4736        -2.6201
    206.3851         3.4696        -2.6201
    206.0748         3.4605        -2.6201
    205.5217         3.4576        -1.6018
    202.1842         3.4478        -1.6018
    201.7320         3.4400        -1.6018
    200.8281         3.4273        -1.6018
    200.7053         3.4170        -1.6018
    200.4527         3.4060        -1.6018
    200.3091         3.3975        -1.6018
    199.1459         3.3873        -1.6018
    198.9938         3.3787        -1.6018
    198.7404         3.3683        -1.6018
    198.5968         3.3607        -1.6018
    198.3362         3.3525        -1.6018
    198.1744         3.3461        -1.6018
    197.7110         3.3380        -1.6018
    197.5653         3.3315        -1.6018
    196.8682         3.3228        -1.6018
    196.3052         3.3153        -1.6018
    195.0302         3.3050        -1.6018
    194.8614         3.2938        -1.6018
    194.5150         3.2810        -1.6018
    193.9181         3.2707        -1.6018
    193.6600         3.2583        -1.6018
    192.9210         3.2479        -1.6018
    192.6000         3.2351        -1.6018
    192.4311         3.2239        -1.6018
    192.2323         3.2115        -1.6018
    191.3734         3.2011        -1.6018
    191.0925         3.1879        -1.6018
    190.7320         3.1754        -1.6018
    190.5350         3.1620        -1.6018
    190.3471         3.1502        -1.6018
    190.1541         3.1377        -1.6018
    189.2469         3.1267        -1.6018
    188.2660         3.1134        -1.6018
    187.7237         3.0988        -1.6018
    187.6076         3.0841        -1.6018
    187.0906         3.0699        -1.6018
    186.9428         3.0559        -1.6018
    186.7782         3.0434        -1.6018
    186.2184         3.0307        -1.6018
    186.0614         3.0180        -1.6018
    185.8231         3.0060        -1.6018
    185.7309         2.9951        -1.6018
    185.0670         2.9837        -1.6018
    184.6709         2.9720        -1.6018
    183.8997         2.9589        -1.6018
    183.3417         2.9464        -1.6018
    182.6420         2.9334        -1.6018
    181.7654         2.9188        -1.6018
    181.2382         2.9038        -1.6018
    180.8743         2.8897        -0.8721
    176.1880         2.8745        -0.8721
    176.3633         2.8643        -0.8721
    176.0218         2.8502        -0.8721
    175.7837         2.8366        -0.8721
    175.5312         2.8231        -0.8721
    175.3391         2.8102        -0.8721
    174.4120         2.7969        -0.8721
    174.2300         2.7838        -0.8721
    173.5014         2.7699        -0.8721
    173.2504         2.7561        -0.8721
    172.9379         2.7419        -0.8721
    172.2799         2.7280        -0.8721
    171.9641         2.7134        -0.8721
    171.4347         2.6997        -0.8721
    171.1351         2.6851        -0.8721
    170.9099         2.6702        -0.8721
    170.6179         2.6548        -0.8721
    170.4380         2.6408        -0.8721
    170.1972         2.6261        -0.8721
    170.0368         2.6122        -0.8721
    169.7793         2.5980        -0.8721
    169.5781         2.5837        -0.8721
    169.3110         2.5689        -0.8721
    168.9830         2.5547        -0.8721
    168.7340         2.5408        -0.8721
    168.4804         2.5271        -0.8721
    168.3495         2.5134        -0.8721
    168.0929         2.4993        -0.8721
    167.9058         2.4851        -0.8721
    167.6689         2.4712        -0.8721
    167.4998         2.4577        -0.8721
    166.7354         2.4446        -0.8721
    166.5346         2.4310        -0.8721
    166.3732         2.4174        -0.8721
    166.1900         2.4040        -0.8721
    165.9885         2.3910        -0.8721
    165.7724         2.3779        -0.8721
    165.5519         2.3651        -0.8721
    164.7157         2.3524        -0.8721
    164.3474         2.3387        -0.8721
    164.1337         2.3252        -0.8721
    163.9695         2.3119        -0.8721
    163.7675         2.2983        -0.8721
    163.3134         2.2853        -0.8721
    163.1243         2.2724        -0.8721
    162.6912         2.2595        -0.8721
    162.5010         2.2469        -0.8721
    162.3281         2.2346        -0.8721
    161.8332         2.2226        -0.8721
    161.0648         2.2106        -0.2962
    155.7009         2.1981        -0.2962
    155.3837         2.1874        -0.2962
    154.3370         2.1724        -0.2962
    153.7882         2.1565        -0.2962
    153.3730         2.1406        -0.2962
    152.6765         2.1252        -0.2962
    152.4612         2.1103        -0.2962
    151.8972         2.0954        -0.2962
    151.1949         2.0806        -0.2962
    150.8078         2.0663        -0.2962
    150.4942         2.0517        -0.2962
    150.2003         2.0376        -0.2962
    149.8510         2.0238        -0.2962
    149.5411         2.0107        -0.2962
    149.2069         1.9978        -0.2962
    148.4571         1.9854        -0.2962
    148.0043         1.9727        -0.2962
    147.6430         1.9602        -0.2962
    147.3638         1.9480        -0.2962
    147.0335         1.9362        -0.2962
    146.7653         1.9245        -0.2962
    146.2030         1.9130        -0.2962
    145.4900         1.9018        -0.2962
    145.0658         1.8901        -0.2962
    144.6003         1.8785        -0.2962
    144.2287         1.8668        -0.2962
    143.7999         1.8555        -0.2962
    143.3356         1.8443        -0.2962
    142.8484         1.8334        -0.2962
    142.1974         1.8225        -0.2962
    141.6737         1.8115        -0.2962
    140.9518         1.8006        -0.2962
    140.5619         1.7894        -0.2962
    139.5006         1.7776        -0.2962
    138.7824         1.7648        -0.2962
    138.5792         1.7515        -0.2962
    138.2760         1.7375        -0.2962
    138.1044         1.7240        -0.2962
    137.6925         1.7101        -0.2962
    137.6022         1.6968        -0.2962
    137.1361         1.6834        -0.2962
    136.3979         1.6709        -0.2962
    135.9473         1.6583        -0.2962
    136.5046         1.6452        -0.2962
    135.6496         1.6299        -0.2962
    135.4605         1.6167        -0.2962
    134.1327         1.6022        -0.2962
    134.4075         1.5895        -0.2962
    133.4874         1.5748        -0.2962
    134.1461         1.5622         0.1890
    129.5060         1.5482         0.1890
    129.5858         1.5366         0.1890
    134.4848         1.5235         0.1890
    129.6386         1.5081         0.1890
    130.2426         1.4958         0.1890
    128.4586         1.4828         0.1890
    129.8712         1.4712         0.1890
    127.7159         1.4591         0.1890
    129.3514         1.4486         0.1890
    127.0634         1.4375         0.1890
    128.6965         1.4277         0.1890
    126.5527         1.4174         0.1890
    128.2435         1.4084         0.1890
    126.0516         1.3982         0.1890
    127.8665         1.3898         0.1890
    125.4898         1.3802         0.1890
    127.6997         1.3718         0.1890
    124.6713         1.3623         0.1890
    127.1324         1.3544         0.1890
    124.2104         1.3450         0.1890
    126.9006         1.3372         0.1890
    123.9060         1.3283         0.1890
    126.5634         1.3207         0.1890
    123.3886         1.3127         0.1890
    126.2801         1.3056         0.1890
    122.7184         1.2978         0.1890
    125.8602         1.2909         0.1890
    122.1715         1.2832         0.1890
    125.9405         1.2765         0.1890
    121.9814         1.2685         0.1890
    125.1341         1.2618         0.1890
    121.3124         1.2545         0.1890
    124.9993         1.2479         0.1890
    120.8020         1.2406         0.1890
    125.1460         1.2345         0.1890
    120.6124         1.2275         0.1890
    123.6656         1.2218         0.1890
    119.8738         1.2158         0.1890
    124.5450         1.2096         0.1890
    120.4080         1.2030         0.1890
    123.3793         1.1966         0.1890
    119.6736         1.1909         0.1890
    125.0369         1.1844         0.1890
    119.5159         1.1789         0.1890
    124.4816         1.1727         0.1890
    119.2851         1.1679         0.1890
    124.2181         1.1620         0.1890
    119.1869         1.1577         0.1890
    124.1040         1.1522         0.1890
    118.9619         1.1480         0.6769
    114.9050         1.1425         0.6769
    112.6314         1.1410         0.6769
    114.2749         1.1386         0.6769
    115.2093         1.1354         0.6769
    113.3498         1.1338         0.6769
    114.3926         1.1325         0.6769
    113.2829         1.1305         0.6769
    113.8347         1.1297         0.6769
    112.6621         1.1278         0.6769
    113.9139         1.1269         0.6769
    112.3200         1.1245         0.6769
    113.7539         1.1237         0.6769
    112.0243         1.1217         0.6769
    113.5348         1.1208         0.6769
    111.7456         1.1190         0.6769
    113.2641         1.1181         0.6769
    111.4786         1.1168         0.6769
    113.0587         1.1157         0.6769
    111.2273         1.1149         0.6769
    112.8599         1.1139         0.6769
    111.1162         1.1133         0.6769
    112.4900         1.1119         0.6769
    110.8617         1.1117         0.6769
    111.9882         1.1101         0.6769
    110.2079         1.1102         0.6769
    112.5493         1.1084         0.6769
    110.6109         1.1073         0.6769
    111.7423         1.1062         0.6769
    110.5414         1.1050         0.6769
    110.1767         1.1039         0.6769
    109.8748         1.1029         0.6769
    108.8875         1.1020         0.6769
    109.8411         1.1017         0.6769
    107.3049         1.1011         0.6769
    108.3782         1.1019         0.6769
    105.5818         1.1013         0.6769
    111.7508         1.0998         0.6769
    109.3423         1.0988         0.6769
    109.0676         1.0972         0.6769
    110.3565         1.0961         0.6769
    106.7584         1.0943         0.6769
    109.2600         1.0947         0.6769
    105.5102         1.0945         0.6769
    108.8797         1.0951         0.6769
    104.3256         1.0967         0.6769
    111.1814         1.0951         0.6769
    108.5881         1.0950         0.6769
    107.6902         1.0931         0.6769
    109.6810         1.0926         0.6769
    106.1258         1.0909         0.6502
    104.4078         1.0918         0.6502
    101.3896         1.0951         0.6502
    101.6538         1.0976         0.6502
    100.6351         1.0983         0.6502
    101.9063         1.0994         0.6502
    100.9279         1.1028         0.6502
    101.7726         1.1058         0.6502
    100.2474         1.1107         0.6502
    101.7835         1.1143         0.6502
    100.7477         1.1204         0.6502
    101.0026         1.1247         0.6502
    100.2509         1.1307         0.6502
     99.7264         1.1357         0.6502
     99.7393         1.1419         0.6502
     98.5078         1.1479         0.6502
     99.1407         1.1546         0.6502
     97.5231         1.1611         0.6502
     99.8131         1.1678         0.6502
     97.0202         1.1735         0.6502
    100.8714         1.1785         0.6502
     99.0393         1.1835         0.6502
     99.1075         1.1883         0.6502
     98.6332         1.1939         0.6502
     98.3979         1.1994         0.6502
     98.4625         1.2059         0.6502
     97.5646         1.2119         0.6502
     97.7549         1.2193         0.6502
     95.5206         1.2261         0.6502
     98.6694         1.2336         0.6502
     95.1741         1.2402         0.6502
     99.3611         1.2455         0.6502
     97.3858         1.2513         0.6502
     96.8513         1.2554         0.6502
     99.0913         1.2609         0.6502
     95.6040         1.2629         0.6502
     98.3949         1.2701         0.6502
     93.9664         1.2735         0.6502
     98.4729         1.2805         0.6502
     92.6693         1.2867         0.6502
    100.3156         1.2908         0.6502
     96.3912         1.2980         0.6502
     95.8547         1.3009         0.6502
     99.7795         1.3066         0.6502
     93.5336         1.3079         0.6502
     98.2330         1.3163         0.6502
     91.8516         1.3209         0.6502
     99.1370         1.3267         0.6502
     95.2321         1.3340         0.6502
     95.6371         1.3373         0.6502
     99.4248         1.3432         0.2752
     92.4897         1.3445         0.2752
     91.4008         1.3479         0.2752
     91.2624         1.3505         0.2752
     90.6222         1.3540         0.2752
     90.9165         1.3573         0.2752
     90.6833         1.3628         0.2752
     90.2837         1.3674         0.2752
     90.4210         1.3740         0.2752
     90.1524         1.3795         0.2752
     89.8485         1.3875         0.2752
     89.6964         1.3943         0.2752
     89.4542         1.4033         0.2752
     89.3038         1.4109         0.2752
     89.5156         1.4209         0.2752
     89.1862         1.4291         0.2752
     88.6752         1.4401         0.2752
     88.8530         1.4493         0.2752
     88.5702         1.4610         0.2752
     88.2042         1.4707         0.2752
     88.5836         1.4828         0.2752
     87.9985         1.4931         0.2752
     87.6225         1.5056         0.2752
     87.4564         1.5169         0.2752
     87.3491         1.5297         0.2752
     87.1156         1.5413         0.2752
     87.0688         1.5542         0.2752
     87.1003         1.5652         0.2752
     86.7315         1.5782         0.2752
     86.6341         1.5903         0.2752
     86.4084         1.6032         0.2752
     86.6027         1.6151         0.2752
     86.1650         1.6284         0.2752
     86.3339         1.6397         0.2752
     86.1643         1.6529         0.2752
     85.9682         1.6650         0.2752
     85.7676         1.6779         0.2752
     85.8507         1.6895         0.2752
     85.6402         1.7027         0.2752
     85.5989         1.7139         0.2752
     85.4446         1.7270         0.2752
     85.3051         1.7384         0.2752
     85.3308         1.7514         0.2752
     84.8107         1.7634         0.2752
     85.2735         1.7769         0.2752
     84.2338         1.7872         0.2752
     85.9850         1.8000         0.2752
     83.3915         1.8110         0.2752
     86.5095         1.8206         0.2752
     86.2021         1.8317         0.2752
     84.7895         1.8359         0.1623
     82.9350         1.8471         0.1623
     81.0032         1.8489         0.1623
     81.1683         1.8519         0.1623
     80.2696         1.8552         0.1623
     81.1390         1.8591         0.1623
     79.9421         1.8642         0.1623
     81.0356         1.8689         0.1623
     79.7693         1.8753         0.1623
     80.4412         1.8809         0.1623
     79.6583         1.8879         0.1623
     80.1853         1.8940         0.1623
     78.9950         1.9020         0.1623
     80.2593         1.9091         0.1623
     78.8062         1.9175         0.1623
     80.0645         1.9248         0.1623
     78.8646         1.9339         0.1623
     79.9148         1.9411         0.1623
     78.1256         1.9508         0.1623
     79.8502         1.9592         0.1623
     78.0962         1.9695         0.1623
     79.3570         1.9775         0.1623
     78.2374         1.9885         0.1623
     78.8406         1.9960         0.1623
     77.8845         2.0072         0.1623
     78.3300         2.0159         0.1623
     77.9629         2.0276         0.1623
     77.8393         2.0356         0.1623
     77.7526         2.0474         0.1623
     77.3181         2.0559         0.1623
     78.0997         2.0677         0.1623
     75.9583         2.0750         0.1623
     79.0434         2.0866         0.1623
     75.1188         2.0949         0.1623
     80.6102         2.1059         0.1623
     75.3420         2.1139         0.1623
     79.4220         2.1234         0.1623
     75.9415         2.1336         0.1623
     78.0980         2.1408         0.1623
     77.1658         2.1521         0.1623
     76.0566         2.1571         0.1623
     78.1177         2.1696         0.1623
     74.5828         2.1736         0.1623
     79.4686         2.1859         0.1623
     73.4636         2.1902         0.1623
     80.0695         2.2013         0.1623
     74.1034         2.2091         0.1623
     78.8471         2.2178         0.1623
     76.1324         2.2276         0.1623
     74.9451         2.2320         0.1623
     78.8784         2.2450        -0.3783
     69.1092         2.2464        -0.3783
     70.5212         2.2504        -0.3783
     68.6074         2.2532        -0.3783
     70.2176         2.2575        -0.3783
     68.6506         2.2626        -0.3783
     69.5926         2.2677        -0.3783
     68.2480         2.2734        -0.3783
     69.5630         2.2796        -0.3783
     67.7626         2.2861        -0.3783
     69.4504         2.2924        -0.3783
     67.5969         2.2994        -0.3783
     69.1488         2.3065        -0.3783
     67.1881         2.3137        -0.3783
     69.0024         2.3212        -0.3783
     66.8130         2.3289        -0.3783
     68.7076         2.3364        -0.3783
     66.6263         2.3445        -0.3783
     68.5958         2.3525        -0.3783
     66.2632         2.3606        -0.3783
     68.1535         2.3690        -0.3783
     65.8879         2.3775        -0.3783
     68.0665         2.3857        -0.3783
     66.2282         2.3944        -0.3783
     66.9333         2.4015        -0.3783
     66.3692         2.4108        -0.3783
     66.5234         2.4177        -0.3783
     66.1107         2.4272        -0.3783
     66.0537         2.4339        -0.3783
     66.1942         2.4438        -0.3783
     65.2411         2.4514        -0.3783
     66.2389         2.4611        -0.3783
     64.7499         2.4690        -0.3783
     66.6511         2.4786        -0.3783
     64.3599         2.4864        -0.3783
     66.7191         2.4961        -0.3783
     63.9026         2.5044        -0.3783
     66.0078         2.5136        -0.3783
     65.8826         2.5230        -0.3783
     64.1502         2.5264        -0.3783
     66.4414         2.5371        -0.3783
     63.4444         2.5408        -0.3783
     66.7770         2.5502        -0.3783
     62.4893         2.5568        -0.3783
     67.9995         2.5668        -0.3783
     62.0825         2.5733        -0.3783
     68.0483         2.5833        -0.3783
     62.0429         2.5904        -0.3783
     67.4865         2.5995        -0.3783
     62.2713         2.6072        -0.3783
     66.3590         2.6154        -0.5261
     59.1282         2.6243        -0.5261
     59.5529         2.6273        -0.5261
     58.6766         2.6318        -0.5261
     59.1619         2.6368        -0.5261
     58.1361         2.6414        -0.5261
     59.8698         2.6477        -0.5261
     57.7737         2.6520        -0.5261
     59.4670         2.6586        -0.5261
     57.6627         2.6638        -0.5261
     59.4498         2.6709        -0.5261
     57.3337         2.6753        -0.5261
     59.4871         2.6830        -0.5261
     56.9257         2.6876        -0.5261
     59.3260         2.6953        -0.5261
     56.7537         2.7003        -0.5261
     59.2577         2.7082        -0.5261
     56.5154         2.7126        -0.5261
     58.9619         2.7205        -0.5261
     56.2867         2.7256        -0.5261
     58.7600         2.7336        -0.5261
     56.0854         2.7388        -0.5261
     58.5683         2.7467        -0.5261
     55.8411         2.7519        -0.5261
     58.1097         2.7599        -0.5261
     55.5028         2.7656        -0.5261
     58.5576         2.7738        -0.5261
     55.2848         2.7778        -0.5261
     58.3801         2.7862        -0.5261
     55.1005         2.7906        -0.5261
     58.4150         2.7989        -0.5261
     54.8811         2.8031        -0.5261
     58.1615         2.8116        -0.5261
     54.6017         2.8161        -0.5261
     58.5427         2.8247        -0.5261
     54.4003         2.8280        -0.5261
     58.5627         2.8368        -0.5261
     54.0777         2.8401        -0.5261
     59.0839         2.8491        -0.5261
     53.8460         2.8512        -0.5261
     58.7936         2.8604        -0.5261
     53.6589         2.8632        -0.5261
     58.6000         2.8724        -0.5261
     53.2867         2.8754        -0.5261
     59.1180         2.8851        -0.5261
     53.0806         2.8867        -0.5261
     58.9641         2.8964        -0.5261
     52.8945         2.8984        -0.5261
     58.8036         2.9079        -0.5261
     52.7213         2.9101        -0.5261
     58.7545         2.9198        -0.5216
     51.3626         2.9218        -0.5216
     53.4250         2.9285        -0.5216
     51.1778         2.9334        -0.5216
     53.3585         2.9406        -0.5216
     50.8573         2.9457        -0.5216
     52.9372         2.9535        -0.5216
     50.6289         2.9592        -0.5216
     52.6662         2.9673        -0.5216
     50.4526         2.9731        -0.5216
     52.7278         2.9813        -0.5216
     50.2195         2.9868        -0.5216
     52.4240         2.9954        -0.5216
     49.9994         3.0012        -0.5216
     52.0771         3.0098        -0.5216
     49.8380         3.0158        -0.5216
     52.1625         3.0244        -0.5216
     49.5758         3.0295        -0.5216
     51.9347         3.0384        -0.5216
     49.3369         3.0440        -0.5216
     51.4676         3.0529        -0.5216
     49.1695         3.0589        -0.5216
     51.5288         3.0678        -0.5216
     48.9187         3.0729        -0.5216
     51.1798         3.0821        -0.5216
     48.7035         3.0880        -0.5216
     50.8701         3.0973        -0.5216
     48.5347         3.1035        -0.5216
     51.0313         3.1127        -0.5216
     48.2887         3.1175        -0.5216
     50.6170         3.1271        -0.5216
     48.0998         3.1332        -0.5216
     50.3509         3.1427        -0.5216
     47.9317         3.1485        -0.5216
     50.4268         3.1581        -0.5216
     47.7079         3.1630        -0.5216
     50.2811         3.1727        -0.5216
     47.5665         3.1781        -0.5216
     50.1154         3.1879        -0.5216
     47.4120         3.1930        -0.5216
     50.0925         3.2027        -0.5216
     47.2223         3.2076        -0.5216
     49.8466         3.2176        -0.5216
     47.0445         3.2230        -0.5216
     49.6384         3.2330        -0.5216
     46.8977         3.2384        -0.5216
     49.5427         3.2485        -0.5216
     46.7241         3.2535        -0.5216
     49.6247         3.2636        -0.5216
     46.4746         3.2684        -0.5216
     49.1537         3.2788        -0.3682
     46.2634         3.2849        -0.3682
     47.4071         3.2918        -0.3682
     46.0299         3.2980        -0.3682
     47.2055         3.3059        -0.3682
     45.8042         3.3126        -0.3682
     47.0021         3.3214        -0.3682
     45.6008         3.3284        -0.3682
     46.9146         3.3377        -0.3682
     45.4000         3.3448        -0.3682
     46.7073         3.3545        -0.3682
     45.2127         3.3619        -0.3682
     46.6064         3.3720        -0.3682
     45.0032         3.3793        -0.3682
     46.4588         3.3894        -0.3682
     44.8087         3.3971        -0.3682
     46.3507         3.4074        -0.3682
     44.6314         3.4148        -0.3682
     46.2720         3.4253        -0.3682
     44.4508         3.4326        -0.3682
     46.1610         3.4431        -0.3682
     44.2727         3.4502        -0.3682
     45.9601         3.4608        -0.3682
     44.0925         3.4679        -0.3682
     45.9381         3.4786        -0.3682
     43.8997         3.4855        -0.3682
     45.7880         3.4962        -0.3682
     43.7640         3.5031        -0.3682
     45.7610         3.5139        -0.3682
     43.6733         3.5201        -0.3682
     45.8976         3.5310        -0.3682
     43.4747         3.5368        -0.3682
     45.5898         3.5475        -0.3682
     43.3194         3.5538        -0.3682
     45.3742         3.5647        -0.3682
     43.1862         3.5708        -0.3682
     45.3514         3.5817        -0.3682
     42.9886         3.5880        -0.3682
     45.1256         3.5988        -0.3682
     42.9270         3.6053        -0.3682
     45.1438         3.6161        -0.3682
     42.7793         3.6220        -0.3682
     45.3005         3.6330        -0.3682
     42.5872         3.6382        -0.3682
     44.8076         3.6491        -0.3682
     42.5171         3.6556        -0.3682
     45.0279         3.6665        -0.3682
     42.3636         3.6716        -0.3682
     44.8921         3.6826        -0.3682
     42.2107         3.6878        -0.3682
     44.7488         3.6988        -0.3294
     42.0803         3.7041        -0.3294
     42.7150         3.7109        -0.3294
     41.6555         3.7174        -0.3294
     42.2591         3.7252        -0.3294
     41.4766         3.7328        -0.3294
     42.3559         3.7416        -0.3294
     41.3127         3.7494        -0.3294
     42.2916         3.7588        -0.3294
     41.1119         3.7670        -0.3294
     42.1092         3.7770        -0.3294
     40.9336         3.7856        -0.3294
     41.9441         3.7961        -0.3294
     40.7360         3.8050        -0.3294
     41.7737         3.8157        -0.3294
     40.6088         3.8249        -0.3294
     41.6468         3.8360        -0.3294
     40.3981         3.8453        -0.3294
     41.4708         3.8566        -0.3294
     40.2670         3.8660        -0.3294
     41.3014         3.8773        -0.3294
     40.1138         3.8866        -0.3294
     41.3106         3.8981        -0.3294
     39.8889         3.9069        -0.3294
     40.9669         3.9184        -0.3294
     39.7657         3.9280        -0.3294
     40.9540         3.9394        -0.3294
     39.6359         3.9480        -0.3294
     41.0588         3.9595        -0.3294
     39.4515         3.9671        -0.3294
     40.9051         3.9788        -0.3294
     39.2750         3.9867        -0.3294
     40.6360         3.9983        -0.3294
     39.1443         4.0063        -0.3294
     40.6137         4.0179        -0.3294
     38.9515         4.0258        -0.3294
     40.4030         4.0374        -0.3294
     38.8144         4.0456        -0.3294
     40.4121         4.0572        -0.3294
     38.6907         4.0646        -0.3294
     40.4380         4.0761        -0.3294
     38.5176         4.0834        -0.3294
     40.2652         4.0949        -0.3294
     38.3980         4.1023        -0.3294
     40.1858         4.1138        -0.3294
     38.3169         4.1205        -0.3294
     40.2740         4.1319        -0.3294
     38.1068         4.1381        -0.3294
     39.9623         4.1497        -0.3294
     37.9951         4.1568        -0.3294
     39.8851         4.1684        -0.4020
     36.9724         4.1750        -0.4020
