     velsurf       thk_regu           glen
     35.5299         3.0247        -0.7943
     36.3379         3.1046        -0.7943
     36.3378         3.1045        -0.7943
     36.3378         3.1045        -0.7943
     36.3377         3.1045        -0.7943
     36.3377         3.1045        -0.7943
     36.3377         3.1045        -0.7943
     36.3376         3.1045        -0.7943
     36.3376         3.1045        -0.7943
     36.3376         3.1045        -0.7943
     36.3375         3.1045        -0.7943
     36.3375         3.1044        -0.7943
     36.3375         3.1044        -0.7943
     36.3374         3.1044        -0.7943
     36.3374         3.1044        -0.7943
     36.3373         3.1044        -0.7943
     36.3373         3.1044        -0.7943
     36.3373         3.1044        -0.7943
     36.3372         3.1044        -0.7943
     36.3372         3.1044        -0.7943
     36.3371         3.1044        -0.7943
     36.3371         3.1044        -0.7943
     36.3371         3.1043        -0.7943
     36.3371         3.1043        -0.7943
     36.3370         3.1043        -0.7943
     36.3370         3.1043        -0.7943
     36.3369         3.1043        -0.7943
     36.3369         3.1043        -0.7943
     36.3369         3.1043        -0.7943
     36.3368         3.1043        -0.7943
     36.3368         3.1043        -0.7943
     36.3368         3.1043        -0.7943
     36.3367         3.1042        -0.7943
     36.3367         3.1042        -0.7943
     36.3366         3.1042        -0.7943
     36.3366         3.1042        -0.7943
     36.3365         3.1042        -0.7943
     36.3365         3.1042        -0.7943
     36.3364         3.1042        -0.7943
     36.3364         3.1042        -0.7943
     36.3364         3.1041        -0.7943
     36.3363         3.1041        -0.7943
     36.3363         3.1041        -0.7943
     36.3363         3.1041        -0.7943
     36.3362         3.1041        -0.7943
     36.3362         3.1041        -0.7943
     36.3361         3.1041        -0.7943
     36.3361         3.1041        -0.7943
     36.3360         3.1040        -0.7943
     36.3360         3.1040        -0.8873
     31.4027         3.1040        -0.8873
     31.4027         3.1040        -0.8873
     31.4026         3.1040        -0.8873
     31.4026         3.1040        -0.8873
     31.4025         3.1040        -0.8873
     31.4025         3.1040        -0.8873
     31.4025         3.1039        -0.8873
     31.4024         3.1039        -0.8873
     31.4023         3.1039        -0.8873
     31.4023         3.1039        -0.8873
     31.4022         3.1039        -0.8873
     31.4022         3.1039        -0.8873
     31.4021         3.1039        -0.8873
     31.4021         3.1038        -0.8873
     31.4020         3.1038        -0.8873
     31.4020         3.1038        -0.8873
     31.4019         3.1038        -0.8873
     31.4019         3.1038        -0.8873
     31.4018         3.1038        -0.8873
     31.4017         3.1037        -0.8873
     31.4017         3.1037        -0.8873
     31.4016         3.1037        -0.8873
     31.4016         3.1037        -0.8873
     31.4015         3.1037        -0.8873
     31.4014         3.1037        -0.8873
     31.4014         3.1036        -0.8873
     31.4013         3.1036        -0.8873
     31.4012         3.1036        -0.8873
     31.4012         3.1036        -0.8873
     31.4011         3.1036        -0.8873
     31.4010         3.1036        -0.8873
     31.4009         3.1035        -0.8873
     31.4009         3.1035        -0.8873
     31.4008         3.1035        -0.8873
     31.4008         3.1035        -0.8873
     31.4007         3.1035        -0.8873
     31.4006         3.1035        -0.8873
     31.4006         3.1034        -0.8873
     31.4005         3.1034        -0.8873
     31.4005         3.1034        -0.8873
     31.4004         3.1034        -0.8873
     31.4003         3.1034        -0.8873
     31.4003         3.1034        -0.8873
     31.4002         3.1033        -0.8873
     31.4002         3.1033        -0.8873
     31.4001         3.1033        -0.8873
     31.4001         3.1033        -0.8873
     31.4000         3.1033        -0.8873
     31.3999         3.1033        -0.8873
     31.3998         3.1032        -0.9470
     30.7540         3.1032        -0.9470
     30.7540         3.1032        -0.9470
     30.7539         3.1032        -0.9470
     30.7538         3.1032        -0.9470
     30.7537         3.1031        -0.9470
     30.7537         3.1031        -0.9470
     30.7536         3.1031        -0.9470
     30.7535         3.1031        -0.9470
     30.7535         3.1031        -0.9470
     30.7534         3.1030        -0.9470
     30.7533         3.1030        -0.9470
     30.7533         3.1030        -0.9470
     30.7532         3.1030        -0.9470
     30.7531         3.1030        -0.9470
     30.7530         3.1029        -0.9470
     30.7530         3.1029        -0.9470
     30.7529         3.1029        -0.9470
     30.7528         3.1029        -0.9470
     30.7528         3.1029        -0.9470
     30.7527         3.1028        -0.9470
     30.7526         3.1028        -0.9470
     30.7526         3.1028        -0.9470
     30.7525         3.1028        -0.9470
     30.7524         3.1028        -0.9470
     30.7523         3.1027        -0.9470
     30.7523         3.1027        -0.9470
     30.7522         3.1027        -0.9470
     30.7521         3.1027        -0.9470
     30.7520         3.1027        -0.9470
     30.7519         3.1026        -0.9470
     30.7519         3.1026        -0.9470
     30.7518         3.1026        -0.9470
     30.7517         3.1026        -0.9470
     30.7516         3.1026        -0.9470
     30.7515         3.1025        -0.9470
     30.7515         3.1025        -0.9470
     30.7514         3.1025        -0.9470
     30.7513         3.1025        -0.9470
     30.7512         3.1025        -0.9470
     30.7512         3.1024        -0.9470
     30.7511         3.1024        -0.9470
     30.7510         3.1024        -0.9470
     30.7509         3.1024        -0.9470
     30.7508         3.1023        -0.9470
     30.7507         3.1023        -0.9470
     30.7507         3.1023        -0.9470
     30.7506         3.1023        -0.9470
     30.7505         3.1023        -0.9470
     30.7505         3.1022        -0.9470
     30.7504         3.1022        -0.9995
     30.7937         3.1022        -0.9995
     30.7936         3.1022        -0.9995
     30.7935         3.1021        -0.9995
     30.7934         3.1021        -0.9995
     30.7933         3.1021        -0.9995
     30.7932         3.1021        -0.9995
     30.7931         3.1021        -0.9995
     30.7930         3.1020        -0.9995
     30.7930         3.1020        -0.9995
     30.7929         3.1020        -0.9995
     30.7928         3.1020        -0.9995
     30.7927         3.1019        -0.9995
     30.7926         3.1019        -0.9995
     30.7925         3.1019        -0.9995
     30.7924         3.1019        -0.9995
     30.7923         3.1018        -0.9995
     30.7922         3.1018        -0.9995
     30.7921         3.1018        -0.9995
     30.7921         3.1018        -0.9995
     30.7920         3.1018        -0.9995
     30.7919         3.1017        -0.9995
     30.7918         3.1017        -0.9995
     30.7917         3.1017        -0.9995
     30.7916         3.1017        -0.9995
     30.7915         3.1016        -0.9995
     30.7914         3.1016        -0.9995
     30.7913         3.1016        -0.9995
     30.7912         3.1016        -0.9995
     30.7911         3.1015        -0.9995
     30.7910         3.1015        -0.9995
     30.7909         3.1015        -0.9995
     30.7908         3.1015        -0.9995
     30.7908         3.1014        -0.9995
     30.7907         3.1014        -0.9995
     30.7906         3.1014        -0.9995
     30.7905         3.1014        -0.9995
     30.7904         3.1013        -0.9995
     30.7903         3.1013        -0.9995
     30.7902         3.1013        -0.9995
     30.7901         3.1013        -0.9995
     30.7900         3.1012        -0.9995
     30.7899         3.1012        -0.9995
     30.7898         3.1012        -0.9995
     30.7898         3.1012        -0.9995
     30.7896         3.1011        -0.9995
     30.7895         3.1011        -0.9995
     30.7894         3.1011        -0.9995
     30.7893         3.1011        -0.9995
     30.7892         3.1010        -0.9995
     30.7891         3.1010        -1.0478
     31.5189         3.1010        -1.0478
     31.5188         3.1010        -1.0478
     31.5187         3.1009        -1.0478
     31.5186         3.1009        -1.0478
     31.5185         3.1009        -1.0478
     31.5184         3.1009        -1.0478
     31.5183         3.1008        -1.0478
     31.5182         3.1008        -1.0478
     31.5181         3.1008        -1.0478
     31.5180         3.1008        -1.0478
     31.5179         3.1007        -1.0478
     31.5178         3.1007        -1.0478
     31.5177         3.1007        -1.0478
     31.5176         3.1007        -1.0478
     31.5175         3.1006        -1.0478
     31.5174         3.1006        -1.0478
     31.5173         3.1006        -1.0478
     31.5172         3.1006        -1.0478
     31.5171         3.1005        -1.0478
     31.5170         3.1005        -1.0478
     31.5168         3.1005        -1.0478
     31.5167         3.1005        -1.0478
     31.5166         3.1004        -1.0478
     31.5165         3.1004        -1.0478
     31.5164         3.1004        -1.0478
     31.5163         3.1003        -1.0478
     31.5162         3.1003        -1.0478
     31.5161         3.1003        -1.0478
     31.5160         3.1003        -1.0478
     31.5159         3.1002        -1.0478
     31.5158         3.1002        -1.0478
     31.5157         3.1002        -1.0478
     31.5155         3.1002        -1.0478
     31.5154         3.1001        -1.0478
     31.5153         3.1001        -1.0478
     31.5152         3.1001        -1.0478
     31.5151         3.1001        -1.0478
     31.5150         3.1000        -1.0478
     31.5149         3.1000        -1.0478
     31.5148         3.1000        -1.0478
     31.5147         3.0999        -1.0478
     31.5146         3.0999        -1.0478
     31.5144         3.0999        -1.0478
     31.5143         3.0999        -1.0478
     31.5142         3.0998        -1.0478
     31.5141         3.0998        -1.0478
     31.5140         3.0998        -1.0478
     31.5139         3.0998        -1.0478
     31.5138         3.0997        -1.0478
     31.5137         3.0997        -1.0926
     32.8780         3.0997        -1.0926
     32.8779         3.0996        -1.0926
     32.8778         3.0996        -1.0926
     32.8777         3.0996        -1.0926
     32.8776         3.0996        -1.0926
     32.8775         3.0995        -1.0926
     32.8774         3.0995        -1.0926
     32.8773         3.0995        -1.0926
     32.8772         3.0994        -1.0926
     32.8771         3.0994        -1.0926
     32.8769         3.0994        -1.0926
     32.8768         3.0994        -1.0926
     32.8767         3.0993        -1.0926
     32.8766         3.0993        -1.0926
     32.8765         3.0993        -1.0926
     32.8764         3.0992        -1.0926
     32.8762         3.0992        -1.0926
     32.8761         3.0992        -1.0926
     32.8760         3.0992        -1.0926
     32.8758         3.0991        -1.0926
     32.8758         3.0991        -1.0926
     32.8756         3.0991        -1.0926
     32.8755         3.0990        -1.0926
     32.8754         3.0990        -1.0926
     32.8753         3.0990        -1.0926
     32.8751         3.0990        -1.0926
     32.8750         3.0989        -1.0926
     32.8749         3.0989        -1.0926
     32.8748         3.0989        -1.0926
     32.8747         3.0988        -1.0926
     32.8745         3.0988        -1.0926
     32.8744         3.0988        -1.0926
     32.8743         3.0988        -1.0926
     32.8742         3.0987        -1.0926
     32.8741         3.0987        -1.0926
     32.8740         3.0987        -1.0926
     32.8739         3.0986        -1.0926
     32.8737         3.0986        -1.0926
     32.8736         3.0986        -1.0926
     32.8735         3.0986        -1.0926
     32.8734         3.0985        -1.0926
     32.8733         3.0985        -1.0926
     32.8731         3.0985        -1.0926
     32.8730         3.0984        -1.0926
     32.8729         3.0984        -1.0926
     32.8728         3.0984        -1.0926
     32.8727         3.0984        -1.0926
     32.8726         3.0983        -1.0926
     32.8724         3.0983        -1.0926
     32.8723         3.0983        -1.1345
     34.7920         3.0982        -1.1345
     34.7919         3.0982        -1.1345
     34.7917         3.0982        -1.1345
     34.7916         3.0981        -1.1345
     34.7915         3.0981        -1.1345
     34.7913         3.0981        -1.1345
     34.7912         3.0981        -1.1345
     34.7911         3.0980        -1.1345
     34.7909         3.0980        -1.1345
     34.7908         3.0980        -1.1345
     34.7906         3.0979        -1.1345
     34.7905         3.0979        -1.1345
     34.7903         3.0979        -1.1345
     34.7903         3.0979        -1.1345
     34.7901         3.0978        -1.1345
     34.7900         3.0978        -1.1345
     34.7899         3.0978        -1.1345
     34.7897         3.0977        -1.1345
     34.7896         3.0977        -1.1345
     34.7894         3.0977        -1.1345
     34.7893         3.0976        -1.1345
     34.7892         3.0976        -1.1345
     34.7890         3.0976        -1.1345
     34.7889         3.0976        -1.1345
     34.7888         3.0975        -1.1345
     34.7887         3.0975        -1.1345
     34.7886         3.0975        -1.1345
     34.7884         3.0974        -1.1345
     34.7883         3.0974        -1.1345
     34.7881         3.0974        -1.1345
     34.7880         3.0973        -1.1345
     34.7878         3.0973        -1.1345
     34.7877         3.0973        -1.1345
     34.7875         3.0972        -1.1345
     34.7874         3.0972        -1.1345
     34.7872         3.0972        -1.1345
     34.7871         3.0972        -1.1345
     34.7870         3.0971        -1.1345
     34.7868         3.0971        -1.1345
     34.7867         3.0971        -1.1345
     34.7865         3.0970        -1.1345
     34.7864         3.0970        -1.1345
     34.7862         3.0970        -1.1345
     34.7861         3.0969        -1.1345
     34.7860         3.0969        -1.1345
     34.7859         3.0969        -1.1345
     34.7858         3.0969        -1.1345
     34.7856         3.0968        -1.1345
     34.7855         3.0968        -1.1345
     34.7853         3.0968        -1.1736
     37.1814         3.0967        -1.1736
     37.1813         3.0967        -1.1736
     37.1811         3.0967        -1.1736
     37.1810         3.0966        -1.1736
     37.1808         3.0966        -1.1736
     37.1807         3.0966        -1.1736
     37.1805         3.0965        -1.1736
     37.1804         3.0965        -1.1736
     37.1802         3.0965        -1.1736
     37.1800         3.0965        -1.1736
     37.1799         3.0964        -1.1736
     37.1797         3.0964        -1.1736
     37.1796         3.0964        -1.1736
     37.1794         3.0963        -1.1736
     37.1793         3.0963        -1.1736
     37.1791         3.0963        -1.1736
     37.1789         3.0962        -1.1736
     37.1788         3.0962        -1.1736
     37.1787         3.0962        -1.1736
     37.1785         3.0961        -1.1736
     37.1783         3.0961        -1.1736
     37.1781         3.0961        -1.1736
     37.1779         3.0960        -1.1736
     37.1778         3.0960        -1.1736
     37.1776         3.0960        -1.1736
     37.1775         3.0960        -1.1736
     37.1773         3.0959        -1.1736
     37.1771         3.0959        -1.1736
     37.1770         3.0959        -1.1736
     37.1769         3.0958        -1.1736
     37.1767         3.0958        -1.1736
     37.1766         3.0958        -1.1736
     37.1764         3.0957        -1.1736
     37.1763         3.0957        -1.1736
     37.1761         3.0957        -1.1736
     37.1760         3.0956        -1.1736
     37.1758         3.0956        -1.1736
     37.1757         3.0956        -1.1736
     37.1755         3.0955        -1.1736
     37.1753         3.0955        -1.1736
     37.1752         3.0955        -1.1736
     37.1751         3.0955        -1.1736
     37.1749         3.0954        -1.1736
     37.1747         3.0954        -1.1736
     37.1746         3.0954        -1.1736
     37.1744         3.0953        -1.1736
     37.1743         3.0953        -1.1736
     37.1741         3.0953        -1.1736
     37.1740         3.0952        -1.1736
     37.1738         3.0952        -1.2100
     39.9689         3.0952        -1.2100
     39.9688         3.0951        -1.2100
     39.9685         3.0951        -1.2100
     39.9684         3.0951        -1.2100
     39.9682         3.0950        -1.2100
     39.9645         3.0950        -1.2100
     39.9679         3.0950        -1.2100
     39.9641         3.0949        -1.2100
     39.9675         3.0949        -1.2100
     39.9637         3.0949        -1.2100
     39.9671         3.0949        -1.2100
     39.9634         3.0948        -1.2100
     39.9668         3.0948        -1.2100
     39.9631         3.0948        -1.2100
     39.9664         3.0947        -1.2100
     39.9627         3.0947        -1.2100
     39.9661         3.0947        -1.2100
     39.9623         3.0946        -1.2100
     39.9657         3.0946        -1.2100
     39.9620         3.0946        -1.2100
     39.9653         3.0945        -1.2100
     39.9616         3.0945        -1.2100
     39.9650         3.0945        -1.2100
     39.9613         3.0944        -1.2100
     39.9646         3.0944        -1.2100
     39.9609         3.0944        -1.2100
     39.9643         3.0943        -1.2100
     39.9606         3.0943        -1.2100
     39.9640         3.0943        -1.2100
     39.9602         3.0942        -1.2100
     39.9636         3.0942        -1.2100
     39.9598         3.0942        -1.2100
     39.9632         3.0941        -1.2100
     39.9595         3.0941        -1.2100
     39.9629         3.0941        -1.2100
     39.9592         3.0941        -1.2100
     39.9625         3.0940        -1.2100
     39.9588         3.0940        -1.2100
     39.9622         3.0940        -1.2100
     39.9584         3.0939        -1.2100
     39.9618         3.0939        -1.2100
     39.9581         3.0939        -1.2100
     39.9615         3.0938        -1.2100
     39.9578         3.0938        -1.2100
     39.9612         3.0938        -1.2100
     39.9574         3.0937        -1.2100
     39.9608         3.0937        -1.2100
     39.9571         3.0937        -1.2100
     39.9604         3.0936        -1.2100
     39.9567         3.0936        -1.2440
     43.0751         3.0936        -1.2440
     43.0717         3.0935        -1.2440
     43.0747         3.0935        -1.2440
     43.0713         3.0935        -1.2440
     43.0744         3.0934        -1.2440
     43.0710         3.0934        -1.2440
     43.0740         3.0934        -1.2440
     43.0706         3.0933        -1.2440
     43.0737         3.0933        -1.2440
     43.0702         3.0933        -1.2440
     43.0733         3.0932        -1.2440
     43.0699         3.0932        -1.2440
     43.0729         3.0932        -1.2440
     43.0695         3.0931        -1.2440
     43.0726         3.0931        -1.2440
     43.0692         3.0931        -1.2440
     43.0722         3.0930        -1.2440
     43.0687         3.0930        -1.2440
     43.0718         3.0930        -1.2440
     43.0684         3.0929        -1.2440
     43.0714         3.0929        -1.2440
     43.0680         3.0929        -1.2440
     43.0710         3.0928        -1.2440
     43.0676         3.0928        -1.2440
     43.0706         3.0928        -1.2440
     43.0672         3.0927        -1.2440
     43.0703         3.0927        -1.2440
     43.0668         3.0927        -1.2440
     43.0699         3.0927        -1.2440
     43.0665         3.0926        -1.2440
     43.0694         3.0926        -1.2440
     43.0660         3.0926        -1.2440
     43.0690         3.0925        -1.2440
     43.0657         3.0925        -1.2440
     43.0687         3.0925        -1.2440
     43.0653         3.0924        -1.2440
     43.0684         3.0924        -1.2440
     43.0650         3.0924        -1.2440
     43.0680         3.0923        -1.2440
     43.0646         3.0923        -1.2440
     43.0676         3.0923        -1.2440
     43.0642         3.0922        -1.2440
     43.0672         3.0922        -1.2440
     43.0638         3.0922        -1.2440
     43.0668         3.0921        -1.2440
     43.0633         3.0921        -1.2440
     43.0664         3.0921        -1.2440
     43.0630         3.0920        -1.2440
     43.0660         3.0920        -1.2440
     43.0626         3.0920        -1.2755
     46.4295         3.0919        -1.2755
     46.4264         3.0919        -1.2755
     46.4262         3.0919        -1.2755
     46.4260         3.0918        -1.2755
     46.4258         3.0918        -1.2755
     46.4256         3.0918        -1.2755
     46.4254         3.0917        -1.2755
     46.4252         3.0917        -1.2755
     46.4250         3.0917        -1.2755
     46.4248         3.0916        -1.2755
     46.4246         3.0916        -1.2755
     46.4243         3.0915        -1.2755
     46.4242         3.0915        -1.2755
     46.4240         3.0915        -1.2755
     46.4237         3.0914        -1.2755
     46.4236         3.0914        -1.2755
     46.4233         3.0914        -1.2755
     46.4231         3.0913        -1.2755
     46.4229         3.0913        -1.2755
     46.4227         3.0913        -1.2755
     46.4225         3.0912        -1.2755
     46.4222         3.0912        -1.2755
     46.4220         3.0912        -1.2755
     46.4218         3.0911        -1.2755
     46.4216         3.0911        -1.2755
     46.4214         3.0911        -1.2755
     46.4212         3.0910        -1.2755
     46.4210         3.0910        -1.2755
     46.4192         3.0910        -1.2755
     46.4190         3.0909        -1.2755
     46.4188         3.0909        -1.2755
     46.4186         3.0909        -1.2755
     46.4184         3.0908        -1.2755
     46.4182         3.0908        -1.2755
     46.4180         3.0908        -1.2755
     46.4178         3.0907        -1.2755
     46.4176         3.0907        -1.2755
     46.4174         3.0907        -1.2755
     46.4172         3.0906        -1.2755
     46.4170         3.0906        -1.2755
     46.4168         3.0906        -1.2755
     46.4166         3.0905        -1.2755
     46.4164         3.0905        -1.2755
     46.4162         3.0905        -1.2755
     46.4159         3.0904        -1.2755
     46.4157         3.0904        -1.2755
     46.4154         3.0903        -1.2755
     46.4152         3.0903        -1.2755
     46.4151         3.0903        -1.2755
     46.4148         3.0902        -1.3046
     49.9497         3.0902        -1.3046
     49.9495         3.0902        -1.3046
     49.9493         3.0901        -1.3046
     49.9491         3.0901        -1.3046
     49.9489         3.0901        -1.3046
     49.9486         3.0900        -1.3046
     49.9484         3.0900        -1.3046
     49.9481         3.0900        -1.3046
     49.9479         3.0899        -1.3046
     49.9477         3.0899        -1.3046
     49.9476         3.0899        -1.3046
     49.9473         3.0898        -1.3046
     49.9471         3.0898        -1.3046
     49.9469         3.0897        -1.3046
     49.9466         3.0897        -1.3046
     49.9463         3.0897        -1.3046
     49.9460         3.0896        -1.3046
     49.9458         3.0896        -1.3046
     49.9455         3.0896        -1.3046
     49.9453         3.0895        -1.3046
     49.9451         3.0895        -1.3046
     49.9449         3.0895        -1.3046
     49.9446         3.0894        -1.3046
     49.9444         3.0894        -1.3046
     49.9441         3.0893        -1.3046
     49.9438         3.0893        -1.3046
     49.9436         3.0893        -1.3046
     49.9433         3.0892        -1.3046
     49.9431         3.0892        -1.3046
     49.9429         3.0892        -1.3046
     49.9426         3.0891        -1.3046
     49.9423         3.0891        -1.3046
     49.9421         3.0891        -1.3046
     49.9419         3.0890        -1.3046
     49.9418         3.0890        -1.3046
     49.9415         3.0890        -1.3046
     49.9412         3.0889        -1.3046
     49.9410         3.0889        -1.3046
     49.9408         3.0888        -1.3046
     49.9405         3.0888        -1.3046
     49.9403         3.0888        -1.3046
     49.9401         3.0887        -1.3046
     49.9399         3.0887        -1.3046
     49.9397         3.0887        -1.3046
     49.9394         3.0886        -1.3046
     49.9392         3.0886        -1.3046
     49.9390         3.0886        -1.3046
     49.9388         3.0885        -1.3046
     49.9386         3.0885        -1.3046
     49.9383         3.0885        -1.3317
     53.5630         3.0884        -1.3317
     53.5627         3.0884        -1.3317
     53.5625         3.0883        -1.3317
     53.5623         3.0883        -1.3317
     53.5620         3.0883        -1.3317
     53.5618         3.0882        -1.3317
     53.5615         3.0882        -1.3317
     53.5612         3.0882        -1.3317
     53.5610         3.0881        -1.3317
     53.5607         3.0881        -1.3317
     53.5605         3.0880        -1.3317
     53.5602         3.0880        -1.3317
     53.5600         3.0880        -1.3317
     53.5598         3.0879        -1.3317
     53.5596         3.0879        -1.3317
     53.5593         3.0879        -1.3317
     53.5591         3.0878        -1.3317
     53.5589         3.0878        -1.3317
     53.5586         3.0877        -1.3317
     53.5583         3.0877        -1.3317
     53.5581         3.0877        -1.3317
     53.5578         3.0876        -1.3317
     53.5575         3.0876        -1.3317
     53.5573         3.0876        -1.3317
     53.5571         3.0875        -1.3317
     53.5568         3.0875        -1.3317
     53.5566         3.0874        -1.3317
     53.5563         3.0874        -1.3317
     53.5561         3.0874        -1.3317
     53.5558         3.0873        -1.3317
     53.5555         3.0873        -1.3317
     53.5553         3.0873        -1.3317
     53.5550         3.0872        -1.3317
     53.5547         3.0872        -1.3317
     53.5545         3.0872        -1.3317
     53.5542         3.0871        -1.3317
     53.5540         3.0871        -1.3317
     53.5537         3.0870        -1.3317
     53.5535         3.0870        -1.3317
     53.5532         3.0870        -1.3317
     53.5529         3.0869        -1.3317
     53.5527         3.0869        -1.3317
     53.5524         3.0869        -1.3317
     53.5522         3.0868        -1.3317
     53.5521         3.0868        -1.3317
     53.5518         3.0867        -1.3317
     53.5516         3.0867        -1.3317
     53.5513         3.0867        -1.3317
     53.5511         3.0866        -1.3317
     53.5509         3.0866        -1.3568
     57.2056         3.0866        -1.3568
     57.2053         3.0865        -1.3568
     57.2050         3.0865        -1.3568
     57.2046         3.0864        -1.3568
     57.2044         3.0864        -1.3568
     57.2041         3.0864        -1.3568
     57.2038         3.0863        -1.3568
     57.2035         3.0863        -1.3568
     57.2032         3.0863        -1.3568
     57.2030         3.0862        -1.3568
     57.2027         3.0862        -1.3568
     57.2024         3.0861        -1.3568
     57.2021         3.0861        -1.3568
     57.2020         3.0861        -1.3568
     57.2017         3.0860        -1.3568
     57.2014         3.0860        -1.3568
     57.2012         3.0859        -1.3568
     57.2009         3.0859        -1.3568
     57.2006         3.0859        -1.3568
     57.2004         3.0858        -1.3568
     57.2002         3.0858        -1.3568
     57.1999         3.0858        -1.3568
     57.1996         3.0857        -1.3568
     57.1993         3.0857        -1.3568
     57.1991         3.0856        -1.3568
     57.1988         3.0856        -1.3568
     57.1986         3.0856        -1.3568
     57.1983         3.0855        -1.3568
     57.1980         3.0855        -1.3568
     57.1978         3.0855        -1.3568
     57.1976         3.0854        -1.3568
     57.1972         3.0854        -1.3568
     57.1970         3.0853        -1.3568
     57.1967         3.0853        -1.3568
     57.1965         3.0853        -1.3568
     57.1962         3.0852        -1.3568
     57.1959         3.0852        -1.3568
     57.1956         3.0851        -1.3568
     57.1953         3.0851        -1.3568
     57.1951         3.0851        -1.3568
     57.1948         3.0850        -1.3568
     57.1945         3.0850        -1.3568
     57.1943         3.0850        -1.3568
     57.1940         3.0849        -1.3568
     57.1937         3.0849        -1.3568
     57.1935         3.0848        -1.3568
     57.1932         3.0848        -1.3568
     57.1929         3.0848        -1.3568
     57.1926         3.0847        -1.3568
     57.1923         3.0847        -1.3801
     60.8154         3.0847        -1.3801
     60.8151         3.0846        -1.3801
     60.8147         3.0846        -1.3801
     60.8145         3.0845        -1.3801
     60.8141         3.0845        -1.3801
     60.8138         3.0845        -1.3801
     60.8135         3.0844        -1.3801
     60.8131         3.0844        -1.3801
     60.8128         3.0843        -1.3801
     60.8124         3.0843        -1.3801
     60.8122         3.0843        -1.3801
     60.8118         3.0842        -1.3801
     60.8116         3.0842        -1.3801
     60.8113         3.0841        -1.3801
     60.8110         3.0841        -1.3801
     60.8107         3.0841        -1.3801
     60.8105         3.0840        -1.3801
     60.8101         3.0840        -1.3801
     60.8098         3.0840        -1.3801
     60.8096         3.0839        -1.3801
     60.8093         3.0839        -1.3801
     60.8090         3.0838        -1.3801
     60.8087         3.0838        -1.3801
     60.8085         3.0838        -1.3801
     60.8082         3.0837        -1.3801
     60.8079         3.0837        -1.3801
     60.8076         3.0836        -1.3801
     60.8074         3.0836        -1.3801
     60.8071         3.0836        -1.3801
     60.8068         3.0835        -1.3801
     60.8065         3.0835        -1.3801
     60.8062         3.0834        -1.3801
     60.8060         3.0834        -1.3801
     60.8056         3.0834        -1.3801
     60.8053         3.0833        -1.3801
     60.8051         3.0833        -1.3801
     60.8049         3.0833        -1.3801
     60.8046         3.0832        -1.3801
     60.8043         3.0832        -1.3801
     60.8041         3.0831        -1.3801
     60.8039         3.0831        -1.3801
     60.8035         3.0831        -1.3801
     60.8032         3.0830        -1.3801
     60.8029         3.0830        -1.3801
     60.8027         3.0829        -1.3801
     60.8024         3.0829        -1.3801
     60.8022         3.0829        -1.3801
     60.8018         3.0828        -1.3801
     60.8016         3.0828        -1.3801
     60.8013         3.0827        -1.4020
     64.3509         3.0827        -1.4020
     64.3506         3.0827        -1.4020
     64.3503         3.0826        -1.4020
     64.3500         3.0826        -1.4020
     64.3497         3.0826        -1.4020
     64.3494         3.0825        -1.4020
     64.3491         3.0825        -1.4020
     64.3487         3.0824        -1.4020
     64.3484         3.0824        -1.4020
     64.3481         3.0824        -1.4020
     64.3478         3.0823        -1.4020
     64.3474         3.0823        -1.4020
     64.3472         3.0822        -1.4020
     64.3468         3.0822        -1.4020
     64.3464         3.0822        -1.4020
     64.3460         3.0821        -1.4020
     64.3457         3.0821        -1.4020
     64.3454         3.0820        -1.4020
     64.3451         3.0820        -1.4020
     64.3449         3.0820        -1.4020
     64.3445         3.0819        -1.4020
     64.3442         3.0819        -1.4020
     64.3438         3.0818        -1.4020
     64.3435         3.0818        -1.4020
     64.3433         3.0818        -1.4020
     64.3429         3.0817        -1.4020
     64.3426         3.0817        -1.4020
     64.3422         3.0816        -1.4020
     64.3419         3.0816        -1.4020
     64.3415         3.0816        -1.4020
     64.3412         3.0815        -1.4020
     64.3408         3.0815        -1.4020
     64.3405         3.0814        -1.4020
     64.3403         3.0814        -1.4020
     64.3400         3.0814        -1.4020
     64.3397         3.0813        -1.4020
     64.3395         3.0813        -1.4020
     64.3392         3.0813        -1.4020
     64.3389         3.0812        -1.4020
     64.3385         3.0812        -1.4020
     64.3383         3.0811        -1.4020
     64.3380         3.0811        -1.4020
     64.3376         3.0811        -1.4020
     64.3372         3.0810        -1.4020
     64.3369         3.0810        -1.4020
     64.3366         3.0809        -1.4020
     64.3363         3.0809        -1.4020
     64.3360         3.0809        -1.4020
     64.3357         3.0808        -1.4020
     64.3354         3.0808        -1.4226
     67.7823         3.0807        -1.4226
     67.7820         3.0807        -1.4226
     67.7816         3.0807        -1.4226
     67.7813         3.0806        -1.4226
     67.7811         3.0806        -1.4226
     67.7807         3.0805        -1.4226
     67.7804         3.0805        -1.4226
     67.7801         3.0805        -1.4226
     67.7798         3.0804        -1.4226
     67.7795         3.0804        -1.4226
     67.7792         3.0803        -1.4226
     67.7788         3.0803        -1.4226
     67.7785         3.0803        -1.4226
     67.7781         3.0802        -1.4226
     67.7778         3.0802        -1.4226
     67.7774         3.0801        -1.4226
     67.7771         3.0801        -1.4226
     67.7768         3.0801        -1.4226
     67.7764         3.0800        -1.4226
     67.7759         3.0800        -1.4226
     67.7756         3.0800        -1.4226
     67.7753         3.0799        -1.4226
     67.7749         3.0799        -1.4226
     67.7746         3.0798        -1.4226
     67.7743         3.0798        -1.4226
     67.7739         3.0798        -1.4226
     67.7736         3.0797        -1.4226
     67.7731         3.0797        -1.4226
     67.7728         3.0796        -1.4226
     67.7725         3.0796        -1.4226
     67.7722         3.0796        -1.4226
     67.7718         3.0795        -1.4226
     67.7714         3.0795        -1.4226
     67.7711         3.0794        -1.4226
     67.7708         3.0794        -1.4226
     67.7704         3.0794        -1.4226
     67.7701         3.0793        -1.4226
     67.7697         3.0793        -1.4226
     67.7693         3.0792        -1.4226
     67.7690         3.0792        -1.4226
     67.7687         3.0792        -1.4226
     67.7683         3.0791        -1.4226
     67.7681         3.0791        -1.4226
     67.7677         3.0790        -1.4226
     67.7674         3.0790        -1.4226
     67.7670         3.0790        -1.4226
     67.7667         3.0789        -1.4226
     67.7663         3.0789        -1.4226
     67.7661         3.0789        -1.4226
     67.7658         3.0788        -1.4420
     71.1241         3.0788        -1.4420
     71.1237         3.0787        -1.4420
     71.1233         3.0787        -1.4420
     71.1229         3.0787        -1.4420
     71.1225         3.0786        -1.4420
     71.1222         3.0786        -1.4420
     71.1219         3.0785        -1.4420
     71.1216         3.0785        -1.4420
     71.1212         3.0785        -1.4420
     71.1209         3.0784        -1.4420
     71.1205         3.0784        -1.4420
     71.1202         3.0783        -1.4420
     71.1198         3.0783        -1.4420
     71.1193         3.0783        -1.4420
     71.1190         3.0782        -1.4420
     71.1186         3.0782        -1.4420
     71.1183         3.0781        -1.4420
     71.1180         3.0781        -1.4420
     71.1176         3.0781        -1.4420
     71.1172         3.0780        -1.4420
     71.1169         3.0780        -1.4420
     71.1166         3.0780        -1.4420
     71.1162         3.0779        -1.4420
     71.1158         3.0779        -1.4420
     71.1155         3.0778        -1.4420
     71.1153         3.0778        -1.4420
     71.1149         3.0778        -1.4420
     71.1146         3.0777        -1.4420
     71.1142         3.0777        -1.4420
     71.1139         3.0776        -1.4420
     71.1135         3.0776        -1.4420
     71.1131         3.0776        -1.4420
     71.1128         3.0775        -1.4420
     71.1125         3.0775        -1.4420
     71.1122         3.0774        -1.4420
     71.1118         3.0774        -1.4420
     71.1114         3.0774        -1.4420
     71.1110         3.0773        -1.4420
     71.1106         3.0773        -1.4420
     71.1103         3.0773        -1.4420
     71.1099         3.0772        -1.4420
     71.1096         3.0772        -1.4420
     71.1093         3.0771        -1.4420
     71.1089         3.0771        -1.4420
     71.1084         3.0771        -1.4420
     71.1080         3.0770        -1.4420
     71.1076         3.0770        -1.4420
     71.1073         3.0769        -1.4420
     71.1068         3.0769        -1.4420
     71.1065         3.0769        -1.4604
     74.3617         3.0768        -1.4604
     74.3612         3.0768        -1.4604
     74.3608         3.0767        -1.4604
     74.3604         3.0767        -1.4604
     74.3600         3.0767        -1.4604
     74.3597         3.0766        -1.4604
     74.3592         3.0766        -1.4604
     74.3588         3.0766        -1.4604
     74.3584         3.0765        -1.4604
     74.3581         3.0765        -1.4604
     74.3577         3.0764        -1.4604
     74.3574         3.0764        -1.4604
     74.3571         3.0764        -1.4604
     74.3567         3.0763        -1.4604
     74.3562         3.0763        -1.4604
     74.3558         3.0762        -1.4604
     74.3554         3.0762        -1.4604
     74.3551         3.0762        -1.4604
     74.3547         3.0761        -1.4604
     74.3543         3.0761        -1.4604
     74.3540         3.0761        -1.4604
     74.3536         3.0760        -1.4604
     74.3532         3.0760        -1.4604
     74.3529         3.0759        -1.4604
     74.3525         3.0759        -1.4604
     74.3520         3.0759        -1.4604
     74.3515         3.0758        -1.4604
     74.3512         3.0758        -1.4604
     74.3508         3.0757        -1.4604
     74.3505         3.0757        -1.4604
     74.3500         3.0757        -1.4604
     74.3496         3.0756        -1.4604
     74.3492         3.0756        -1.4604
     74.3489         3.0756        -1.4604
     74.3484         3.0755        -1.4604
     74.3481         3.0755        -1.4604
     74.3478         3.0754        -1.4604
     74.3474         3.0754        -1.4604
     74.3471         3.0754        -1.4604
     74.3467         3.0753        -1.4604
     74.3463         3.0753        -1.4604
     74.3461         3.0752        -1.4604
     74.3457         3.0752        -1.4604
     74.3454         3.0752        -1.4604
     74.3451         3.0751        -1.4604
     74.3447         3.0751        -1.4604
     74.3443         3.0751        -1.4604
     74.3438         3.0750        -1.4604
     74.3434         3.0750        -1.4604
     74.3430         3.0749        -1.4778
     77.4900         3.0749        -1.4778
     77.4896         3.0749        -1.4778
     77.4893         3.0748        -1.4778
     77.4889         3.0748        -1.4778
     77.4885         3.0747        -1.4778
     77.4881         3.0747        -1.4778
     77.4877         3.0747        -1.4778
     77.4874         3.0746        -1.4778
     77.4870         3.0746        -1.4778
     77.4866         3.0746        -1.4778
     77.4863         3.0745        -1.4778
     77.4858         3.0745        -1.4778
     77.4854         3.0744        -1.4778
     77.4851         3.0744        -1.4778
     77.4846         3.0744        -1.4778
     77.4842         3.0743        -1.4778
     77.4839         3.0743        -1.4778
     77.4834         3.0743        -1.4778
     77.4830         3.0742        -1.4778
     77.4826         3.0742        -1.4778
     77.4822         3.0741        -1.4778
     77.4818         3.0741        -1.4778
     77.4814         3.0741        -1.4778
     77.4810         3.0740        -1.4778
     77.4807         3.0740        -1.4778
     77.4804         3.0740        -1.4778
     77.4799         3.0739        -1.4778
     77.4794         3.0739        -1.4778
     77.4791         3.0738        -1.4778
     77.4788         3.0738        -1.4778
     77.4783         3.0738        -1.4778
     77.4778         3.0737        -1.4778
     77.4774         3.0737        -1.4778
     77.4770         3.0737        -1.4778
     77.4765         3.0736        -1.4778
     77.4761         3.0736        -1.4778
     77.4758         3.0735        -1.4778
     77.4754         3.0735        -1.4778
     77.4750         3.0735        -1.4778
     77.4746         3.0734        -1.4778
     77.4743         3.0734        -1.4778
     77.4740         3.0734        -1.4778
     77.4737         3.0733        -1.4778
     77.4732         3.0733        -1.4778
     77.4728         3.0732        -1.4778
     77.4725         3.0732        -1.4778
     77.4721         3.0732        -1.4778
     77.4716         3.0731        -1.4778
     77.4712         3.0731        -1.4778
     77.4708         3.0731        -1.4943
     80.5118         3.0730        -1.4943
     80.5114         3.0730        -1.4943
     80.5110         3.0729        -1.4943
     80.5106         3.0729        -1.4943
     80.5101         3.0729        -1.4943
     80.5097         3.0728        -1.4943
     80.5093         3.0728        -1.4943
     80.5090         3.0728        -1.4943
     80.5086         3.0727        -1.4943
     80.5082         3.0727        -1.4943
     80.5078         3.0726        -1.4943
     80.5074         3.0726        -1.4943
     80.5069         3.0726        -1.4943
     80.5065         3.0725        -1.4943
     80.5060         3.0725        -1.4943
     80.5056         3.0725        -1.4943
     80.5053         3.0724        -1.4943
     80.5048         3.0724        -1.4943
     80.5043         3.0723        -1.4943
     80.5039         3.0723        -1.4943
     80.5035         3.0723        -1.4943
     80.5031         3.0722        -1.4943
     80.5026         3.0722        -1.4943
     80.5021         3.0722        -1.4943
     80.5017         3.0721        -1.4943
     80.5014         3.0721        -1.4943
     80.5011         3.0720        -1.4943
     80.5007         3.0720        -1.4943
     80.5003         3.0720        -1.4943
     80.4998         3.0719        -1.4943
     80.4992         3.0719        -1.4943
     80.4987         3.0719        -1.4943
     80.4983         3.0718        -1.4943
     80.4980         3.0718        -1.4943
     80.4977         3.0717        -1.4943
     80.4973         3.0717        -1.4943
     80.4969         3.0717        -1.4943
     80.4965         3.0716        -1.4943
     80.4961         3.0716        -1.4943
     80.4957         3.0716        -1.4943
     80.4952         3.0715        -1.4943
     80.4949         3.0715        -1.4943
     80.4945         3.0715        -1.4943
     80.4940         3.0714        -1.4943
     80.4937         3.0714        -1.4943
     80.4931         3.0713        -1.4943
     80.4927         3.0713        -1.4943
     80.4923         3.0713        -1.4943
     80.4919         3.0712        -1.4943
     80.4915         3.0712        -1.5100
     83.3955         3.0712        -1.5100
     83.3951         3.0711        -1.5100
     83.3947         3.0711        -1.5100
     83.3943         3.0710        -1.5100
     83.3939         3.0710        -1.5100
     83.3935         3.0710        -1.5100
     83.3931         3.0709        -1.5100
     83.3926         3.0709        -1.5100
     83.3921         3.0709        -1.5100
     83.3918         3.0708        -1.5100
     83.3913         3.0708        -1.5100
     83.3908         3.0708        -1.5100
     83.3904         3.0707        -1.5100
     83.3901         3.0707        -1.5100
     83.3897         3.0706        -1.5100
     83.3892         3.0706        -1.5100
     83.3888         3.0706        -1.5100
     83.3883         3.0705        -1.5100
     83.3879         3.0705        -1.5100
     83.3875         3.0705        -1.5100
     83.3871         3.0704        -1.5100
     83.3867         3.0704        -1.5100
     83.3863         3.0704        -1.5100
     83.3860         3.0703        -1.5100
     83.3856         3.0703        -1.5100
     83.3851         3.0702        -1.5100
     83.3847         3.0702        -1.5100
     83.3843         3.0702        -1.5100
     83.3839         3.0701        -1.5100
     83.3835         3.0701        -1.5100
     83.3831         3.0701        -1.5100
     83.3824         3.0700        -1.5100
     83.3821         3.0700        -1.5100
     83.3816         3.0700        -1.5100
     83.3812         3.0699        -1.5100
     83.3807         3.0699        -1.5100
     83.3803         3.0698        -1.5100
     83.3797         3.0698        -1.5100
     83.3793         3.0698        -1.5100
     83.3789         3.0697        -1.5100
     83.3784         3.0697        -1.5100
     83.3780         3.0697        -1.5100
     83.3775         3.0696        -1.5100
     83.3772         3.0696        -1.5100
     83.3767         3.0696        -1.5100
     83.3764         3.0695        -1.5100
     83.3760         3.0695        -1.5100
     83.3755         3.0694        -1.5100
     83.3752         3.0694        -1.5100
     83.3746         3.0694        -1.5250
     86.1616         3.0693        -1.5250
     86.1611         3.0693        -1.5250
     86.1607         3.0693        -1.5250
     86.1604         3.0692        -1.5250
     86.1600         3.0692        -1.5250
     86.1596         3.0692        -1.5250
     86.1593         3.0691        -1.5250
     86.1589         3.0691        -1.5250
     86.1585         3.0691        -1.5250
     86.1580         3.0690        -1.5250
     86.1575         3.0690        -1.5250
     86.1569         3.0689        -1.5250
     86.1564         3.0689        -1.5250
     86.1560         3.0689        -1.5250
     86.1555         3.0688        -1.5250
     86.1550         3.0688        -1.5250
     86.1546         3.0688        -1.5250
     86.1542         3.0687        -1.5250
     86.1538         3.0687        -1.5250
     86.1535         3.0687        -1.5250
     86.1532         3.0686        -1.5250
     86.1526         3.0686        -1.5250
     86.1523         3.0686        -1.5250
     86.1516         3.0685        -1.5250
     86.1512         3.0685        -1.5250
     86.1508         3.0685        -1.5250
     86.1502         3.0684        -1.5250
     86.1498         3.0684        -1.5250
     86.1494         3.0683        -1.5250
     86.1489         3.0683        -1.5250
     86.1484         3.0683        -1.5250
     86.1480         3.0682        -1.5250
     86.1474         3.0682        -1.5250
     86.1469         3.0682        -1.5250
     86.1465         3.0681        -1.5250
     86.1460         3.0681        -1.5250
     86.1456         3.0681        -1.5250
     86.1451         3.0680        -1.5250
     86.1448         3.0680        -1.5250
     86.1442         3.0680        -1.5250
     86.1438         3.0679        -1.5250
     86.1432         3.0679        -1.5250
     86.1428         3.0678        -1.5250
     86.1423         3.0678        -1.5250
     86.1418         3.0678        -1.5250
     86.1414         3.0677        -1.5250
     86.1409         3.0677        -1.5250
     86.1405         3.0677        -1.5250
     86.1400         3.0676        -1.5250
     86.1397         3.0676        -1.5393
     88.8376         3.0676        -1.5393
     88.8371         3.0675        -1.5393
     88.8367         3.0675        -1.5393
     88.8363         3.0675        -1.5393
     88.8359         3.0674        -1.5393
     88.8355         3.0674        -1.5393
     88.8350         3.0674        -1.5393
     88.8345         3.0673        -1.5393
     88.8340         3.0673        -1.5393
     88.8336         3.0673        -1.5393
     88.8332         3.0672        -1.5393
     88.8326         3.0672        -1.5393
     88.8323         3.0672        -1.5393
     88.8318         3.0671        -1.5393
     88.8313         3.0671        -1.5393
     88.8308         3.0670        -1.5393
     88.8304         3.0670        -1.5393
     88.8298         3.0670        -1.5393
     88.8294         3.0669        -1.5393
     88.8290         3.0669        -1.5393
     88.8285         3.0669        -1.5393
     88.8282         3.0668        -1.5393
     88.8277         3.0668        -1.5393
     88.8272         3.0668        -1.5393
     88.8267         3.0667        -1.5393
     88.8261         3.0667        -1.5393
     88.8257         3.0667        -1.5393
     88.8253         3.0666        -1.5393
     88.8249         3.0666        -1.5393
     88.8245         3.0666        -1.5393
     88.8241         3.0665        -1.5393
     88.8235         3.0665        -1.5393
     88.8231         3.0665        -1.5393
     88.8228         3.0664        -1.5393
     88.8223         3.0664        -1.5393
     88.8219         3.0664        -1.5393
     88.8213         3.0663        -1.5393
     88.8208         3.0663        -1.5393
     88.8203         3.0663        -1.5393
     88.8200         3.0662        -1.5393
     88.8195         3.0662        -1.5393
     88.8190         3.0661        -1.5393
     88.8185         3.0661        -1.5393
     88.8182         3.0661        -1.5393
     88.8178         3.0660        -1.5393
     88.8174         3.0660        -1.5393
     88.8169         3.0660        -1.5393
     88.8164         3.0659        -1.5393
     88.8158         3.0659        -1.5393
     88.8154         3.0659        -1.5530
     91.4041         3.0658        -1.5530
     91.4034         3.0658        -1.5530
     91.4030         3.0658        -1.5530
     91.4026         3.0657        -1.5530
     91.4022         3.0657        -1.5530
     91.4017         3.0657        -1.5530
     91.4013         3.0656        -1.5530
     91.4007         3.0656        -1.5530
     91.4002         3.0656        -1.5530
     91.3997         3.0655        -1.5530
     91.3993         3.0655        -1.5530
     91.3988         3.0655        -1.5530
     91.3983         3.0654        -1.5530
     91.3977         3.0654        -1.5530
     91.3973         3.0654        -1.5530
     91.3966         3.0653        -1.5530
     91.3962         3.0653        -1.5530
     91.3959         3.0653        -1.5530
     91.3954         3.0652        -1.5530
     91.3948         3.0652        -1.5530
     91.3943         3.0652        -1.5530
     91.3938         3.0651        -1.5530
     91.3933         3.0651        -1.5530
     91.3929         3.0651        -1.5530
     91.3923         3.0650        -1.5530
     91.3918         3.0650        -1.5530
     91.3914         3.0650        -1.5530
     91.3911         3.0649        -1.5530
     91.3905         3.0649        -1.5530
     91.3900         3.0649        -1.5530
     91.3896         3.0648        -1.5530
     91.3891         3.0648        -1.5530
     91.3886         3.0648        -1.5530
     91.3882         3.0647        -1.5530
     91.3878         3.0647        -1.5530
     91.3873         3.0647        -1.5530
     91.3869         3.0646        -1.5530
     91.3864         3.0646        -1.5530
     91.3860         3.0646        -1.5530
     91.3855         3.0645        -1.5530
     91.3849         3.0645        -1.5530
     91.3845         3.0645        -1.5530
     91.3838         3.0644        -1.5530
     91.3832         3.0644        -1.5530
     91.3827         3.0644        -1.5530
     91.3823         3.0643        -1.5530
     91.3819         3.0643        -1.5530
     91.3814         3.0643        -1.5530
     91.3809         3.0642        -1.5530
     91.3803         3.0642        -1.5662
     93.8557         3.0642        -1.5662
     93.8553         3.0641        -1.5662
     93.8547         3.0641        -1.5662
     93.8543         3.0641        -1.5662
     93.8539         3.0640        -1.5662
     93.8533         3.0640        -1.5662
     93.8526         3.0640        -1.5662
     93.8522         3.0639        -1.5662
     93.8518         3.0639        -1.5662
     93.8514         3.0639        -1.5662
     93.8509         3.0638        -1.5662
     93.8505         3.0638        -1.5662
     93.8500         3.0638        -1.5662
     93.8496         3.0637        -1.5662
     93.8491         3.0637        -1.5662
     93.8485         3.0637        -1.5662
     93.8479         3.0636        -1.5662
     93.8474         3.0636        -1.5662
     93.8471         3.0636        -1.5662
     93.8465         3.0635        -1.5662
     93.8459         3.0635        -1.5662
     93.8453         3.0635        -1.5662
     93.8449         3.0634        -1.5662
     93.8445         3.0634        -1.5662
     93.8440         3.0634        -1.5662
     93.8436         3.0633        -1.5662
     93.8432         3.0633        -1.5662
     93.8428         3.0633        -1.5662
     93.8423         3.0632        -1.5662
     93.8417         3.0632        -1.5662
     93.8411         3.0632        -1.5662
     93.8406         3.0631        -1.5662
     93.8403         3.0631        -1.5662
     93.8398         3.0631        -1.5662
     93.8392         3.0630        -1.5662
     93.8387         3.0630        -1.5662
     93.8381         3.0630        -1.5662
     93.8374         3.0629        -1.5662
     93.8370         3.0629        -1.5662
     93.8364         3.0629        -1.5662
     93.8359         3.0628        -1.5662
     93.8353         3.0628        -1.5662
     93.8349         3.0628        -1.5662
     93.8344         3.0627        -1.5662
     93.8338         3.0627        -1.5662
     93.8335         3.0627        -1.5662
     93.8329         3.0626        -1.5662
     93.8323         3.0626        -1.5662
     93.8318         3.0626        -1.5662
     93.8312         3.0625        -1.5790
     96.1753         3.0625        -1.5790
     96.1747         3.0625        -1.5790
     96.1743         3.0624        -1.5790
     96.1738         3.0624        -1.5790
     96.1733         3.0624        -1.5790
     96.1729         3.0623        -1.5790
     96.1724         3.0623        -1.5790
     96.1721         3.0623        -1.5790
     96.1716         3.0623        -1.5790
     96.1711         3.0622        -1.5790
     96.1706         3.0622        -1.5790
     96.1702         3.0622        -1.5790
     96.1697         3.0621        -1.5790
     96.1693         3.0621        -1.5790
     96.1688         3.0621        -1.5790
     96.1683         3.0620        -1.5790
     96.1678         3.0620        -1.5790
     96.1671         3.0620        -1.5790
     96.1665         3.0619        -1.5790
     96.1660         3.0619        -1.5790
     96.1655         3.0619        -1.5790
     96.1648         3.0618        -1.5790
     96.1644         3.0618        -1.5790
     96.1637         3.0618        -1.5790
     96.1633         3.0617        -1.5790
     96.1628         3.0617        -1.5790
     96.1623         3.0617        -1.5790
     96.1616         3.0616        -1.5790
     96.1612         3.0616        -1.5790
     96.1607         3.0616        -1.5790
     96.1602         3.0615        -1.5790
     96.1598         3.0615        -1.5790
     96.1593         3.0615        -1.5790
     96.1589         3.0615        -1.5790
     96.1583         3.0614        -1.5790
     96.1579         3.0614        -1.5790
     96.1573         3.0614        -1.5790
     96.1568         3.0613        -1.5790
     96.1563         3.0613        -1.5790
     96.1557         3.0613        -1.5790
     96.1551         3.0612        -1.5790
     96.1546         3.0612        -1.5790
     96.1543         3.0612        -1.5790
     96.1538         3.0611        -1.5790
     96.1533         3.0611        -1.5790
     96.1529         3.0611        -1.5790
     96.1524         3.0610        -1.5790
     96.1518         3.0610        -1.5790
     96.1513         3.0610        -1.5790
     96.1509         3.0609        -1.5914
     98.4068         3.0609        -1.5914
     98.4064         3.0609        -1.5914
     98.4058         3.0608        -1.5914
     98.4053         3.0608        -1.5914
     98.4047         3.0608        -1.5914
     98.4042         3.0608        -1.5914
     98.4037         3.0607        -1.5914
     98.4033         3.0607        -1.5914
     98.4029         3.0607        -1.5914
     98.4023         3.0606        -1.5914
     98.4017         3.0606        -1.5914
     98.4013         3.0606        -1.5914
     98.4007         3.0605        -1.5914
     98.4002         3.0605        -1.5914
     98.3995         3.0605        -1.5914
     98.3989         3.0604        -1.5914
     98.3985         3.0604        -1.5914
     98.3980         3.0604        -1.5914
     98.3975         3.0603        -1.5914
     98.3969         3.0603        -1.5914
     98.3964         3.0603        -1.5914
     98.3959         3.0603        -1.5914
     98.3952         3.0602        -1.5914
     98.3946         3.0602        -1.5914
     98.3941         3.0602        -1.5914
     98.3936         3.0601        -1.5914
     98.3930         3.0601        -1.5914
     98.3926         3.0601        -1.5914
     98.3921         3.0600        -1.5914
     98.3916         3.0600        -1.5914
     98.3911         3.0600        -1.5914
     98.3907         3.0599        -1.5914
     98.3901         3.0599        -1.5914
     98.3896         3.0599        -1.5914
     98.3891         3.0598        -1.5914
     98.3885         3.0598        -1.5914
     98.3880         3.0598        -1.5914
     98.3874         3.0598        -1.5914
     98.3868         3.0597        -1.5914
     98.3862         3.0597        -1.5914
     98.3857         3.0597        -1.5914
     98.3853         3.0596        -1.5914
     98.3848         3.0596        -1.5914
     98.3842         3.0596        -1.5914
     98.3837         3.0595        -1.5914
     98.3834         3.0595        -1.5914
     98.3829         3.0595        -1.5914
     98.3824         3.0594        -1.5914
     98.3820         3.0594        -1.5914
     98.3815         3.0594        -1.6034
    100.5520         3.0594        -1.6034
    100.5515         3.0593        -1.6034
    100.5509         3.0593        -1.6034
    100.5504         3.0593        -1.6034
    100.5498         3.0592        -1.6034
    100.5491         3.0592        -1.6034
    100.5488         3.0592        -1.6034
    100.5482         3.0591        -1.6034
    100.5476         3.0591        -1.6034
    100.5472         3.0591        -1.6034
    100.5468         3.0590        -1.6034
    100.5462         3.0590        -1.6034
    100.5456         3.0590        -1.6034
    100.5450         3.0590        -1.6034
    100.5445         3.0589        -1.6034
    100.5440         3.0589        -1.6034
    100.5433         3.0589        -1.6034
    100.5428         3.0588        -1.6034
    100.5424         3.0588        -1.6034
    100.5417         3.0588        -1.6034
    100.5412         3.0587        -1.6034
    100.5407         3.0587        -1.6034
    100.5402         3.0587        -1.6034
    100.5395         3.0586        -1.6034
    100.5388         3.0586        -1.6034
    100.5383         3.0586        -1.6034
    100.5378         3.0586        -1.6034
    100.5374         3.0585        -1.6034
    100.5370         3.0585        -1.6034
    100.5365         3.0585        -1.6034
    100.5361         3.0584        -1.6034
    100.5355         3.0584        -1.6034
    100.5351         3.0584        -1.6034
    100.5345         3.0583        -1.6034
    100.5339         3.0583        -1.6034
    100.5332         3.0583        -1.6034
    100.5326         3.0583        -1.6034
    100.5321         3.0582        -1.6034
    100.5315         3.0582        -1.6034
    100.5311         3.0582        -1.6034
    100.5308         3.0581        -1.6034
    100.5301         3.0581        -1.6034
    100.5296         3.0581        -1.6034
    100.5290         3.0580        -1.6034
    100.5285         3.0580        -1.6034
    100.5281         3.0580        -1.6034
    100.5276         3.0580        -1.6034
    100.5270         3.0579        -1.6034
    100.5266         3.0579        -1.6034
    100.5260         3.0579        -1.6151
    102.6057         3.0578        -1.6151
    102.6053         3.0578        -1.6151
    102.6049         3.0578        -1.6151
    102.6042         3.0577        -1.6151
    102.6038         3.0577        -1.6151
    102.6034         3.0577        -1.6151
    102.6027         3.0577        -1.6151
    102.6022         3.0576        -1.6151
    102.6017         3.0576        -1.6151
    102.6013         3.0576        -1.6151
    102.6007         3.0575        -1.6151
    102.6003         3.0575        -1.6151
    102.5999         3.0575        -1.6151
    102.5993         3.0574        -1.6151
    102.5988         3.0574        -1.6151
    102.5982         3.0574        -1.6151
    102.5976         3.0574        -1.6151
    102.5970         3.0573        -1.6151
    102.5966         3.0573        -1.6151
    102.5959         3.0573        -1.6151
    102.5955         3.0572        -1.6151
    102.5950         3.0572        -1.6151
    102.5946         3.0572        -1.6151
    102.5942         3.0571        -1.6151
    102.5936         3.0571        -1.6151
    102.5930         3.0571        -1.6151
    102.5925         3.0571        -1.6151
    102.5920         3.0570        -1.6151
    102.5913         3.0570        -1.6151
    102.5907         3.0570        -1.6151
    102.5902         3.0569        -1.6151
    102.5897         3.0569        -1.6151
    102.5893         3.0569        -1.6151
    102.5889         3.0569        -1.6151
    102.5885         3.0568        -1.6151
    102.5880         3.0568        -1.6151
    102.5874         3.0568        -1.6151
    102.5869         3.0567        -1.6151
    102.5865         3.0567        -1.6151
    102.5859         3.0567        -1.6151
    102.5853         3.0566        -1.6151
    102.5848         3.0566        -1.6151
    102.5842         3.0566        -1.6151
    102.5836         3.0566        -1.6151
    102.5830         3.0565        -1.6151
    102.5825         3.0565        -1.6151
    102.5820         3.0565        -1.6151
    102.5814         3.0564        -1.6151
    102.5810         3.0564        -1.6151
    102.5803         3.0564        -1.6264
    104.5476         3.0564        -1.6264
    104.5471         3.0563        -1.6264
    104.5466         3.0563        -1.6264
    104.5461         3.0563        -1.6264
    104.5456         3.0562        -1.6264
    104.5453         3.0562        -1.6264
    104.5448         3.0562        -1.6264
    104.5442         3.0562        -1.6264
    104.5436         3.0561        -1.6264
    104.5431         3.0561        -1.6264
    104.5425         3.0561        -1.6264
    104.5421         3.0560        -1.6264
    104.5415         3.0560        -1.6264
    104.5411         3.0560        -1.6264
    104.5406         3.0559        -1.6264
    104.5399         3.0559        -1.6264
    104.5396         3.0559        -1.6264
    104.5392         3.0559        -1.6264
    104.5387         3.0558        -1.6264
    104.5383         3.0558        -1.6264
    104.5377         3.0558        -1.6264
    104.5370         3.0557        -1.6264
    104.5366         3.0557        -1.6264
    104.5361         3.0557        -1.6264
    104.5355         3.0557        -1.6264
    104.5349         3.0556        -1.6264
    104.5344         3.0556        -1.6264
    104.5339         3.0556        -1.6264
    104.5335         3.0555        -1.6264
    104.5330         3.0555        -1.6264
    104.5323         3.0555        -1.6264
    104.5318         3.0555        -1.6264
    104.5312         3.0554        -1.6264
    104.5308         3.0554        -1.6264
    104.5301         3.0554        -1.6264
    104.5296         3.0553        -1.6264
    104.5292         3.0553        -1.6264
    104.5288         3.0553        -1.6264
    104.5282         3.0553        -1.6264
    104.5278         3.0552        -1.6264
    104.5272         3.0552        -1.6264
    104.5268         3.0552        -1.6264
    104.5263         3.0551        -1.6264
    104.5256         3.0551        -1.6264
    104.5252         3.0551        -1.6264
    104.5248         3.0551        -1.6264
    104.5242         3.0550        -1.6264
    104.5238         3.0550        -1.6264
    104.5232         3.0550        -1.6264
    104.5228         3.0549        -1.6373
    106.4342         3.0549        -1.6373
    106.4337         3.0549        -1.6373
    106.4331         3.0549        -1.6373
    106.4325         3.0548        -1.6373
    106.4321         3.0548        -1.6373
    106.4315         3.0548        -1.6373
    106.4308         3.0547        -1.6373
    106.4302         3.0547        -1.6373
    106.4296         3.0547        -1.6373
    106.4290         3.0547        -1.6373
    106.4283         3.0546        -1.6373
    106.4277         3.0546        -1.6373
    106.4271         3.0546        -1.6373
    106.4265         3.0545        -1.6373
    106.4261         3.0545        -1.6373
    106.4254         3.0545        -1.6373
    106.4249         3.0545        -1.6373
    106.4243         3.0544        -1.6373
    106.4239         3.0544        -1.6373
    106.4234         3.0544        -1.6373
    106.4229         3.0544        -1.6373
    106.4221         3.0543        -1.6373
    106.4216         3.0543        -1.6373
    106.4213         3.0543        -1.6373
    106.4208         3.0542        -1.6373
    106.4200         3.0542        -1.6373
    106.4195         3.0542        -1.6373
    106.4190         3.0542        -1.6373
    106.4184         3.0541        -1.6373
    106.4179         3.0541        -1.6373
    106.4174         3.0541        -1.6373
    106.4169         3.0540        -1.6373
    106.4164         3.0540        -1.6373
    106.4161         3.0540        -1.6373
    106.4156         3.0540        -1.6373
    106.4152         3.0539        -1.6373
    106.4147         3.0539        -1.6373
    106.4141         3.0539        -1.6373
    106.4136         3.0538        -1.6373
    106.4132         3.0538        -1.6373
    106.4127         3.0538        -1.6373
    106.4122         3.0538        -1.6373
    106.4114         3.0537        -1.6373
    106.4110         3.0537        -1.6373
    106.4105         3.0537        -1.6373
    106.4101         3.0537        -1.6373
    106.4096         3.0536        -1.6373
    106.4091         3.0536        -1.6373
    106.4086         3.0536        -1.6373
    106.4082         3.0535        -1.6480
    108.2657         3.0535        -1.6480
    108.2651         3.0535        -1.6480
    108.2645         3.0535        -1.6480
    108.2641         3.0534        -1.6480
    108.2637         3.0534        -1.6480
    108.2632         3.0534        -1.6480
    108.2627         3.0533        -1.6480
    108.2620         3.0533        -1.6480
    108.2614         3.0533        -1.6480
    108.2606         3.0533        -1.6480
    108.2600         3.0532        -1.6480
    108.2595         3.0532        -1.6480
    108.2590         3.0532        -1.6480
    108.2585         3.0532        -1.6480
    108.2580         3.0531        -1.6480
    108.2574         3.0531        -1.6480
    108.2569         3.0531        -1.6480
    108.2562         3.0530        -1.6480
    108.2557         3.0530        -1.6480
    108.2551         3.0530        -1.6480
    108.2544         3.0530        -1.6480
    108.2538         3.0529        -1.6480
    108.2532         3.0529        -1.6480
    108.2523         3.0529        -1.6480
    108.2519         3.0529        -1.6480
    108.2514         3.0528        -1.6480
    108.2508         3.0528        -1.6480
    108.2503         3.0528        -1.6480
    108.2498         3.0527        -1.6480
    108.2492         3.0527        -1.6480
    108.2487         3.0527        -1.6480
    108.2481         3.0527        -1.6480
    108.2477         3.0526        -1.6480
    108.2472         3.0526        -1.6480
    108.2468         3.0526        -1.6480
    108.2462         3.0526        -1.6480
    108.2457         3.0525        -1.6480
    108.2452         3.0525        -1.6480
    108.2445         3.0525        -1.6480
    108.2440         3.0524        -1.6480
    108.2436         3.0524        -1.6480
    108.2429         3.0524        -1.6480
    108.2422         3.0524        -1.6480
    108.2418         3.0523        -1.6480
    108.2414         3.0523        -1.6480
    108.2409         3.0523        -1.6480
    108.2403         3.0523        -1.6480
    108.2397         3.0522        -1.6480
    108.2391         3.0522        -1.6480
    108.2387         3.0522        -1.6583
    110.0260         3.0521        -1.6583
    110.0253         3.0521        -1.6583
    110.0248         3.0521        -1.6583
    110.0244         3.0521        -1.6583
    110.0238         3.0520        -1.6583
    110.0232         3.0520        -1.6583
    110.0226         3.0520        -1.6583
    110.0222         3.0520        -1.6583
    110.0217         3.0519        -1.6583
    110.0210         3.0519        -1.6583
    110.0205         3.0519        -1.6583
    110.0201         3.0519        -1.6583
    110.0195         3.0518        -1.6583
    110.0191         3.0518        -1.6583
    110.0186         3.0518        -1.6583
    110.0182         3.0517        -1.6583
    110.0177         3.0517        -1.6583
    110.0171         3.0517        -1.6583
    110.0167         3.0517        -1.6583
    110.0163         3.0516        -1.6583
    110.0158         3.0516        -1.6583
    110.0152         3.0516        -1.6583
    110.0146         3.0516        -1.6583
    110.0141         3.0515        -1.6583
    110.0137         3.0515        -1.6583
    110.0131         3.0515        -1.6583
    110.0123         3.0515        -1.6583
    110.0116         3.0514        -1.6583
    110.0112         3.0514        -1.6583
    110.0106         3.0514        -1.6583
    110.0100         3.0513        -1.6583
    110.0095         3.0513        -1.6583
    110.0092         3.0513        -1.6583
    110.0086         3.0513        -1.6583
    110.0080         3.0512        -1.6583
    110.0076         3.0512        -1.6583
    110.0070         3.0512        -1.6583
    110.0066         3.0512        -1.6583
    110.0059         3.0511        -1.6583
    110.0055         3.0511        -1.6583
    110.0047         3.0511        -1.6583
    110.0043         3.0511        -1.6583
    110.0038         3.0510        -1.6583
    110.0032         3.0510        -1.6583
    110.0026         3.0510        -1.6583
    110.0020         3.0510        -1.6583
    110.0015         3.0509        -1.6583
    110.0009         3.0509        -1.6583
    110.0003         3.0509        -1.6583
    109.9997         3.0508        -1.6683
    111.7035         3.0508        -1.6683
    111.7030         3.0508        -1.6683
    111.7025         3.0508        -1.6683
    111.7019         3.0507        -1.6683
    111.7013         3.0507        -1.6683
    111.7008         3.0507        -1.6683
    111.7001         3.0507        -1.6683
    111.6997         3.0506        -1.6683
    111.6990         3.0506        -1.6683
    111.6985         3.0506        -1.6683
    111.6981         3.0506        -1.6683
    111.6975         3.0505        -1.6683
    111.6969         3.0505        -1.6683
    111.6963         3.0505        -1.6683
    111.6957         3.0505        -1.6683
    111.6953         3.0504        -1.6683
    111.6949         3.0504        -1.6683
    111.6943         3.0504        -1.6683
    111.6937         3.0504        -1.6683
    111.6929         3.0503        -1.6683
    111.6923         3.0503        -1.6683
    111.6918         3.0503        -1.6683
    111.6913         3.0502        -1.6683
    111.6907         3.0502        -1.6683
    111.6903         3.0502        -1.6683
    111.6897         3.0502        -1.6683
    111.6892         3.0501        -1.6683
    111.6889         3.0501        -1.6683
    111.6886         3.0501        -1.6683
    111.6882         3.0501        -1.6683
    111.6875         3.0500        -1.6683
    111.6871         3.0500        -1.6683
    111.6866         3.0500        -1.6683
    111.6860         3.0500        -1.6683
    111.6854         3.0499        -1.6683
    111.6848         3.0499        -1.6683
    111.6842         3.0499        -1.6683
    111.6838         3.0499        -1.6683
    111.6833         3.0498        -1.6683
    111.6827         3.0498        -1.6683
    111.6823         3.0498        -1.6683
    111.6818         3.0498        -1.6683
    111.6812         3.0497        -1.6683
    111.6806         3.0497        -1.6683
    111.6799         3.0497        -1.6683
    111.6793         3.0497        -1.6683
    111.6790         3.0496        -1.6683
    111.6785         3.0496        -1.6683
    111.6778         3.0496        -1.6683
    111.6772         3.0496        -1.6781
    113.2930         3.0495        -1.6781
    113.2923         3.0495        -1.6781
    113.2917         3.0495        -1.6781
    113.2912         3.0495        -1.6781
    113.2906         3.0494        -1.6781
    113.2899         3.0494        -1.6781
    113.2894         3.0494        -1.6781
    113.2889         3.0494        -1.6781
    113.2885         3.0493        -1.6781
    113.2881         3.0493        -1.6781
    113.2876         3.0493        -1.6781
    113.2870         3.0492        -1.6781
    113.2863         3.0492        -1.6781
    113.2857         3.0492        -1.6781
    113.2853         3.0492        -1.6781
    113.2848         3.0491        -1.6781
    113.2842         3.0491        -1.6781
    113.2836         3.0491        -1.6781
    113.2830         3.0491        -1.6781
    113.2825         3.0490        -1.6781
    113.2819         3.0490        -1.6781
    113.2815         3.0490        -1.6781
    113.2810         3.0490        -1.6781
    113.2806         3.0489        -1.6781
    113.2800         3.0489        -1.6781
    113.2794         3.0489        -1.6781
    113.2789         3.0489        -1.6781
    113.2785         3.0488        -1.6781
    113.2778         3.0488        -1.6781
    113.2772         3.0488        -1.6781
    113.2768         3.0488        -1.6781
    113.2763         3.0487        -1.6781
    113.2759         3.0487        -1.6781
    113.2753         3.0487        -1.6781
    113.2749         3.0487        -1.6781
    113.2743         3.0486        -1.6781
    113.2739         3.0486        -1.6781
    113.2732         3.0486        -1.6781
    113.2727         3.0486        -1.6781
    113.2719         3.0485        -1.6781
    113.2715         3.0485        -1.6781
    113.2709         3.0485        -1.6781
    113.2705         3.0485        -1.6781
    113.2700         3.0484        -1.6781
    113.2693         3.0484        -1.6781
    113.2687         3.0484        -1.6781
    113.2682         3.0484        -1.6781
    113.2676         3.0483        -1.6781
    113.2671         3.0483        -1.6781
    113.2664         3.0483        -1.6878
    114.8215         3.0483        -1.6878
    114.8209         3.0482        -1.6878
    114.8204         3.0482        -1.6878
    114.8198         3.0482        -1.6878
    114.8194         3.0482        -1.6878
    114.8187         3.0481        -1.6878
    114.8183         3.0481        -1.6878
    114.8178         3.0481        -1.6878
    114.8173         3.0481        -1.6878
    114.8169         3.0480        -1.6878
    114.8162         3.0480        -1.6878
    114.8158         3.0480        -1.6878
    114.8154         3.0480        -1.6878
    114.8149         3.0480        -1.6878
    114.8144         3.0479        -1.6878
    114.8139         3.0479        -1.6878
    114.8134         3.0479        -1.6878
    114.8128         3.0479        -1.6878
    114.8122         3.0478        -1.6878
    114.8118         3.0478        -1.6878
    114.8112         3.0478        -1.6878
    114.8106         3.0478        -1.6878
    114.8103         3.0477        -1.6878
    114.8097         3.0477        -1.6878
    114.8092         3.0477        -1.6878
    114.8087         3.0477        -1.6878
    114.8082         3.0476        -1.6878
    114.8076         3.0476        -1.6878
    114.8069         3.0476        -1.6878
    114.8064         3.0476        -1.6878
    114.8058         3.0475        -1.6878
    114.8054         3.0475        -1.6878
    114.8047         3.0475        -1.6878
    114.8042         3.0475        -1.6878
    114.8037         3.0474        -1.6878
    114.8030         3.0474        -1.6878
    114.8025         3.0474        -1.6878
    114.8020         3.0474        -1.6878
    114.8015         3.0473        -1.6878
    114.8007         3.0473        -1.6878
    114.8001         3.0473        -1.6878
    114.7997         3.0473        -1.6878
    114.7993         3.0472        -1.6878
    114.7988         3.0472        -1.6878
    114.7985         3.0472        -1.6878
    114.7981         3.0472        -1.6878
    114.7975         3.0471        -1.6878
    114.7969         3.0471        -1.6878
    114.7963         3.0471        -1.6878
    114.7958         3.0471        -1.6973
    116.3287         3.0470        -1.6973
    116.3283         3.0470        -1.6973
    116.3278         3.0470        -1.6973
    116.3273         3.0470        -1.6973
    116.3268         3.0470        -1.6973
    116.3261         3.0469        -1.6973
    116.3255         3.0469        -1.6973
    116.3251         3.0469        -1.6973
    116.3246         3.0469        -1.6973
    116.3242         3.0468        -1.6973
    116.3237         3.0468        -1.6973
    116.3230         3.0468        -1.6973
    116.3225         3.0468        -1.6973
    116.3221         3.0467        -1.6973
    116.3216         3.0467        -1.6973
    116.3210         3.0467        -1.6973
    116.3203         3.0467        -1.6973
    116.3199         3.0466        -1.6973
    116.3193         3.0466        -1.6973
    116.3185         3.0466        -1.6973
    116.3179         3.0466        -1.6973
    116.3174         3.0465        -1.6973
    116.3166         3.0465        -1.6973
    116.3163         3.0465        -1.6973
    116.3157         3.0465        -1.6973
    116.3151         3.0465        -1.6973
    116.3146         3.0464        -1.6973
    116.3142         3.0464        -1.6973
    116.3137         3.0464        -1.6973
    116.3132         3.0464        -1.6973
    116.3126         3.0463        -1.6973
    116.3120         3.0463        -1.6973
    116.3113         3.0463        -1.6973
    116.3108         3.0463        -1.6973
    116.3102         3.0462        -1.6973
    116.3096         3.0462        -1.6973
    116.3091         3.0462        -1.6973
    116.3085         3.0462        -1.6973
    116.3078         3.0461        -1.6973
    116.3073         3.0461        -1.6973
    116.3068         3.0461        -1.6973
    116.3064         3.0461        -1.6973
    116.3060         3.0460        -1.6973
    116.3053         3.0460        -1.6973
    116.3047         3.0460        -1.6973
    116.3042         3.0460        -1.6973
    116.3038         3.0460        -1.6973
    116.3034         3.0459        -1.6973
    116.3028         3.0459        -1.6973
    116.3022         3.0459        -1.7067
    117.7682         3.0459        -1.7067
    117.7674         3.0458        -1.7067
    117.7668         3.0458        -1.7067
    117.7661         3.0458        -1.7067
    117.7657         3.0458        -1.7067
    117.7652         3.0457        -1.7067
    117.7648         3.0457        -1.7067
    117.7643         3.0457        -1.7067
    117.7637         3.0457        -1.7067
    117.7633         3.0456        -1.7067
    117.7625         3.0456        -1.7067
    117.7620         3.0456        -1.7067
    117.7614         3.0456        -1.7067
    117.7609         3.0456        -1.7067
    117.7603         3.0455        -1.7067
    117.7599         3.0455        -1.7067
    117.7592         3.0455        -1.7067
    117.7589         3.0455        -1.7067
    117.7584         3.0454        -1.7067
    117.7579         3.0454        -1.7067
    117.7573         3.0454        -1.7067
    117.7567         3.0454        -1.7067
    117.7561         3.0453        -1.7067
    117.7555         3.0453        -1.7067
    117.7550         3.0453        -1.7067
    117.7546         3.0453        -1.7067
    117.7539         3.0453        -1.7067
    117.7533         3.0452        -1.7067
    117.7527         3.0452        -1.7067
    117.7522         3.0452        -1.7067
    117.7518         3.0452        -1.7067
    117.7514         3.0451        -1.7067
    117.7510         3.0451        -1.7067
    117.7504         3.0451        -1.7067
    117.7499         3.0451        -1.7067
    117.7494         3.0450        -1.7067
    117.7490         3.0450        -1.7067
    117.7485         3.0450        -1.7067
    117.7479         3.0450        -1.7067
    117.7473         3.0450        -1.7067
    117.7469         3.0449        -1.7067
    117.7463         3.0449        -1.7067
    117.7458         3.0449        -1.7067
    117.7452         3.0449        -1.7067
    117.7448         3.0448        -1.7067
    117.7444         3.0448        -1.7067
    117.7439         3.0448        -1.7067
    117.7435         3.0448        -1.7067
    117.7431         3.0447        -1.7067
    117.7428         3.0447        -1.7157
    119.1242         3.0447        -1.7157
    119.1237         3.0447        -1.7157
    119.1232         3.0447        -1.7157
    119.1228         3.0446        -1.7157
    119.1222         3.0446        -1.7157
    119.1218         3.0446        -1.7157
    119.1214         3.0446        -1.7157
    119.1210         3.0445        -1.7157
    119.1203         3.0445        -1.7157
    119.1197         3.0445        -1.7157
    119.1190         3.0445        -1.7157
    119.1185         3.0445        -1.7157
    119.1180         3.0444        -1.7157
    119.1176         3.0444        -1.7157
    119.1171         3.0444        -1.7157
    119.1165         3.0444        -1.7157
    119.1159         3.0443        -1.7157
    119.1154         3.0443        -1.7157
    119.1147         3.0443        -1.7157
    119.1142         3.0443        -1.7157
    119.1136         3.0443        -1.7157
    119.1130         3.0442        -1.7157
    119.1127         3.0442        -1.7157
    119.1124         3.0442        -1.7157
    119.1118         3.0442        -1.7157
    119.1112         3.0441        -1.7157
    119.1105         3.0441        -1.7157
    119.1101         3.0441        -1.7157
    119.1096         3.0441        -1.7157
    119.1089         3.0440        -1.7157
    119.1082         3.0440        -1.7157
    119.1075         3.0440        -1.7157
    119.1071         3.0440        -1.7157
    119.1067         3.0440        -1.7157
    119.1060         3.0439        -1.7157
    119.1056         3.0439        -1.7157
    119.1051         3.0439        -1.7157
    119.1045         3.0439        -1.7157
    119.1040         3.0438        -1.7157
    119.1034         3.0438        -1.7157
    119.1028         3.0438        -1.7157
    119.1026         3.0438        -1.7157
    119.1021         3.0438        -1.7157
    119.1016         3.0437        -1.7157
    119.1010         3.0437        -1.7157
    119.1005         3.0437        -1.7157
    119.1001         3.0437        -1.7157
    119.0995         3.0436        -1.7157
    119.0990         3.0436        -1.7157
    119.0984         3.0436        -1.7246
    120.4384         3.0436        -1.7246
