        rmsthk      stdthk       rmsvel       stdvel       rmsdiv       stddiv       rmsusurf       stdusurf       vol
3.6497573853 18.2220668793 -23.6598205566 35.4155693054 0.0000000000 0.0000000000 13.9437055588 30.6557617188 13.7294826508
3.6359035969 18.1457080841 -23.6449413300 35.3881568909 0.0000000000 0.0000000000 13.9437055588 30.6557617188 13.7255525589
3.6226565838 18.0819892883 -23.6331443787 35.3617248535 0.0000000000 0.0000000000 13.9437055588 30.6557617188 13.7217969894
3.6096229553 18.0257320404 -23.6231327057 35.3388938904 0.0000000000 0.0000000000 13.9437055588 30.6557617188 13.7181005478
3.5966649055 17.9745044708 -23.6142082214 35.3179168701 0.0000000000 0.0000000000 13.9437055588 30.6557617188 13.7144279480
3.5837149620 17.9269886017 -23.6060562134 35.2981491089 0.0000000000 0.0000000000 13.9437055588 30.6557617188 13.7107543945
3.5707054138 17.8823699951 -23.5981845856 35.2793579102 0.0000000000 0.0000000000 13.9437055588 30.6557617188 13.7070665359
3.5575926304 17.8400573730 -23.5908565521 35.2611198425 0.0000000000 0.0000000000 13.9437055588 30.6557617188 13.7033472061
3.5443239212 17.7996845245 -23.5835304260 35.2431755066 0.0000000000 0.0000000000 13.9437055588 30.6557617188 13.6995849609
3.5308659077 17.7609901428 -23.5764141083 35.2254943848 0.0000000000 0.0000000000 13.9437055588 30.6557617188 13.6957683563
3.5172169209 17.7237491608 -23.5694828033 35.2078857422 0.0000000000 0.0000000000 13.9437055588 30.6557617188 13.6918992996
3.5033547878 17.6877899170 -23.5624580383 35.1903381348 0.0000000000 0.0000000000 13.9437055588 30.6557617188 13.6879673004
3.4892709255 17.6529960632 -23.5555667877 35.1728401184 0.0000000000 0.0000000000 13.9437055588 30.6557617188 13.6839742661
3.4749584198 17.6193008423 -23.5486488342 35.1552963257 0.0000000000 0.0000000000 13.9437055588 30.6557617188 13.6799173355
3.4604055882 17.5866203308 -23.5418319702 35.1377067566 0.0000000000 0.0000000000 13.9437055588 30.6557617188 13.6757907867
3.4456093311 17.5549030304 -23.5350284576 35.1201133728 0.0000000000 0.0000000000 13.9437055588 30.6557617188 13.6715936661
3.4305598736 17.5241298676 -23.5281314850 35.1022605896 0.0000000000 0.0000000000 13.9437055588 30.6557617188 13.6673259735
3.4152443409 17.4943027496 -23.5212326050 35.0844116211 0.0000000000 0.0000000000 13.9437055588 30.6557617188 13.6629838943
3.3996660709 17.4654216766 -23.5141868591 35.0660820007 0.0000000000 0.0000000000 13.9437055588 30.6557617188 13.6585645676
3.3838126659 17.4374866486 -23.5071754456 35.0479164124 0.0000000000 0.0000000000 13.9437055588 30.6557617188 13.6540699005
3.3676729202 17.4105014801 -23.5001296997 35.0292282104 0.0000000000 0.0000000000 13.9437055588 30.6557617188 13.6494941711
3.3512430191 17.3844776154 -23.4929637909 35.0105133057 0.0000000000 0.0000000000 13.9437055588 30.6557617188 13.6448335648
3.3345103264 17.3594379425 -23.4857349396 34.9915351868 0.0000000000 0.0000000000 13.9437055588 30.6557617188 13.6400890350
3.3174698353 17.3354053497 -23.4784412384 34.9722442627 0.0000000000 0.0000000000 13.9437055588 30.6557617188 13.6352577209
3.3001227379 17.3124122620 -23.4710826874 34.9529075623 0.0000000000 0.0000000000 13.9437055588 30.6557617188 13.6303367615
3.2824578285 17.2904777527 -23.4636554718 34.9332733154 0.0000000000 0.0000000000 13.9437055588 30.6557617188 13.6253299713
3.2644705772 17.2696399689 -23.4566001892 34.9133186340 0.0000000000 0.0000000000 13.9437055588 30.6557617188 13.6202297211
3.2461647987 17.2499256134 -23.4491024017 34.8931922913 0.0000000000 0.0000000000 13.9437055588 30.6557617188 13.6150407791
3.2275493145 17.2313766479 -23.4413852692 34.8728561401 0.0000000000 0.0000000000 13.9437055588 30.6557617188 13.6097612381
3.2086317539 17.2140254974 -23.4337387085 34.8521194458 0.0000000000 0.0000000000 13.9437055588 30.6557617188 13.6043958664
3.1894075871 17.1979141235 -23.4258804321 34.8312988281 0.0000000000 0.0000000000 13.9437055588 30.6557617188 13.5989456177
3.1698744297 17.1831035614 -23.4180068970 34.8101196289 0.0000000000 0.0000000000 13.9437055588 30.6557617188 13.5934066772
3.1500382423 17.1696548462 -23.4100952148 34.7888221741 0.0000000000 0.0000000000 13.9437055588 30.6557617188 13.5877819061
3.1298980713 17.1576042175 -23.4022121429 34.7673072815 0.0000000000 0.0000000000 13.9437055588 30.6557617188 13.5820693970
3.1094605923 17.1469802856 -23.3941173553 34.7453269958 0.0000000000 0.0000000000 13.9437055588 30.6557617188 13.5762758255
3.0887439251 17.1378116608 -23.3858680725 34.7233619690 0.0000000000 0.0000000000 13.9437055588 30.6557617188 13.5704011917
3.0677728653 17.1301555634 -23.3777446747 34.7010459900 0.0000000000 0.0000000000 13.9437055588 30.6557617188 13.5644550323
3.0465631485 17.1240463257 -23.3693637848 34.6785430908 0.0000000000 0.0000000000 13.9437055588 30.6557617188 13.5584402084
3.0251233578 17.1195220947 -23.3613014221 34.6555862427 0.0000000000 0.0000000000 13.9437055588 30.6557617188 13.5523614883
3.0034692287 17.1165904999 -23.3529224396 34.6326751709 0.0000000000 0.0000000000 13.9437055588 30.6557617188 13.5462198257
2.9816191196 17.1152706146 -23.3447551727 34.6093940735 0.0000000000 0.0000000000 13.9437055588 30.6557617188 13.5400228500
2.9595937729 17.1156082153 -23.3363304138 34.5861701965 0.0000000000 0.0000000000 13.9437055588 30.6557617188 13.5337791443
2.9373984337 17.1176662445 -23.3274326324 34.5624847412 0.0000000000 0.0000000000 13.9437055588 30.6557617188 13.5274858475
2.9150433540 17.1214904785 -23.3184909821 34.5386695862 0.0000000000 0.0000000000 13.9437055588 30.6557617188 13.5211477280
2.8925430775 17.1271171570 -23.3095703125 34.5146064758 0.0000000000 0.0000000000 13.9437055588 30.6557617188 13.5147666931
2.8699009418 17.1345844269 -23.3004112244 34.4901466370 0.0000000000 0.0000000000 13.9437055588 30.6557617188 13.5083456039
2.8471288681 17.1439247131 -23.2913455963 34.4657135010 0.0000000000 0.0000000000 13.9437055588 30.6557617188 13.5018882751
2.8242354393 17.1551780701 -23.2820358276 34.4410133362 0.0000000000 0.0000000000 13.9437055588 30.6557617188 13.4953966141
2.8012330532 17.1683654785 -23.2725963593 34.4161262512 0.0000000000 0.0000000000 13.9437055588 30.6557617188 13.4888734818
2.7781410217 17.1835002899 -23.2630901337 34.3909568787 0.0000000000 0.0000000000 13.9437055588 30.6557617188 13.4823255539
2.7362396717 17.1670856476 -16.3907318115 33.6570014954 0.0000000000 0.0000000000 13.9437055588 30.6557617188 13.4704437256
2.6938018799 17.1541366577 -16.3930473328 33.6209754944 0.0000000000 0.0000000000 13.9437055588 30.6557617188 13.4584121704
2.6510326862 17.1441879272 -16.3950862885 33.5845108032 0.0000000000 0.0000000000 13.9437055588 30.6557617188 13.4462823868
2.6080379486 17.1369800568 -16.3967857361 33.5479469299 0.0000000000 0.0000000000 13.9437055588 30.6557617188 13.4340915680
2.5648627281 17.1324024200 -16.3984470367 33.5111846924 0.0000000000 0.0000000000 13.9437055588 30.6557617188 13.4218482971
2.5215370655 17.1303749084 -16.3999233246 33.4745712280 0.0000000000 0.0000000000 13.9437055588 30.6557617188 13.4095640182
2.4781029224 17.1308174133 -16.4044723511 33.4362068176 0.0000000000 0.0000000000 13.9437055588 30.6557617188 13.3972482681
2.4345092773 17.1337947845 -16.4034423828 33.4007110596 0.0000000000 0.0000000000 13.9437055588 30.6557617188 13.3848848343
2.3908107281 17.1392269135 -16.4042892456 33.3633232117 0.0000000000 0.0000000000 13.9437055588 30.6557617188 13.3724946976
2.3470840454 17.1470470428 -16.4134330750 33.3190345764 0.0000000000 0.0000000000 13.9437055588 30.6557617188 13.3600959778
2.3032164574 17.1573905945 -16.4098472595 33.2859992981 0.0000000000 0.0000000000 13.9437055588 30.6557617188 13.3476562500
2.2592597008 17.1702232361 -16.4074764252 33.2507324219 0.0000000000 0.0000000000 13.9437055588 30.6557617188 13.3351917267
2.2153162956 17.1854076385 -16.4162178040 33.2058601379 0.0000000000 0.0000000000 13.9437055588 30.6557617188 13.3227329254
2.1712598801 17.2031211853 -16.4121417999 33.1723175049 0.0000000000 0.0000000000 13.9437055588 30.6557617188 13.3102388382
2.1271686554 17.2233142853 -16.4114532471 33.1352043152 0.0000000000 0.0000000000 13.9437055588 30.6557617188 13.2977371216
2.0830712318 17.2459735870 -16.4141025543 33.0930480957 0.0000000000 0.0000000000 13.9437055588 30.6557617188 13.2852325439
2.0389549732 17.2711086273 -16.4156551361 33.0559120178 0.0000000000 0.0000000000 13.9437055588 30.6557617188 13.2727222443
1.9948371649 17.2987537384 -16.4149608612 33.0162467957 0.0000000000 0.0000000000 13.9437055588 30.6557617188 13.2602119446
1.9507273436 17.3288631439 -16.4161472321 32.9787445068 0.0000000000 0.0000000000 13.9437055588 30.6557617188 13.2477054596
1.9066342115 17.3614940643 -16.4153938293 32.9383811951 0.0000000000 0.0000000000 13.9437055588 30.6557617188 13.2352018356
1.8625744581 17.3965854645 -16.4163894653 32.9006690979 0.0000000000 0.0000000000 13.9437055588 30.6557617188 13.2227096558
1.8185613155 17.4342060089 -16.4145202637 32.8603706360 0.0000000000 0.0000000000 13.9437055588 30.6557617188 13.2102289200
1.7746019363 17.4743194580 -16.4154281616 32.8225555420 0.0000000000 0.0000000000 13.9437055588 30.6557617188 13.1977624893
1.7307133675 17.5169677734 -16.4132728577 32.7819786072 0.0000000000 0.0000000000 13.9437055588 30.6557617188 13.1853179932
1.6869189739 17.5620861053 -16.4149131775 32.7436408997 0.0000000000 0.0000000000 13.9437055588 30.6557617188 13.1728992462
1.6432405710 17.6097011566 -16.4145622253 32.7020988464 0.0000000000 0.0000000000 13.9437055588 30.6557617188 13.1605148315
1.5996924639 17.6597728729 -16.4174900055 32.6624488831 0.0000000000 0.0000000000 13.9437055588 30.6557617188 13.1481647491
1.5562897921 17.7123126984 -16.4197273254 32.6204910278 0.0000000000 0.0000000000 13.9437055588 30.6557617188 13.1358575821
1.5130846500 17.7672824860 -16.4266719818 32.5754966736 0.0000000000 0.0000000000 13.9437055588 30.6557617188 13.1236076355
1.4699918032 17.8247661591 -16.4241371155 32.5397338867 0.0000000000 0.0000000000 13.9437055588 30.6557617188 13.1113872528
1.4270598888 17.8847236633 -16.4256439209 32.5011787415 0.0000000000 0.0000000000 13.9437055588 30.6557617188 13.0992145538
1.3844212294 17.9469890594 -16.4373149872 32.4521865845 0.0000000000 0.0000000000 13.9437055588 30.6557617188 13.0871238708
1.3419032097 18.0117378235 -16.4359855652 32.4200477600 0.0000000000 0.0000000000 13.9437055588 30.6557617188 13.0750656128
1.2996797562 18.0788650513 -16.4471549988 32.3698654175 0.0000000000 0.0000000000 13.9437055588 30.6557617188 13.0630931854
1.2576045990 18.1484832764 -16.4466724396 32.3297576904 0.0000000000 0.0000000000 13.9437055588 30.6557617188 13.0511627197
1.2157397270 18.2205333710 -16.4456768036 32.2892875671 0.0000000000 0.0000000000 13.9437055588 30.6557617188 13.0392913818
1.1740710735 18.2950439453 -16.4438056946 32.2492904663 0.0000000000 0.0000000000 13.9437055588 30.6557617188 13.0274763107
1.1326776743 18.3719310760 -16.4492225647 32.2055816650 0.0000000000 0.0000000000 13.9437055588 30.6557617188 13.0157384872
1.0915876627 18.4511623383 -16.4596271515 32.1612205505 0.0000000000 0.0000000000 13.9437055588 30.6557617188 13.0040864944
1.0508248806 18.5327072144 -16.4751472473 32.1152687073 0.0000000000 0.0000000000 13.9437055588 30.6557617188 12.9925279617
1.0104181767 18.6165084839 -16.4821147919 32.0686874390 0.0000000000 0.0000000000 13.9437055588 30.6557617188 12.9810695648
0.9702694416 18.7026290894 -16.4870719910 32.0302963257 0.0000000000 0.0000000000 13.9437055588 30.6557617188 12.9696855545
0.9304944873 18.7909927368 -16.4986763000 31.9785404205 0.0000000000 0.0000000000 13.9437055588 30.6557617188 12.9584074020
0.8910905719 18.8815536499 -16.5079250336 31.9338874817 0.0000000000 0.0000000000 13.9437055588 30.6557617188 12.9472341537
0.8519396782 18.9743919373 -16.5096893311 31.8937797546 0.0000000000 0.0000000000 13.9437055588 30.6557617188 12.9361314774
0.8132006526 19.0693206787 -16.5291385651 31.8453292847 0.0000000000 0.0000000000 13.9437055588 30.6557617188 12.9251470566
0.7746965885 19.1664657593 -16.5301647186 31.8078289032 0.0000000000 0.0000000000 13.9437055588 30.6557617188 12.9142303467
0.7367649674 19.2655200958 -16.5499858856 31.7528362274 0.0000000000 0.0000000000 13.9437055588 30.6557617188 12.9034748077
0.6991040111 19.3667259216 -16.5616512299 31.7109088898 0.0000000000 0.0000000000 13.9437055588 30.6557617188 12.8927946091
0.6618339419 19.4699726105 -16.5697059631 31.6669845581 0.0000000000 0.0000000000 13.9437055588 30.6557617188 12.8822259903
0.6447411776 19.5584182739 -17.8447322845 30.9672794342 0.0000000000 0.0000000000 13.9437055588 30.6557617188 12.8773784637
0.6272608042 19.6497325897 -17.8589172363 30.9186019897 0.0000000000 0.0000000000 13.9437055588 30.6557617188 12.8724222183
0.6094178557 19.7437057495 -17.8468761444 30.8871574402 0.0000000000 0.0000000000 13.9437055588 30.6557617188 12.8673629761
0.5914775729 19.8399887085 -17.8388023376 30.8489494324 0.0000000000 0.0000000000 13.9437055588 30.6557617188 12.8622770309
0.5734835267 19.9385280609 -17.8403415680 30.8033065796 0.0000000000 0.0000000000 13.9437055588 30.6557617188 12.8571729660
0.5555596352 20.0391101837 -17.8362464905 30.7605972290 0.0000000000 0.0000000000 13.9437055588 30.6557617188 12.8520908356
0.5375612378 20.1418361664 -17.8209896088 30.7333488464 0.0000000000 0.0000000000 13.9437055588 30.6557617188 12.8469886780
0.5197122097 20.2465133667 -17.8322563171 30.6799774170 0.0000000000 0.0000000000 13.9437055588 30.6557617188 12.8419265747
0.5018096566 20.3532772064 -17.8285522461 30.6423854828 0.0000000000 0.0000000000 13.9437055588 30.6557617188 12.8368492126
0.4839027822 20.4619903564 -17.8076839447 30.6123390198 0.0000000000 0.0000000000 13.9437055588 30.6557617188 12.8317728043
0.4661523700 20.5726280212 -17.8195915222 30.5564079285 0.0000000000 0.0000000000 13.9437055588 30.6557617188 12.8267393112
0.4484015405 20.6850376129 -17.7965049744 30.5337142944 0.0000000000 0.0000000000 13.9437055588 30.6557617188 12.8217048645
0.4307307005 20.7993106842 -17.8023777008 30.4832744598 0.0000000000 0.0000000000 13.9437055588 30.6557617188 12.8166952133
0.4132595360 20.9152507782 -17.8008117676 30.4408683777 0.0000000000 0.0000000000 13.9437055588 30.6557617188 12.8117408752
0.3959211409 21.0328540802 -17.8004512787 30.3925685883 0.0000000000 0.0000000000 13.9437055588 30.6557617188 12.8068237305
0.3787231147 21.1520309448 -17.7942905426 30.3584976196 0.0000000000 0.0000000000 13.9437055588 30.6557617188 12.8019475937
0.3617224693 21.2727394104 -17.8077392578 30.3090877533 0.0000000000 0.0000000000 13.9437055588 30.6557617188 12.7971267700
0.3448829949 21.3950176239 -17.7942771912 30.2781772614 0.0000000000 0.0000000000 13.9437055588 30.6557617188 12.7923526764
0.3282132447 21.5186347961 -17.7929401398 30.2332477570 0.0000000000 0.0000000000 13.9437055588 30.6557617188 12.7876253128
0.3117066622 21.6437759399 -17.7818737030 30.1990337372 0.0000000000 0.0000000000 13.9437055588 30.6557617188 12.7829456329
0.2954166532 21.7702140808 -17.7806797028 30.1533527374 0.0000000000 0.0000000000 13.9437055588 30.6557617188 12.7783250809
0.2792181373 21.8980159760 -17.7624206543 30.1272048950 0.0000000000 0.0000000000 13.9437055588 30.6557617188 12.7737302780
0.2632985115 22.0270328522 -17.7747650146 30.0753288269 0.0000000000 0.0000000000 13.9437055588 30.6557617188 12.7692184448
0.2474553734 22.1573581696 -17.7511920929 30.0518741608 0.0000000000 0.0000000000 13.9437055588 30.6557617188 12.7647266388
0.2319328934 22.2888107300 -17.7587089539 29.9983673096 0.0000000000 0.0000000000 13.9437055588 30.6557617188 12.7603244781
0.2165474445 22.4215259552 -17.7376613617 29.9714241028 0.0000000000 0.0000000000 13.9437055588 30.6557617188 12.7559604645
0.2014730573 22.5552406311 -17.7500228882 29.9158325195 0.0000000000 0.0000000000 13.9437055588 30.6557617188 12.7516841888
0.1864639223 22.6901187897 -17.7277793884 29.8914890289 0.0000000000 0.0000000000 13.9437055588 30.6557617188 12.7474308014
0.1718018204 22.8259811401 -17.7285537720 29.8447647095 0.0000000000 0.0000000000 13.9437055588 30.6557617188 12.7432727814
0.1572422683 22.9628620148 -17.7152652740 29.8099803925 0.0000000000 0.0000000000 13.9437055588 30.6557617188 12.7391433716
0.1429268867 23.1005420685 -17.7132110596 29.7707920074 0.0000000000 0.0000000000 13.9437055588 30.6557617188 12.7350845337
0.1289745420 23.2392902374 -17.7137336731 29.7284622192 0.0000000000 0.0000000000 13.9437055588 30.6557617188 12.7311286926
0.1151802018 23.3787631989 -17.7111415863 29.6864929199 0.0000000000 0.0000000000 13.9437055588 30.6557617188 12.7272167206
0.1017259657 23.5191307068 -17.7017974854 29.6537933350 0.0000000000 0.0000000000 13.9437055588 30.6557617188 12.7234029770
0.0885808095 23.6602363586 -17.7091197968 29.6028842926 0.0000000000 0.0000000000 13.9437055588 30.6557617188 12.7196731567
0.0756670013 23.8022289276 -17.7016792297 29.5677318573 0.0000000000 0.0000000000 13.9437055588 30.6557617188 12.7160129547
0.0631726980 23.9448719025 -17.7071895599 29.5193881989 0.0000000000 0.0000000000 13.9437055588 30.6557617188 12.7124691010
0.0506784320 24.0883731842 -17.6727199554 29.5009136200 0.0000000000 0.0000000000 13.9437055588 30.6557617188 12.7089262009
0.0386624448 24.2324981689 -17.6955165863 29.4432086945 0.0000000000 0.0000000000 13.9437055588 30.6557617188 12.7055196762
0.0267114770 24.3773555756 -17.6622657776 29.4241886139 0.0000000000 0.0000000000 13.9437055588 30.6557617188 12.7021312714
0.0151041904 24.5228404999 -17.6707973480 29.3758926392 0.0000000000 0.0000000000 13.9437055588 30.6557617188 12.6988401413
0.0037161619 24.6688899994 -17.6492214203 29.3522586823 0.0000000000 0.0000000000 13.9437055588 30.6557617188 12.6956081390
-0.0071629393 24.8156013489 -17.6732749939 29.2895412445 0.0000000000 0.0000000000 13.9437055588 30.6557617188 12.6925249100
-0.0180754457 24.9628314972 -17.6276836395 29.2852687836 0.0000000000 0.0000000000 13.9437055588 30.6557617188 12.6894311905
-0.0284597408 25.1105766296 -17.6517181396 29.2212219238 0.0000000000 0.0000000000 13.9437055588 30.6557617188 12.6864862442
-0.0385951586 25.2588863373 -17.6389636993 29.1917743683 0.0000000000 0.0000000000 13.9437055588 30.6557617188 12.6836118698
-0.0485010110 25.4074802399 -17.6387081146 29.1508827209 0.0000000000 0.0000000000 13.9437055588 30.6557617188 12.6808032990
-0.0581813976 25.5565147400 -17.6173858643 29.1306686401 0.0000000000 0.0000000000 13.9437055588 30.6557617188 12.6780586243
-0.0672956035 25.7059288025 -17.6444454193 29.0668964386 0.0000000000 0.0000000000 13.9437055588 30.6557617188 12.6754732132
-0.0762572661 25.8556709290 -17.6162776947 29.0524463654 0.0000000000 0.0000000000 13.9437055588 30.6557617188 12.6729326248
-0.0578842834 25.9711532593 -18.4813747406 27.8119659424 0.0000000000 0.0000000000 13.9437055588 30.6557617188 12.6781425476
-0.0394208767 26.0883216858 -18.4518299103 27.7946872711 0.0000000000 0.0000000000 13.9437055588 30.6557617188 12.6833772659
-0.0207037721 26.2063713074 -18.4301166534 27.7592887878 0.0000000000 0.0000000000 13.9437055588 30.6557617188 12.6886854172
-0.0019548298 26.3255634308 -18.4049873352 27.7411308289 0.0000000000 0.0000000000 13.9437055588 30.6557617188 12.6940011978
0.0169251710 26.4456081390 -18.3869094849 27.7020416260 0.0000000000 0.0000000000 13.9437055588 30.6557617188 12.6993551254
0.0358320028 26.5665454865 -18.3595104218 27.6803760529 0.0000000000 0.0000000000 13.9437055588 30.6557617188 12.7047176361
0.0547728054 26.6882324219 -18.3395767212 27.6484699249 0.0000000000 0.0000000000 13.9437055588 30.6557617188 12.7100868225
0.0737006962 26.8107795715 -18.3067131042 27.6278572083 0.0000000000 0.0000000000 13.9437055588 30.6557617188 12.7154569626
0.0927881971 26.9339485168 -18.2998752594 27.5877189636 0.0000000000 0.0000000000 13.9437055588 30.6557617188 12.7208671570
0.1116181761 27.0580902100 -18.2578296661 27.5764236450 0.0000000000 0.0000000000 13.9437055588 30.6557617188 12.7262067795
0.1306479126 27.1827259064 -18.2463626862 27.5356616974 0.0000000000 0.0000000000 13.9437055588 30.6557617188 12.7316026688
0.1494828314 27.3082485199 -18.2140541077 27.5152359009 0.0000000000 0.0000000000 13.9437055588 30.6557617188 12.7369451523
0.1683424562 27.4342384338 -18.1989727020 27.4859714508 0.0000000000 0.0000000000 13.9437055588 30.6557617188 12.7422924042
0.1869442165 27.5611553192 -18.1566600800 27.4709339142 0.0000000000 0.0000000000 13.9437055588 30.6557617188 12.7475662231
0.2058416456 27.6884346008 -18.1622638702 27.4233837128 0.0000000000 0.0000000000 13.9437055588 30.6557617188 12.7529249191
0.2242704630 27.8165721893 -18.1158027649 27.4149360657 0.0000000000 0.0000000000 13.9437055588 30.6557617188 12.7581501007
0.2427841276 27.9450950623 -18.1028060913 27.3812999725 0.0000000000 0.0000000000 13.9437055588 30.6557617188 12.7633991241
0.2611627877 28.0743465424 -18.0722064972 27.3598880768 0.0000000000 0.0000000000 13.9437055588 30.6557617188 12.7686109543
0.2796061933 28.2039165497 -18.0615978241 27.3269844055 0.0000000000 0.0000000000 13.9437055588 30.6557617188 12.7738409042
0.2977746129 28.3341693878 -18.0258312225 27.3096523285 0.0000000000 0.0000000000 13.9437055588 30.6557617188 12.7789926529
0.3161558807 28.4646072388 -18.0219707489 27.2717227936 0.0000000000 0.0000000000 13.9437055588 30.6557617188 12.7842054367
0.3341992199 28.5956020355 -17.9803428650 27.2627639771 0.0000000000 0.0000000000 13.9437055588 30.6557617188 12.7893228531
0.3524287939 28.7267913818 -17.9805221558 27.2257080078 0.0000000000 0.0000000000 13.9437055588 30.6557617188 12.7944908142
0.3704973161 28.8583965302 -17.9520092010 27.2057704926 0.0000000000 0.0000000000 13.9437055588 30.6557617188 12.7996139526
0.3886349499 28.9901638031 -17.9381351471 27.1731510162 0.0000000000 0.0000000000 13.9437055588 30.6557617188 12.8047571182
0.4065339565 29.1223087311 -17.9006595612 27.1615219116 0.0000000000 0.0000000000 13.9437055588 30.6557617188 12.8098335266
0.4246293604 29.2545394897 -17.9042778015 27.1160335541 0.0000000000 0.0000000000 13.9437055588 30.6557617188 12.8149633408
0.4424492717 29.3871269226 -17.8610210419 27.1095390320 0.0000000000 0.0000000000 13.9437055588 30.6557617188 12.8200187683
0.4603934288 29.5196743011 -17.8628540039 27.0677108765 0.0000000000 0.0000000000 13.9437055588 30.6557617188 12.8251066208
0.4781717062 29.6525840759 -17.8242473602 27.0554924011 0.0000000000 0.0000000000 13.9437055588 30.6557617188 12.8301467896
0.4959488511 29.7854042053 -17.8096847534 27.0266914368 0.0000000000 0.0000000000 13.9437055588 30.6557617188 12.8351879120
0.5135381222 29.9185867310 -17.7793998718 27.0102844238 0.0000000000 0.0000000000 13.9437055588 30.6557617188 12.8401746750
0.5312162042 30.0516738892 -17.7781524658 26.9715633392 0.0000000000 0.0000000000 13.9437055588 30.6557617188 12.8451871872
0.5486670732 30.1851043701 -17.7364234924 26.9625225067 0.0000000000 0.0000000000 13.9437055588 30.6557617188 12.8501358032
0.5661220551 30.3183441162 -17.7304897308 26.9259262085 0.0000000000 0.0000000000 13.9437055588 30.6557617188 12.8550853729
0.5835468769 30.4519367218 -17.7107887268 26.9026298523 0.0000000000 0.0000000000 13.9437055588 30.6557617188 12.8600254059
0.6008597016 30.5853252411 -17.6999511719 26.8786411285 0.0000000000 0.0000000000 13.9437055588 30.6557617188 12.8649358749
0.6179791689 30.7190284729 -17.6576461792 26.8672752380 0.0000000000 0.0000000000 13.9437055588 30.6557617188 12.8697900772
0.6351758838 30.8525123596 -17.6604728699 26.8263568878 0.0000000000 0.0000000000 13.9437055588 30.6557617188 12.8746662140
0.6522930264 30.9862747192 -17.6217498779 26.8154392242 0.0000000000 0.0000000000 13.9437055588 30.6557617188 12.8795194626
0.6694102287 31.1198177338 -17.6262912750 26.7800960541 0.0000000000 0.0000000000 13.9437055588 30.6557617188 12.8843736649
0.6863546371 31.2535018921 -17.5866737366 26.7697505951 0.0000000000 0.0000000000 13.9437055588 30.6557617188 12.8891792297
0.7032710314 31.3869285583 -17.5814151764 26.7372951508 0.0000000000 0.0000000000 13.9437055588 30.6557617188 12.8939762115
0.7201869488 31.5205631256 -17.5510387421 26.7209796906 0.0000000000 0.0000000000 13.9437055588 30.6557617188 12.8987741470
0.7370659113 31.6539039612 -17.5539379120 26.6828060150 0.0000000000 0.0000000000 13.9437055588 30.6557617188 12.9035587311
0.7537636757 31.7873210907 -17.5089263916 26.6789665222 0.0000000000 0.0000000000 13.9437055588 30.6557617188 12.9082937241
0.7705162764 31.9205150604 -17.5145721436 26.6375885010 0.0000000000 0.0000000000 13.9437055588 30.6557617188 12.9130420685
0.7871675491 32.0536460876 -17.4743633270 26.6288795471 0.0000000000 0.0000000000 13.9437055588 30.6557617188 12.9177646637
0.8037904501 32.1864585876 -17.4763393402 26.5940780640 0.0000000000 0.0000000000 13.9437055588 30.6557617188 12.9224777222
0.8203476071 32.3192405701 -17.4416217804 26.5829715729 0.0000000000 0.0000000000 13.9437055588 30.6557617188 12.9271736145
0.8079254627 32.3829307556 -15.6182498932 24.7587833405 0.0000000000 0.0000000000 13.9437055588 30.6557617188 12.9236516953
0.7961995602 32.4496421814 -15.5801658630 24.7653541565 0.0000000000 0.0000000000 13.9437055588 30.6557617188 12.9203271866
0.7859091163 32.5182571411 -15.6043987274 24.7332077026 0.0000000000 0.0000000000 13.9437055588 30.6557617188 12.9174089432
0.7765540481 32.5892562866 -15.5788059235 24.7291831970 0.0000000000 0.0000000000 13.9437055588 30.6557617188 12.9147567749
0.7684536576 32.6619071960 -15.6041574478 24.6987762451 0.0000000000 0.0000000000 13.9437055588 30.6557617188 12.9124593735
0.7610769272 32.7363739014 -15.5801954269 24.6976795197 0.0000000000 0.0000000000 13.9437055588 30.6557617188 12.9103670120
0.7547379136 32.8121109009 -15.5969667435 24.6696815491 0.0000000000 0.0000000000 13.9437055588 30.6557617188 12.9085683823
0.7491407394 32.8894577026 -15.5748491287 24.6661777496 0.0000000000 0.0000000000 13.9437055588 30.6557617188 12.9069824219
0.7444396019 32.9677314758 -15.5854225159 24.6392250061 0.0000000000 0.0000000000 13.9437055588 30.6557617188 12.9056501389
0.7403718829 33.0474357605 -15.5729293823 24.6307811737 0.0000000000 0.0000000000 13.9437055588 30.6557617188 12.9044961929
0.7370150685 33.1278991699 -15.5793657303 24.6064434052 0.0000000000 0.0000000000 13.9437055588 30.6557617188 12.9035434723
0.7342613339 33.2095985413 -15.5660409927 24.5971012115 0.0000000000 0.0000000000 13.9437055588 30.6557617188 12.9027633667
0.7321894169 33.2919006348 -15.5780668259 24.5657730103 0.0000000000 0.0000000000 13.9437055588 30.6557617188 12.9021749496
0.7304486632 33.3753013611 -15.5511884689 24.5681877136 0.0000000000 0.0000000000 13.9437055588 30.6557617188 12.9016809464
0.7294088602 33.4591445923 -15.5704212189 24.5334892273 0.0000000000 0.0000000000 13.9437055588 30.6557617188 12.9013872147
0.7286787033 33.5439414978 -15.5474309921 24.5280647278 0.0000000000 0.0000000000 13.9437055588 30.6557617188 12.9011812210
0.7284522653 33.6290245056 -15.5597238541 24.5010051727 0.0000000000 0.0000000000 13.9437055588 30.6557617188 12.9011163712
0.7284806371 33.7149963379 -15.5377025604 24.4955215454 0.0000000000 0.0000000000 13.9437055588 30.6557617188 12.9011240005
0.7288919091 33.8011894226 -15.5471649170 24.4653224945 0.0000000000 0.0000000000 13.9437055588 30.6557617188 12.9012393951
0.7293869257 33.8880882263 -15.5174961090 24.4700870514 0.0000000000 0.0000000000 13.9437055588 30.6557617188 12.9013824463
0.7304258943 33.9751892090 -15.5408906937 24.4298782349 0.0000000000 0.0000000000 13.9437055588 30.6557617188 12.9016752243
0.7314983606 34.0629348755 -15.5148649216 24.4284667969 0.0000000000 0.0000000000 13.9437055588 30.6557617188 12.9019804001
0.7329746485 34.1507949829 -15.5290260315 24.3962516785 0.0000000000 0.0000000000 13.9437055588 30.6557617188 12.9023990631
0.7344174981 34.2392044067 -15.4998703003 24.4005146027 0.0000000000 0.0000000000 13.9437055588 30.6557617188 12.9028072357
0.7363966107 34.3276939392 -15.5270566940 24.3528938293 0.0000000000 0.0000000000 13.9437055588 30.6557617188 12.9033699036
0.7382162213 34.4165954590 -15.4920129776 24.3647251129 0.0000000000 0.0000000000 13.9437055588 30.6557617188 12.9038848877
0.7404900789 34.5055007935 -15.5045452118 24.3260231018 0.0000000000 0.0000000000 13.9437055588 30.6557617188 12.9045295715
0.7426491380 34.5948066711 -15.4808797836 24.3299045563 0.0000000000 0.0000000000 13.9437055588 30.6557617188 12.9051408768
0.7452930212 34.6840553284 -15.4996728897 24.2874889374 0.0000000000 0.0000000000 13.9437055588 30.6557617188 12.9058933258
0.7477933764 34.7736358643 -15.4693975449 24.2963428497 0.0000000000 0.0000000000 13.9437055588 30.6557617188 12.9066019058
0.7507077456 34.8631172180 -15.4910249710 24.2525691986 0.0000000000 0.0000000000 13.9437055588 30.6557617188 12.9074277878
0.7534365058 34.9528160095 -15.4548234940 24.2646045685 0.0000000000 0.0000000000 13.9437055588 30.6557617188 12.9082012177
0.7566049099 35.0423812866 -15.4728145599 24.2225093842 0.0000000000 0.0000000000 13.9437055588 30.6557617188 12.9090995789
0.7597159147 35.1321640015 -15.4575300217 24.2186698914 0.0000000000 0.0000000000 13.9437055588 30.6557617188 12.9099817276
0.7629370093 35.2216110229 -15.4485483170 24.2001991272 0.0000000000 0.0000000000 13.9437055588 30.6557617188 12.9108943939
0.7661769390 35.3112220764 -15.4356451035 24.1963672638 0.0000000000 0.0000000000 13.9437055588 30.6557617188 12.9118146896
0.7696893811 35.4004936218 -15.4497013092 24.1613159180 0.0000000000 0.0000000000 13.9437055588 30.6557617188 12.9128103256
0.7730615139 35.4898605347 -15.4220533371 24.1644496918 0.0000000000 0.0000000000 13.9437055588 30.6557617188 12.9137668610
0.7767576575 35.5788688660 -15.4398746490 24.1280899048 0.0000000000 0.0000000000 13.9437055588 30.6557617188 12.9148139954
0.7801872492 35.6678657532 -15.4003877640 24.1376762390 0.0000000000 0.0000000000 13.9437055588 30.6557617188 12.9157867432
0.7838692069 35.7564125061 -15.4178142548 24.1060047150 0.0000000000 0.0000000000 13.9437055588 30.6557617188 12.9168310165
0.7875843048 35.8449440002 -15.4044523239 24.0940837860 0.0000000000 0.0000000000 13.9437055588 30.6557617188 12.9178838730
0.7912763953 35.9329452515 -15.4012737274 24.0782833099 0.0000000000 0.0000000000 13.9437055588 30.6557617188 12.9189310074
0.7949169278 36.0208473206 -15.3803911209 24.0731124878 0.0000000000 0.0000000000 13.9437055588 30.6557617188 12.9199628830
0.7987833023 36.1081771851 -15.3973903656 24.0419292450 0.0000000000 0.0000000000 13.9437055588 30.6557617188 12.9210577011
0.8024930358 36.1953887939 -15.3733453751 24.0410537720 0.0000000000 0.0000000000 13.9437055588 30.6557617188 12.9221105576
0.8063843846 36.2819786072 -15.3824434280 24.0130176544 0.0000000000 0.0000000000 13.9437055588 30.6557617188 12.9232158661
0.8101282120 36.3683662415 -15.3548393250 24.0161666870 0.0000000000 0.0000000000 13.9437055588 30.6557617188 12.9242773056
0.8140398264 36.4541130066 -15.3678045273 23.9870300293 0.0000000000 0.0000000000 13.9437055588 30.6557617188 12.9253864288
0.8178861141 36.5396270752 -15.3495836258 23.9805068970 0.0000000000 0.0000000000 13.9437055588 30.6557617188 12.9264764786
0.7650812864 36.5033760071 -12.9458436966 22.1592292786 0.0000000000 0.0000000000 13.9437055588 30.6557617188 12.9115018845
0.7112420797 36.4695243835 -12.9254665375 22.1728916168 0.0000000000 0.0000000000 13.9437055588 30.6557617188 12.8962364197
0.6585552096 36.4372711182 -12.9710693359 22.1560287476 0.0000000000 0.0000000000 13.9437055588 30.6557617188 12.8812961578
0.6070824265 36.4083290100 -12.9767522812 22.1699123383 0.0000000000 0.0000000000 13.9437055588 30.6557617188 12.8667011261
0.5571888089 36.3814888000 -13.0543498993 22.1357440948 0.0000000000 0.0000000000 13.9437055588 30.6557617188 12.8525524139
0.5083703399 36.3573379517 -13.0502462387 22.1567668915 0.0000000000 0.0000000000 13.9437055588 30.6557617188 12.8387098312
0.4609380066 36.3349456787 -13.1160898209 22.1361656189 0.0000000000 0.0000000000 13.9437055588 30.6557617188 12.8252611160
0.4148841202 36.3156204224 -13.1271286011 22.1391620636 0.0000000000 0.0000000000 13.9437055588 30.6557617188 12.8122005463
0.3701248765 36.2975959778 -13.1863927841 22.1245594025 0.0000000000 0.0000000000 13.9437055588 30.6557617188 12.7995090485
0.3267393708 36.2822494507 -13.1977882385 22.1296024323 0.0000000000 0.0000000000 13.9437055588 30.6557617188 12.7872056961
0.2848959565 36.2685241699 -13.2663707733 22.1002788544 0.0000000000 0.0000000000 13.9437055588 30.6557617188 12.7753419876
0.2440403402 36.2568931580 -13.2556571960 22.1246337891 0.0000000000 0.0000000000 13.9437055588 30.6557617188 12.7637567520
0.2046619952 36.2464027405 -13.3205089569 22.0988998413 0.0000000000 0.0000000000 13.9437055588 30.6557617188 12.7525911331
0.1668656170 36.2384452820 -13.3419103622 22.0904712677 0.0000000000 0.0000000000 13.9437055588 30.6557617188 12.7418727875
0.1301594973 36.2311210632 -13.3752517700 22.0889701843 0.0000000000 0.0000000000 13.9437055588 30.6557617188 12.7314634323
0.0946893021 36.2258567810 -13.3843345642 22.0907192230 0.0000000000 0.0000000000 13.9437055588 30.6557617188 12.7214078903
0.0609107614 36.2216300964 -13.4468317032 22.0618381500 0.0000000000 0.0000000000 13.9437055588 30.6557617188 12.7118272781
0.0279447865 36.2189331055 -13.4382324219 22.0772933960 0.0000000000 0.0000000000 13.9437055588 30.6557617188 12.7024803162
-0.0035074078 36.2169265747 -13.4927186966 22.0481376648 0.0000000000 0.0000000000 13.9437055588 30.6557617188 12.6935625076
-0.0336661264 36.2168769836 -13.5057334900 22.0475406647 0.0000000000 0.0000000000 13.9437055588 30.6557617188 12.6850099564
-0.0631556883 36.2169609070 -13.5283975601 22.0490627289 0.0000000000 0.0000000000 13.9437055588 30.6557617188 12.6766481400
-0.0912907571 36.2188148499 -13.5428581238 22.0357990265 0.0000000000 0.0000000000 13.9437055588 30.6557617188 12.6686697006
-0.1180813387 36.2212562561 -13.5992374420 22.0138988495 0.0000000000 0.0000000000 13.9437055588 30.6557617188 12.6610736847
-0.1444686055 36.2248497009 -13.5754919052 22.0374660492 0.0000000000 0.0000000000 13.9437055588 30.6557617188 12.6535892487
-0.1694207489 36.2289123535 -13.6291627884 22.0058593750 0.0000000000 0.0000000000 13.9437055588 30.6557617188 12.6465148926
-0.1934282482 36.2346038818 -13.6327867508 22.0057296753 0.0000000000 0.0000000000 13.9437055588 30.6557617188 12.6397094727
-0.2166763395 36.2402381897 -13.6627244949 22.0041770935 0.0000000000 0.0000000000 13.9437055588 30.6557617188 12.6331167221
-0.2389341444 36.2472496033 -13.6616926193 21.9955596924 0.0000000000 0.0000000000 13.9437055588 30.6557617188 12.6268043518
-0.2600518763 36.2545928955 -13.7085752487 21.9765758514 0.0000000000 0.0000000000 13.9437055588 30.6557617188 12.6208171844
-0.2807167470 36.2629165649 -13.6924781799 21.9936771393 0.0000000000 0.0000000000 13.9437055588 30.6557617188 12.6149559021
-0.3002238572 36.2713508606 -13.7357978821 21.9657211304 0.0000000000 0.0000000000 13.9437055588 30.6557617188 12.6094255447
-0.3189257681 36.2811622620 -13.7401123047 21.9654636383 0.0000000000 0.0000000000 13.9437055588 30.6557617188 12.6041212082
-0.3370895982 36.2905693054 -13.7603511810 21.9682483673 0.0000000000 0.0000000000 13.9437055588 30.6557617188 12.5989713669
-0.3540506363 36.3012313843 -13.7816219330 21.9432144165 0.0000000000 0.0000000000 13.9437055588 30.6557617188 12.5941619873
-0.3706872165 36.3118095398 -13.7908544540 21.9515209198 0.0000000000 0.0000000000 13.9437055588 30.6557617188 12.5894441605
-0.3867350519 36.3231430054 -13.7938308716 21.9483070374 0.0000000000 0.0000000000 13.9437055588 30.6557617188 12.5848932266
-0.4017117918 36.3344573975 -13.8259840012 21.9274177551 0.0000000000 0.0000000000 13.9437055588 30.6557617188 12.5806455612
-0.4162400365 36.3468856812 -13.8332376480 21.9224834442 0.0000000000 0.0000000000 13.9437055588 30.6557617188 12.5765275955
-0.4305285811 36.3587112427 -13.8298072815 21.9414863586 0.0000000000 0.0000000000 13.9437055588 30.6557617188 12.5724763870
-0.4436789751 36.3715782166 -13.8636026382 21.8976192474 0.0000000000 0.0000000000 13.9437055588 30.6557617188 12.5687494278
-0.4567223489 36.3841171265 -13.8613128662 21.9207534790 0.0000000000 0.0000000000 13.9437055588 30.6557617188 12.5650472641
-0.4692178369 36.3971138000 -13.8729295731 21.9093151093 0.0000000000 0.0000000000 13.9437055588 30.6557617188 12.5615053177
-0.4810127616 36.4097290039 -13.8951931000 21.8970947266 0.0000000000 0.0000000000 13.9437055588 30.6557617188 12.5581598282
-0.4923554063 36.4230957031 -13.9045591354 21.8811759949 0.0000000000 0.0000000000 13.9437055588 30.6557617188 12.5549430847
-0.5037233829 36.4355850220 -13.8950881958 21.9101638794 0.0000000000 0.0000000000 13.9437055588 30.6557617188 12.5517206192
-0.5142140388 36.4486236572 -13.9215326309 21.8705444336 0.0000000000 0.0000000000 13.9437055588 30.6557617188 12.5487461090
-0.5245221257 36.4612350464 -13.9286699295 21.8822383881 0.0000000000 0.0000000000 13.9437055588 30.6557617188 12.5458240509
-0.5345941782 36.4739151001 -13.9242296219 21.8792839050 0.0000000000 0.0000000000 13.9437055588 30.6557617188 12.5429677963
-0.5442147851 36.4860839844 -13.9406518936 21.8729820251 0.0000000000 0.0000000000 13.9437055588 30.6557617188 12.5402383804
-0.5531636477 36.4988594055 -13.9627447128 21.8443260193 0.0000000000 0.0000000000 13.9437055588 30.6557617188 12.5377016068
-0.5967375636 36.4120368958 -12.4187107086 20.3757781982 0.0000000000 0.0000000000 13.9437055588 30.6557617188 12.5253448486
-0.6414790154 36.3218383789 -12.4556827545 20.3405094147 0.0000000000 0.0000000000 13.9437055588 30.6557617188 12.5126571655
-0.6856501698 36.2329864502 -12.4898014069 20.3595314026 0.0000000000 0.0000000000 13.9437055588 30.6557617188 12.5001335144
-0.7287591696 36.1460571289 -12.5265684128 20.3594360352 0.0000000000 0.0000000000 13.9437055588 30.6557617188 12.4879102707
-0.7708014846 36.0608596802 -12.5559406281 20.3765392303 0.0000000000 0.0000000000 13.9437055588 30.6557617188 12.4759883881
-0.8110952377 35.9777450562 -12.6161642075 20.3486328125 0.0000000000 0.0000000000 13.9437055588 30.6557617188 12.4645624161
-0.8505756259 35.8962059021 -12.6373004913 20.3804569244 0.0000000000 0.0000000000 13.9437055588 30.6557617188 12.4533681870
-0.8885784745 35.8166046143 -12.6796264648 20.3763504028 0.0000000000 0.0000000000 13.9437055588 30.6557617188 12.4425916672
-0.9254955649 35.7389793396 -12.7073087692 20.3940849304 0.0000000000 0.0000000000 13.9437055588 30.6557617188 12.4321241379
-0.9606133103 35.6630554199 -12.7666883469 20.3627452850 0.0000000000 0.0000000000 13.9437055588 30.6557617188 12.4221658707
-0.9951126575 35.5888442993 -12.7744207382 20.4089775085 0.0000000000 0.0000000000 13.9437055588 30.6557617188 12.4123821259
-1.0277951956 35.5167274475 -12.8288183212 20.3784408569 0.0000000000 0.0000000000 13.9437055588 30.6557617188 12.4031152725
-1.0597313643 35.4463233948 -12.8446245193 20.4014987946 0.0000000000 0.0000000000 13.9437055588 30.6557617188 12.3940591812
-1.0902129412 35.3775558472 -12.8866996765 20.3934154510 0.0000000000 0.0000000000 13.9437055588 30.6557617188 12.3854160309
-1.1199593544 35.3108024597 -12.8987865448 20.4149684906 0.0000000000 0.0000000000 13.9437055588 30.6557617188 12.3769817352
-1.1480551958 35.2458000183 -12.9568986893 20.3815135956 0.0000000000 0.0000000000 13.9437055588 30.6557617188 12.3690147400
-1.1760730743 35.1824607849 -12.9446496964 20.4340248108 0.0000000000 0.0000000000 13.9437055588 30.6557617188 12.3610687256
-1.2022403479 35.1210975647 -13.0063390732 20.3975315094 0.0000000000 0.0000000000 13.9437055588 30.6557617188 12.3536500931
-1.2279194593 35.0613021851 -13.0128335953 20.4172725677 0.0000000000 0.0000000000 13.9437055588 30.6557617188 12.3463678360
-1.2523512840 35.0032844543 -13.0476579666 20.4145145416 0.0000000000 0.0000000000 13.9437055588 30.6557617188 12.3394393921
-1.2761908770 34.9472274780 -13.0530586243 20.4370174408 0.0000000000 0.0000000000 13.9437055588 30.6557617188 12.3326797485
-1.2983427048 34.8930664062 -13.1117029190 20.3977355957 0.0000000000 0.0000000000 13.9437055588 30.6557617188 12.3263988495
-1.3203681707 34.8403701782 -13.0942144394 20.4481754303 0.0000000000 0.0000000000 13.9437055588 30.6557617188 12.3201522827
-1.3406683207 34.7899169922 -13.1517314911 20.4096527100 0.0000000000 0.0000000000 13.9437055588 30.6557617188 12.3143978119
-1.3606941700 34.7411880493 -13.1339025497 20.4474945068 0.0000000000 0.0000000000 13.9437055588 30.6557617188 12.3087177277
-1.3791590929 34.6944198608 -13.1935825348 20.4166622162 0.0000000000 0.0000000000 13.9437055588 30.6557617188 12.3034830093
-1.3972313404 34.6498222351 -13.1823740005 20.4446907043 0.0000000000 0.0000000000 13.9437055588 30.6557617188 12.2983589172
-1.4139462709 34.6072349548 -13.2250671387 20.4194850922 0.0000000000 0.0000000000 13.9437055588 30.6557617188 12.2936172485
-1.4305111170 34.5665397644 -13.2076072693 20.4615745544 0.0000000000 0.0000000000 13.9437055588 30.6557617188 12.2889194489
-1.4453934431 34.5282516479 -13.2581253052 20.4222908020 0.0000000000 0.0000000000 13.9437055588 30.6557617188 12.2847013474
-1.4600536823 34.4917945862 -13.2493162155 20.4484767914 0.0000000000 0.0000000000 13.9437055588 30.6557617188 12.2805442810
-1.4736163616 34.4570159912 -13.2765073776 20.4393901825 0.0000000000 0.0000000000 13.9437055588 30.6557617188 12.2766971588
-1.4869124889 34.4244422913 -13.2718601227 20.4608573914 0.0000000000 0.0000000000 13.9437055588 30.6557617188 12.2729272842
-1.4985452890 34.3936767578 -13.3231039047 20.4149494171 0.0000000000 0.0000000000 13.9437055588 30.6557617188 12.2696304321
-1.5105677843 34.3643646240 -13.2965650558 20.4683704376 0.0000000000 0.0000000000 13.9437055588 30.6557617188 12.2662191391
-1.5212044716 34.3370780945 -13.3291349411 20.4367561340 0.0000000000 0.0000000000 13.9437055588 30.6557617188 12.2632026672
-1.5314642191 34.3115158081 -13.3363199234 20.4456253052 0.0000000000 0.0000000000 13.9437055588 30.6557617188 12.2602949142
-1.5409996510 34.2873001099 -13.3522100449 20.4487514496 0.0000000000 0.0000000000 13.9437055588 30.6557617188 12.2575912476
-1.5502285957 34.2648849487 -13.3473463058 20.4591445923 0.0000000000 0.0000000000 13.9437055588 30.6557617188 12.2549724579
-1.5582894087 34.2439270020 -13.3823375702 20.4270496368 0.0000000000 0.0000000000 13.9437055588 30.6557617188 12.2526874542
-1.5666559935 34.2238922119 -13.3625497818 20.4725017548 0.0000000000 0.0000000000 13.9437055588 30.6557617188 12.2503156662
-1.5738083124 34.2055282593 -13.3913898468 20.4412078857 0.0000000000 0.0000000000 13.9437055588 30.6557617188 12.2482872009
-1.5808675289 34.1881217957 -13.3968524933 20.4498252869 0.0000000000 0.0000000000 13.9437055588 30.6557617188 12.2462863922
-1.5874407291 34.1716156006 -13.3965692520 20.4553794861 0.0000000000 0.0000000000 13.9437055588 30.6557617188 12.2444219589
-1.5938395262 34.1561164856 -13.4056892395 20.4644699097 0.0000000000 0.0000000000 13.9437055588 30.6557617188 12.2426071167
-1.5992460251 34.1416397095 -13.4306974411 20.4318618774 0.0000000000 0.0000000000 13.9437055588 30.6557617188 12.2410717010
-1.6051324606 34.1275100708 -13.4146089554 20.4749565125 0.0000000000 0.0000000000 13.9437055588 30.6557617188 12.2394046783
-1.6100541353 34.1146354675 -13.4308843613 20.4463024139 0.0000000000 0.0000000000 13.9437055588 30.6557617188 12.2380104065
-1.6149370670 34.1020660400 -13.4436206818 20.4514408112 0.0000000000 0.0000000000 13.9437055588 30.6557617188 12.2366247177
-1.6195096970 34.0899467468 -13.4375925064 20.4578399658 0.0000000000 0.0000000000 13.9437055588 30.6557617188 12.2353286743
-1.6596884727 33.9949951172 -12.0192489624 19.4380321503 0.0000000000 0.0000000000 13.9437055588 30.6557617188 12.2239351273
-1.7017359734 33.8955497742 -12.0578451157 19.4108428955 0.0000000000 0.0000000000 13.9437055588 30.6557617188 12.2120141983
-1.7435014248 33.7975273132 -12.0796880722 19.4473266602 0.0000000000 0.0000000000 13.9437055588 30.6557617188 12.2001705170
-1.7836767435 33.7022819519 -12.1327962875 19.4177207947 0.0000000000 0.0000000000 13.9437055588 30.6557617188 12.1887760162
-1.8229064941 33.6091575623 -12.1595344543 19.4522342682 0.0000000000 0.0000000000 13.9437055588 30.6557617188 12.1776533127
-1.8605456352 33.5186958313 -12.2039880753 19.4367351532 0.0000000000 0.0000000000 13.9437055588 30.6557617188 12.1669816971
-1.8971002102 33.4308166504 -12.2367324829 19.4586658478 0.0000000000 0.0000000000 13.9437055588 30.6557617188 12.1566143036
-1.9320473671 33.3454780579 -12.2795066833 19.4411735535 0.0000000000 0.0000000000 13.9437055588 30.6557617188 12.1467056274
-1.9661251307 33.2625579834 -12.2996940613 19.4774856567 0.0000000000 0.0000000000 13.9437055588 30.6557617188 12.1370410919
-1.9983426332 33.1825675964 -12.3567943573 19.4409160614 0.0000000000 0.0000000000 13.9437055588 30.6557617188 12.1279058456
-2.0299403667 33.1046257019 -12.3754920959 19.4764728546 0.0000000000 0.0000000000 13.9437055588 30.6557617188 12.1189479828
-2.0600895882 33.0296173096 -12.4043960571 19.4678707123 0.0000000000 0.0000000000 13.9437055588 30.6557617188 12.1103973389
-2.0892071724 32.9570693970 -12.4403724670 19.4774951935 0.0000000000 0.0000000000 13.9437055588 30.6557617188 12.1021394730
-2.1170938015 32.8871498108 -12.4637279510 19.4772224426 0.0000000000 0.0000000000 13.9437055588 30.6557617188 12.0942335129
-2.1441040039 32.8194274902 -12.4945621490 19.4882221222 0.0000000000 0.0000000000 13.9437055588 30.6557617188 12.0865755081
-2.1695687771 32.7548713684 -12.5315914154 19.4683074951 0.0000000000 0.0000000000 13.9437055588 30.6557617188 12.0793523788
-2.1945247650 32.6924018860 -12.5457382202 19.5005741119 0.0000000000 0.0000000000 13.9437055588 30.6557617188 12.0722761154
-2.2180879116 32.6327438354 -12.5751924515 19.4901523590 0.0000000000 0.0000000000 13.9437055588 30.6557617188 12.0655965805
-2.2406084538 32.5752830505 -12.6122055054 19.4865684509 0.0000000000 0.0000000000 13.9437055588 30.6557617188 12.0592098236
-2.2621107101 32.5205650330 -12.6239986420 19.4911231995 0.0000000000 0.0000000000 13.9437055588 30.6557617188 12.0531110764
-2.2828202248 32.4677581787 -12.6438360214 19.5109653473 0.0000000000 0.0000000000 13.9437055588 30.6557617188 12.0472402573
-2.3021612167 32.4179077148 -12.6681423187 19.4999504089 0.0000000000 0.0000000000 13.9437055588 30.6557617188 12.0417566299
-2.3204786777 32.3696098328 -12.7046680450 19.4903621674 0.0000000000 0.0000000000 13.9437055588 30.6557617188 12.0365610123
-2.3380496502 32.3241767883 -12.6975679398 19.5164203644 0.0000000000 0.0000000000 13.9437055588 30.6557617188 12.0315799713
-2.3545765877 32.2807044983 -12.7254714966 19.5146141052 0.0000000000 0.0000000000 13.9437055588 30.6557617188 12.0268926620
-2.3700988293 32.2397994995 -12.7444229126 19.5027103424 0.0000000000 0.0000000000 13.9437055588 30.6557617188 12.0224914551
-2.3848628998 32.2003822327 -12.7692890167 19.5142116547 0.0000000000 0.0000000000 13.9437055588 30.6557617188 12.0183048248
-2.3984045982 32.1641082764 -12.7878847122 19.4946212769 0.0000000000 0.0000000000 13.9437055588 30.6557617188 12.0144653320
-2.4115433693 32.1290168762 -12.7975397110 19.5201396942 0.0000000000 0.0000000000 13.9437055588 30.6557617188 12.0107393265
-2.4237926006 32.0967216492 -12.8006534576 19.5268840790 0.0000000000 0.0000000000 13.9437055588 30.6557617188 12.0072660446
-2.4350109100 32.0661697388 -12.8281612396 19.5097579956 0.0000000000 0.0000000000 13.9437055588 30.6557617188 12.0040845871
-2.4457523823 32.0379524231 -12.8327140808 19.5259265900 0.0000000000 0.0000000000 13.9437055588 30.6557617188 12.0010385513
-2.4555850029 32.0111846924 -12.8585300446 19.5100345612 0.0000000000 0.0000000000 13.9437055588 30.6557617188 11.9982509613
-2.4645929337 31.9872837067 -12.8629884720 19.5179748535 0.0000000000 0.0000000000 13.9437055588 30.6557617188 11.9956970215
-2.4732563496 31.9646224976 -12.8602590561 19.5377788544 0.0000000000 0.0000000000 13.9437055588 30.6557617188 11.9932394028
-2.4808635712 31.9445724487 -12.8856344223 19.5147533417 0.0000000000 0.0000000000 13.9437055588 30.6557617188 11.9910831451
-2.4878237247 31.9260044098 -12.9013767242 19.5124244690 0.0000000000 0.0000000000 13.9437055588 30.6557617188 11.9891090393
-2.4941146374 31.9096508026 -12.9019804001 19.5186100006 0.0000000000 0.0000000000 13.9437055588 30.6557617188 11.9873247147
-2.5001852512 31.8941135406 -12.8965387344 19.5390014648 0.0000000000 0.0000000000 13.9437055588 30.6557617188 11.9856033325
-2.5053939819 31.8804836273 -12.9225549698 19.5156555176 0.0000000000 0.0000000000 13.9437055588 30.6557617188 11.9841260910
-2.5103342533 31.8671112061 -12.9294424057 19.5122127533 0.0000000000 0.0000000000 13.9437055588 30.6557617188 11.9827260971
-2.5149533749 31.8550071716 -12.9237957001 19.5319328308 0.0000000000 0.0000000000 13.9437055588 30.6557617188 11.9814167023
-2.5192461014 31.8433017731 -12.9319667816 19.5263385773 0.0000000000 0.0000000000 13.9437055588 30.6557617188 11.9801988602
-2.5230782032 31.8324375153 -12.9475345612 19.5161056519 0.0000000000 0.0000000000 13.9437055588 30.6557617188 11.9791116714
-2.5268957615 31.8215045929 -12.9475975037 19.5249195099 0.0000000000 0.0000000000 13.9437055588 30.6557617188 11.9780302048
-2.5299623013 31.8118000031 -12.9637308121 19.5071125031 0.0000000000 0.0000000000 13.9437055588 30.6557617188 11.9771595001
-2.5333790779 31.8018131256 -12.9457483292 19.5386886597 0.0000000000 0.0000000000 13.9437055588 30.6557617188 11.9761924744
-2.5363061428 31.7925930023 -12.9617061615 19.5289802551 0.0000000000 0.0000000000 13.9437055588 30.6557617188 11.9753627777
-2.5387880802 31.7834796906 -12.9838962555 19.4998798370 0.0000000000 0.0000000000 13.9437055588 30.6557617188 11.9746570587
-2.5413117409 31.7749729156 -12.9684934616 19.5333404541 0.0000000000 0.0000000000 13.9437055588 30.6557617188 11.9739418030
-2.5728037357 31.7049980164 -11.9740228653 18.9367675781 0.0000000000 0.0000000000 13.9437055588 30.6557617188 11.9650125504
-2.6067843437 31.6298274994 -12.0219144821 18.8871383667 0.0000000000 0.0000000000 13.9437055588 30.6557617188 11.9553756714
-2.6408822536 31.5560550690 -12.0464115143 18.9131126404 0.0000000000 0.0000000000 13.9437055588 30.6557617188 11.9457073212
-2.6737143993 31.4859294891 -12.0812520981 18.8967990875 0.0000000000 0.0000000000 13.9437055588 30.6557617188 11.9363985062
-2.7056679726 31.4181518555 -12.1024398804 18.9279308319 0.0000000000 0.0000000000 13.9437055588 30.6557617188 11.9273376465
-2.7359807491 31.3538665771 -12.1433258057 18.8999252319 0.0000000000 0.0000000000 13.9437055588 30.6557617188 11.9187412262
-2.7652971745 31.2917652130 -12.1783676147 18.9177932739 0.0000000000 0.0000000000 13.9437055588 30.6557617188 11.9104299545
-2.7927279472 31.2335681915 -12.2103404999 18.8925323486 0.0000000000 0.0000000000 13.9437055588 30.6557617188 11.9026508331
-2.8196535110 31.1775207520 -12.2187738419 18.9414844513 0.0000000000 0.0000000000 13.9437055588 30.6557617188 11.8950157166
-2.8445997238 31.1253395081 -12.2592515945 18.9038696289 0.0000000000 0.0000000000 13.9437055588 30.6557617188 11.8879423141
-2.8686830997 31.0753364563 -12.2927427292 18.9225711823 0.0000000000 0.0000000000 13.9437055588 30.6557617188 11.8811130524
-2.8910982609 31.0292701721 -12.3111734390 18.9050960541 0.0000000000 0.0000000000 13.9437055588 30.6557617188 11.8747577667
-2.9130382538 30.9852066040 -12.3226490021 18.9453868866 0.0000000000 0.0000000000 13.9437055588 30.6557617188 11.8685340881
-2.9328334332 30.9453353882 -12.3659858704 18.8969707489 0.0000000000 0.0000000000 13.9437055588 30.6557617188 11.8629226685
-2.9523983002 30.9071083069 -12.3795633316 18.9316120148 0.0000000000 0.0000000000 13.9437055588 30.6557617188 11.8573741913
-2.9701371193 30.8729724884 -12.4002819061 18.9072990417 0.0000000000 0.0000000000 13.9437055588 30.6557617188 11.8523435593
-2.9873912334 30.8405475616 -12.4133338928 18.9355888367 0.0000000000 0.0000000000 13.9437055588 30.6557617188 11.8474512100
-3.0029387474 30.8118076324 -12.4382839203 18.9066753387 0.0000000000 0.0000000000 13.9437055588 30.6557617188 11.8430433273
-3.0181286335 30.7842731476 -12.4552907944 18.9297904968 0.0000000000 0.0000000000 13.9437055588 30.6557617188 11.8387365341
-3.0313866138 30.7605800629 -12.4801254272 18.8966541290 0.0000000000 0.0000000000 13.9437055588 30.6557617188 11.8349761963
-3.0446918011 30.7378883362 -12.4698972702 18.9426021576 0.0000000000 0.0000000000 13.9437055588 30.6557617188 11.8312034607
-3.0561337471 30.7185173035 -12.5028095245 18.9040184021 0.0000000000 0.0000000000 13.9437055588 30.6557617188 11.8279600143
-3.0671150684 30.7001514435 -12.5261201859 18.9158134460 0.0000000000 0.0000000000 13.9437055588 30.6557617188 11.8248443604
-3.0767476559 30.6848220825 -12.5300674438 18.9020423889 0.0000000000 0.0000000000 13.9437055588 30.6557617188 11.8221139908
-3.0863573551 30.6703205109 -12.5194778442 18.9419021606 0.0000000000 0.0000000000 13.9437055588 30.6557617188 11.8193902969
-3.0942184925 30.6584873199 -12.5604257584 18.8909740448 0.0000000000 0.0000000000 13.9437055588 30.6557617188 11.8171596527
-3.1021893024 30.6469802856 -12.5623292923 18.9240722656 0.0000000000 0.0000000000 13.9437055588 30.6557617188 11.8148994446
-3.1088929176 30.6377277374 -12.5751972198 18.8973007202 0.0000000000 0.0000000000 13.9437055588 30.6557617188 11.8129987717
-3.1155674458 30.6287956238 -12.5759410858 18.9236927032 0.0000000000 0.0000000000 13.9437055588 30.6557617188 11.8111057281
-3.1211578846 30.6215953827 -12.5924186707 18.8952198029 0.0000000000 0.0000000000 13.9437055588 30.6557617188 11.8095216751
-3.1268749237 30.6140365601 -12.5981130600 18.9206886292 0.0000000000 0.0000000000 13.9437055588 30.6557617188 11.8078994751
-3.1313841343 30.6083106995 -12.6142902374 18.8853321075 0.0000000000 0.0000000000 13.9437055588 30.6557617188 11.8066196442
-3.1363596916 30.6020774841 -12.5967426300 18.9312725067 0.0000000000 0.0000000000 13.9437055588 30.6557617188 11.8052091599
-3.1402673721 30.5971221924 -12.6258115768 18.8869552612 0.0000000000 0.0000000000 13.9437055588 30.6557617188 11.8041028976
-3.1442282200 30.5916652679 -12.6334857941 18.9073734283 0.0000000000 0.0000000000 13.9437055588 30.6557617188 11.8029785156
-3.1474876404 30.5873947144 -12.6343812943 18.8888072968 0.0000000000 0.0000000000 13.9437055588 30.6557617188 11.8020544052
-3.1510584354 30.5825119019 -12.6248235703 18.9268207550 0.0000000000 0.0000000000 13.9437055588 30.6557617188 11.8010425568
-3.1536149979 30.5787715912 -12.6526479721 18.8804512024 0.0000000000 0.0000000000 13.9437055588 30.6557617188 11.8003158569
-3.1565864086 30.5741062164 -12.6480522156 18.9134654999 0.0000000000 0.0000000000 13.9437055588 30.6557617188 11.7994756699
-3.1587455273 30.5705261230 -12.6602277756 18.8833026886 0.0000000000 0.0000000000 13.9437055588 30.6557617188 11.7988624573
-3.1611039639 30.5662994385 -12.6528234482 18.9161796570 0.0000000000 0.0000000000 13.9437055588 30.6557617188 11.7981939316
-3.1628870964 30.5630054474 -12.6600933075 18.8887214661 0.0000000000 0.0000000000 13.9437055588 30.6557617188 11.7976884842
-3.1648509502 30.5587139130 -12.6653556824 18.9125270844 0.0000000000 0.0000000000 13.9437055588 30.6557617188 11.7971315384
-3.1659920216 30.5556125641 -12.6796092987 18.8736572266 0.0000000000 0.0000000000 13.9437055588 30.6557617188 11.7968072891
-3.1676745415 30.5516738892 -12.6604318619 18.9243736267 0.0000000000 0.0000000000 13.9437055588 30.6557617188 11.7963304520
-3.1686437130 30.5487556458 -12.6756267548 18.8867893219 0.0000000000 0.0000000000 13.9437055588 30.6557617188 11.7960557938
-3.1696891785 30.5449352264 -12.6866283417 18.9019546509 0.0000000000 0.0000000000 13.9437055588 30.6557617188 11.7957601547
-3.1702797413 30.5421371460 -12.6864118576 18.8812904358 0.0000000000 0.0000000000 13.9437055588 30.6557617188 11.7955913544
-3.1712706089 30.5385208130 -12.6726388931 18.9228363037 0.0000000000 0.0000000000 13.9437055588 30.6557617188 11.7953119278
-3.1714437008 30.5360221863 -12.6944093704 18.8767471313 0.0000000000 0.0000000000 13.9437055588 30.6557617188 11.7952623367
-3.1870362759 30.5010013580 -12.2280168533 18.6040763855 0.0000000000 0.0000000000 13.9437055588 30.6557617188 11.7908401489
-3.2046308517 30.4615535736 -12.2339305878 18.5693340302 0.0000000000 0.0000000000 13.9437055588 30.6557617188 11.7858533859
-3.2222783566 30.4225063324 -12.2710866928 18.5634746552 0.0000000000 0.0000000000 13.9437055588 30.6557617188 11.7808475494
-3.2397475243 30.3858394623 -12.2662143707 18.5736675262 0.0000000000 0.0000000000 13.9437055588 30.6557617188 11.7758932114
-3.2565081120 30.3515949249 -12.3026742935 18.5647926331 0.0000000000 0.0000000000 13.9437055588 30.6557617188 11.7711420059
-3.2723722458 30.3205604553 -12.3030300140 18.5636291504 0.0000000000 0.0000000000 13.9437055588 30.6557617188 11.7666435242
-3.2874190807 30.2917613983 -12.3396129608 18.5609874725 0.0000000000 0.0000000000 13.9437055588 30.6557617188 11.7623767853
-3.3015882969 30.2662467957 -12.3347768784 18.5596981049 0.0000000000 0.0000000000 13.9437055588 30.6557617188 11.7583570480
-3.3148970604 30.2431068420 -12.3607444763 18.5656452179 0.0000000000 0.0000000000 13.9437055588 30.6557617188 11.7545843124
-3.3273761272 30.2229118347 -12.3633909225 18.5588989258 0.0000000000 0.0000000000 13.9437055588 30.6557617188 11.7510452271
-3.3390564919 30.2047843933 -12.3919696808 18.5588150024 0.0000000000 0.0000000000 13.9437055588 30.6557617188 11.7477331161
-3.3498961926 30.1896858215 -12.3874397278 18.5607967377 0.0000000000 0.0000000000 13.9437055588 30.6557617188 11.7446613312
-3.3598992825 30.1761341095 -12.4250869751 18.5421237946 0.0000000000 0.0000000000 13.9437055588 30.6557617188 11.7418241501
-3.3692915440 30.1652355194 -12.4111537933 18.5571308136 0.0000000000 0.0000000000 13.9437055588 30.6557617188 11.7391595840
-3.3778722286 30.1559104919 -12.4323053360 18.5558528900 0.0000000000 0.0000000000 13.9437055588 30.6557617188 11.7367277145
-3.3857891560 30.1486167908 -12.4348573685 18.5455284119 0.0000000000 0.0000000000 13.9437055588 30.6557617188 11.7344827652
-3.3929886818 30.1423339844 -12.4586172104 18.5462799072 0.0000000000 0.0000000000 13.9437055588 30.6557617188 11.7324409485
-3.3996179104 30.1381053925 -12.4469032288 18.5520191193 0.0000000000 0.0000000000 13.9437055588 30.6557617188 11.7305612564
-3.4055628777 30.1341190338 -12.4738483429 18.5378608704 0.0000000000 0.0000000000 13.9437055588 30.6557617188 11.7288761139
-3.4108657837 30.1319160461 -12.4649915695 18.5481433868 0.0000000000 0.0000000000 13.9437055588 30.6557617188 11.7273712158
-3.4156687260 30.1297836304 -12.4871206284 18.5403919220 0.0000000000 0.0000000000 13.9437055588 30.6557617188 11.7260103226
-3.4200329781 30.1285476685 -12.4834365845 18.5322856903 0.0000000000 0.0000000000 13.9437055588 30.6557617188 11.7247724533
-3.4239327908 30.1271572113 -12.5036563873 18.5351200104 0.0000000000 0.0000000000 13.9437055588 30.6557617188 11.7236661911
-3.4274187088 30.1267566681 -12.4873790741 18.5437183380 0.0000000000 0.0000000000 13.9437055588 30.6557617188 11.7226772308
-3.4305768013 30.1255321503 -12.5172920227 18.5237941742 0.0000000000 0.0000000000 13.9437055588 30.6557617188 11.7217826843
-3.4334177971 30.1250801086 -12.5020599365 18.5366401672 0.0000000000 0.0000000000 13.9437055588 30.6557617188 11.7209768295
-3.4360070229 30.1240844727 -12.5175285339 18.5350456238 0.0000000000 0.0000000000 13.9437055588 30.6557617188 11.7202425003
-3.4382555485 30.1235923767 -12.5127925873 18.5266685486 0.0000000000 0.0000000000 13.9437055588 30.6557617188 11.7196054459
-3.4402914047 30.1223278046 -12.5327701569 18.5267753601 0.0000000000 0.0000000000 13.9437055588 30.6557617188 11.7190275192
-3.4420599937 30.1217823029 -12.5156269073 18.5343456268 0.0000000000 0.0000000000 13.9437055588 30.6557617188 11.7185258865
-3.4436087608 30.1202583313 -12.5445661545 18.5153274536 0.0000000000 0.0000000000 13.9437055588 30.6557617188 11.7180862427
-3.4448826313 30.1194667816 -12.5248870850 18.5323047638 0.0000000000 0.0000000000 13.9437055588 30.6557617188 11.7177257538
-3.4460134506 30.1179466248 -12.5431652069 18.5241985321 0.0000000000 0.0000000000 13.9437055588 30.6557617188 11.7174043655
-3.4469020367 30.1168289185 -12.5365219116 18.5197143555 0.0000000000 0.0000000000 13.9437055588 30.6557617188 11.7171525955
-3.4476394653 30.1150398254 -12.5512189865 18.5212764740 0.0000000000 0.0000000000 13.9437055588 30.6557617188 11.7169437408
-3.4481372833 30.1139926910 -12.5327835083 18.5320987701 0.0000000000 0.0000000000 13.9437055588 30.6557617188 11.7168025970
-3.4485251904 30.1120223999 -12.5601186752 18.5105915070 0.0000000000 0.0000000000 13.9437055588 30.6557617188 11.7166929245
-3.4487276077 30.1106147766 -12.5407133102 18.5269546509 0.0000000000 0.0000000000 13.9437055588 30.6557617188 11.7166366577
-3.4488890171 30.1087760925 -12.5523481369 18.5248794556 0.0000000000 0.0000000000 13.9437055588 30.6557617188 11.7165899277
-3.4488339424 30.1073207855 -12.5472688675 18.5181884766 0.0000000000 0.0000000000 13.9437055588 30.6557617188 11.7166051865
-3.4488244057 30.1053390503 -12.5626325607 18.5178222656 0.0000000000 0.0000000000 13.9437055588 30.6557617188 11.7166080475
-3.4486677647 30.1040134430 -12.5439462662 18.5276145935 0.0000000000 0.0000000000 13.9437055588 30.6557617188 11.7166519165
-3.4485569000 30.1020698547 -12.5693511963 18.5071430206 0.0000000000 0.0000000000 13.9437055588 30.6557617188 11.7166824341
-3.4482491016 30.1008319855 -12.5486316681 18.5256881714 0.0000000000 0.0000000000 13.9437055588 30.6557617188 11.7167711258
-3.4480443001 30.0991153717 -12.5650157928 18.5175514221 0.0000000000 0.0000000000 13.9437055588 30.6557617188 11.7168292999
-3.4476814270 30.0978717804 -12.5568027496 18.5139789581 0.0000000000 0.0000000000 13.9437055588 30.6557617188 11.7169313431
-3.4473893642 30.0961360931 -12.5701503754 18.5154457092 0.0000000000 0.0000000000 13.9437055588 30.6557617188 11.7170143127
-3.4469099045 30.0952110291 -12.5507955551 18.5262870789 0.0000000000 0.0000000000 13.9437055588 30.6557617188 11.7171516418
-3.4465496540 30.0935344696 -12.5763950348 18.5049095154 0.0000000000 0.0000000000 13.9437055588 30.6557617188 11.7172517776
-3.4460589886 30.0925540924 -12.5572729111 18.5217056274 0.0000000000 0.0000000000 13.9437055588 30.6557617188 11.7173910141
-3.4527337551 30.0739192963 -12.3651914597 18.3435859680 0.0000000000 0.0000000000 13.9437055588 30.6557617188 11.7154989243
-3.4609620571 30.0548820496 -12.3575725555 18.3307685852 0.0000000000 0.0000000000 13.9437055588 30.6557617188 11.7131662369
-3.4690580368 30.0366859436 -12.3934640884 18.3070278168 0.0000000000 0.0000000000 13.9437055588 30.6557617188 11.7108697891
-3.4774215221 30.0205249786 -12.3687858582 18.3350887299 0.0000000000 0.0000000000 13.9437055588 30.6557617188 11.7084989548
-3.4847784042 30.0061054230 -12.4204988480 18.2832317352 0.0000000000 0.0000000000 13.9437055588 30.6557617188 11.7064113617
-3.4925527573 29.9940624237 -12.3754682541 18.3369178772 0.0000000000 0.0000000000 13.9437055588 30.6557617188 11.7042083740
-3.4993028641 29.9840316772 -12.4200172424 18.2952785492 0.0000000000 0.0000000000 13.9437055588 30.6557617188 11.7022933960
-3.5057623386 29.9760379791 -12.4114999771 18.3029384613 0.0000000000 0.0000000000 13.9437055588 30.6557617188 11.7004623413
-3.5116207600 29.9700183868 -12.4375734329 18.2860145569 0.0000000000 0.0000000000 13.9437055588 30.6557617188 11.6988029480
-3.5176908970 29.9658699036 -12.3986148834 18.3277168274 0.0000000000 0.0000000000 13.9437055588 30.6557617188 11.6970806122
-3.5224907398 29.9627017975 -12.4578266144 18.2723064423 0.0000000000 0.0000000000 13.9437055588 30.6557617188 11.6957187653
-3.5275020599 29.9610576630 -12.4217643738 18.3116035461 0.0000000000 0.0000000000 13.9437055588 30.6557617188 11.6942987442
-3.5317084789 29.9600658417 -12.4545917511 18.2866230011 0.0000000000 0.0000000000 13.9437055588 30.6557617188 11.6931047440
-3.5358862877 29.9599456787 -12.4316816330 18.3013935089 0.0000000000 0.0000000000 13.9437055588 30.6557617188 11.6919212341
-3.5392885208 29.9599533081 -12.4683179855 18.2792835236 0.0000000000 0.0000000000 13.9437055588 30.6557617188 11.6909561157
-3.5427155495 29.9604549408 -12.4428071976 18.3020877838 0.0000000000 0.0000000000 13.9437055588 30.6557617188 11.6899843216
-3.5451843739 29.9606418610 -12.4871368408 18.2586441040 0.0000000000 0.0000000000 13.9437055588 30.6557617188 11.6892833710
-3.5480804443 29.9611492157 -12.4395427704 18.3095874786 0.0000000000 0.0000000000 13.9437055588 30.6557617188 11.6884622574
-3.5500931740 29.9613361359 -12.4802417755 18.2754039764 0.0000000000 0.0000000000 13.9437055588 30.6557617188 11.6878910065
-3.5519769192 29.9615287781 -12.4687490463 18.2784976959 0.0000000000 0.0000000000 13.9437055588 30.6557617188 11.6873579025
-3.5534603596 29.9614124298 -12.4900074005 18.2692584991 0.0000000000 0.0000000000 13.9437055588 30.6557617188 11.6869373322
-3.5552477837 29.9613456726 -12.4521083832 18.3033638000 0.0000000000 0.0000000000 13.9437055588 30.6557617188 11.6864318848
-3.5560910702 29.9609260559 -12.5059223175 18.2502231598 0.0000000000 0.0000000000 13.9437055588 30.6557617188 11.6861915588
-3.5572857857 29.9604549408 -12.4698562622 18.2885704041 0.0000000000 0.0000000000 13.9437055588 30.6557617188 11.6858520508
-3.5579800606 29.9599227905 -12.4960851669 18.2676105499 0.0000000000 0.0000000000 13.9437055588 30.6557617188 11.6856546402
-3.5588316917 29.9592609406 -12.4726057053 18.2813587189 0.0000000000 0.0000000000 13.9437055588 30.6557617188 11.6854143143
-3.5592103004 29.9584865570 -12.5031528473 18.2624855042 0.0000000000 0.0000000000 13.9437055588 30.6557617188 11.6853075027
-3.5597856045 29.9576911926 -12.4759788513 18.2852821350 0.0000000000 0.0000000000 13.9437055588 30.6557617188 11.6851444244
-3.5597162247 29.9567832947 -12.5169343948 18.2441196442 0.0000000000 0.0000000000 13.9437055588 30.6557617188 11.6851625443
-3.5602924824 29.9559822083 -12.4670343399 18.2947902679 0.0000000000 0.0000000000 13.9437055588 30.6557617188 11.6850013733
-3.5602817535 29.9551811218 -12.5051879883 18.2620487213 0.0000000000 0.0000000000 13.9437055588 30.6557617188 11.6850023270
-3.5603477955 29.9544162750 -12.4912662506 18.2655105591 0.0000000000 0.0000000000 13.9437055588 30.6557617188 11.6849842072
-3.5602567196 29.9536304474 -12.5109272003 18.2576007843 0.0000000000 0.0000000000 13.9437055588 30.6557617188 11.6850080490
-3.5606145859 29.9530754089 -12.4708347321 18.2919216156 0.0000000000 0.0000000000 13.9437055588 30.6557617188 11.6849098206
-3.5602109432 29.9522991180 -12.5236225128 18.2395668030 0.0000000000 0.0000000000 13.9437055588 30.6557617188 11.6850223541
-3.5603144169 29.9517974854 -12.4842805862 18.2794609070 0.0000000000 0.0000000000 13.9437055588 30.6557617188 11.6849918365
-3.5600726604 29.9511699677 -12.5104789734 18.2579135895 0.0000000000 0.0000000000 13.9437055588 30.6557617188 11.6850614548
-3.5600697994 29.9507751465 -12.4853858948 18.2729778290 0.0000000000 0.0000000000 13.9437055588 30.6557617188 11.6850624084
-3.5597503185 29.9501438141 -12.5156221390 18.2537345886 0.0000000000 0.0000000000 13.9437055588 30.6557617188 11.6851530075
-3.5596845150 29.9498348236 -12.4891605377 18.2765026093 0.0000000000 0.0000000000 13.9437055588 30.6557617188 11.6851720810
-3.5591034889 29.9492530823 -12.5279989243 18.2360725403 0.0000000000 0.0000000000 13.9437055588 30.6557617188 11.6853370667
-3.5591866970 29.9490280151 -12.4788398743 18.2867164612 0.0000000000 0.0000000000 13.9437055588 30.6557617188 11.6853132248
-3.5587430000 29.9486103058 -12.5150203705 18.2546997070 0.0000000000 0.0000000000 13.9437055588 30.6557617188 11.6854381561
-3.5583455563 29.9483871460 -12.5069866180 18.2542800903 0.0000000000 0.0000000000 13.9437055588 30.6557617188 11.6855525970
-3.5578868389 29.9479961395 -12.5196771622 18.2507495880 0.0000000000 0.0000000000 13.9437055588 30.6557617188 11.6856822968
-3.5578794479 29.9478492737 -12.4812917709 18.2846832275 0.0000000000 0.0000000000 13.9437055588 30.6557617188 11.6856842041
-3.5571429729 29.9474639893 -12.5318002701 18.2332267761 0.0000000000 0.0000000000 13.9437055588 30.6557617188 11.6858921051
-3.5569353104 29.9472866058 -12.4938068390 18.2726745605 0.0000000000 0.0000000000 13.9437055588 30.6557617188 11.6859512329
-3.5563855171 29.9470691681 -12.5184450150 18.2520942688 0.0000000000 0.0000000000 13.9437055588 30.6557617188 11.6861066818
-3.5561182499 29.9469089508 -12.4940776825 18.2666149139 0.0000000000 0.0000000000 13.9437055588 30.6557617188 11.6861839294
-3.5580751896 29.9338645935 -12.4414434433 18.1105117798 0.0000000000 0.0000000000 13.9437055588 30.6557617188 11.6856279373
-3.5611031055 29.9216384888 -12.4075088501 18.1266345978 0.0000000000 0.0000000000 13.9437055588 30.6557617188 11.6847696304
-3.5637800694 29.9106922150 -12.4588851929 18.0794105530 0.0000000000 0.0000000000 13.9437055588 30.6557617188 11.6840114594
-3.5667181015 29.9015941620 -12.4225940704 18.1022262573 0.0000000000 0.0000000000 13.9437055588 30.6557617188 11.6831779480
-3.5694630146 29.8942317963 -12.4494771957 18.0938014984 0.0000000000 0.0000000000 13.9437055588 30.6557617188 11.6824016571
-3.5723648071 29.8883609772 -12.4309597015 18.0947494507 0.0000000000 0.0000000000 13.9437055588 30.6557617188 11.6815757751
-3.5745763779 29.8843040466 -12.4618844986 18.0730152130 0.0000000000 0.0000000000 13.9437055588 30.6557617188 11.6809501648
-3.5770852566 29.8815021515 -12.4321956635 18.0937747955 0.0000000000 0.0000000000 13.9437055588 30.6557617188 11.6802387238
-3.5791411400 29.8796710968 -12.4660625458 18.0706939697 0.0000000000 0.0000000000 13.9437055588 30.6557617188 11.6796560287
-3.5812196732 29.8788070679 -12.4399251938 18.0840053558 0.0000000000 0.0000000000 13.9437055588 30.6557617188 11.6790647507
-3.5830867290 29.8781356812 -12.4549913406 18.0938606262 0.0000000000 0.0000000000 13.9437055588 30.6557617188 11.6785345078
-3.5847687721 29.8781356812 -12.4487915039 18.0738353729 0.0000000000 0.0000000000 13.9437055588 30.6557617188 11.6780586243
-3.5859971046 29.8780632019 -12.4696226120 18.0734043121 0.0000000000 0.0000000000 13.9437055588 30.6557617188 11.6777124405
-3.5874853134 29.8782539368 -12.4410667419 18.0908336639 0.0000000000 0.0000000000 13.9437055588 30.6557617188 11.6772909164
-3.5885455608 29.8779277802 -12.4664545059 18.0779056549 0.0000000000 0.0000000000 13.9437055588 30.6557617188 11.6769905090
-3.5892424583 29.8782386780 -12.4589071274 18.0627975464 0.0000000000 0.0000000000 13.9437055588 30.6557617188 11.6767911911
-3.5900728703 29.8778400421 -12.4627466202 18.0878677368 0.0000000000 0.0000000000 13.9437055588 30.6557617188 11.6765556335
-3.5909523964 29.8775978088 -12.4503746033 18.0767192841 0.0000000000 0.0000000000 13.9437055588 30.6557617188 11.6763067245
-3.5912616253 29.8768863678 -12.4791469574 18.0651664734 0.0000000000 0.0000000000 13.9437055588 30.6557617188 11.6762180328
-3.5917594433 29.8765525818 -12.4568233490 18.0721244812 0.0000000000 0.0000000000 13.9437055588 30.6557617188 11.6760759354
-3.5920815468 29.8755264282 -12.4777841568 18.0680217743 0.0000000000 0.0000000000 13.9437055588 30.6557617188 11.6759853363
-3.5923242569 29.8749866486 -12.4580640793 18.0676040649 0.0000000000 0.0000000000 13.9437055588 30.6557617188 11.6759176254
-3.5925240517 29.8739280701 -12.4702224731 18.0820274353 0.0000000000 0.0000000000 13.9437055588 30.6557617188 11.6758604050
-3.5926516056 29.8733558655 -12.4642639160 18.0595569611 0.0000000000 0.0000000000 13.9437055588 30.6557617188 11.6758251190
-3.5924949646 29.8725147247 -12.4855680466 18.0607566833 0.0000000000 0.0000000000 13.9437055588 30.6557617188 11.6758689880
-3.5927765369 29.8719844818 -12.4537868500 18.0784645081 0.0000000000 0.0000000000 13.9437055588 30.6557617188 11.6757879257
-3.5927426815 29.8711299896 -12.4835462570 18.0642280579 0.0000000000 0.0000000000 13.9437055588 30.6557617188 11.6757993698
-3.5925109386 29.8708858490 -12.4703302383 18.0516681671 0.0000000000 0.0000000000 13.9437055588 30.6557617188 11.6758651733
-3.5925376415 29.8702297211 -12.4742803574 18.0782947540 0.0000000000 0.0000000000 13.9437055588 30.6557617188 11.6758546829
-3.5926666260 29.8698139191 -12.4598960876 18.0668468475 0.0000000000 0.0000000000 13.9437055588 30.6557617188 11.6758193970
-3.5922057629 29.8692512512 -12.4916191101 18.0497894287 0.0000000000 0.0000000000 13.9437055588 30.6557617188 11.6759500504
-3.5922689438 29.8690242767 -12.4591264725 18.0726890564 0.0000000000 0.0000000000 13.9437055588 30.6557617188 11.6759328842
-3.5921185017 29.8684444427 -12.4862031937 18.0595130920 0.0000000000 0.0000000000 13.9437055588 30.6557617188 11.6759748459
-3.5917909145 29.8683300018 -12.4688243866 18.0511188507 0.0000000000 0.0000000000 13.9437055588 30.6557617188 11.6760692596
-3.5916740894 29.8678550720 -12.4797210693 18.0714263916 0.0000000000 0.0000000000 13.9437055588 30.6557617188 11.6761016846
-3.5916461945 29.8676719666 -12.4665422440 18.0598011017 0.0000000000 0.0000000000 13.9437055588 30.6557617188 11.6761083603
-3.5910248756 29.8673477173 -12.4972381592 18.0427360535 0.0000000000 0.0000000000 13.9437055588 30.6557617188 11.6762847900
-3.5910749435 29.8672485352 -12.4580631256 18.0727653503 0.0000000000 0.0000000000 13.9437055588 30.6557617188 11.6762714386
-3.5908236504 29.8667411804 -12.4851064682 18.0593986511 0.0000000000 0.0000000000 13.9437055588 30.6557617188 11.6763420105
-3.5903649330 29.8668498993 -12.4758300781 18.0444869995 0.0000000000 0.0000000000 13.9437055588 30.6557617188 11.6764726639
-3.5901329517 29.8664913177 -12.4816503525 18.0685176849 0.0000000000 0.0000000000 13.9437055588 30.6557617188 11.6765384674
-3.5900816917 29.8664016724 -12.4649600983 18.0599098206 0.0000000000 0.0000000000 13.9437055588 30.6557617188 11.6765546799
-3.5893633366 29.8661823273 -12.4989633560 18.0401153564 0.0000000000 0.0000000000 13.9437055588 30.6557617188 11.6767559052
-3.5892922878 29.8662261963 -12.4649457932 18.0665397644 0.0000000000 0.0000000000 13.9437055588 30.6557617188 11.6767768860
-3.5889289379 29.8658905029 -12.4900226593 18.0539970398 0.0000000000 0.0000000000 13.9437055588 30.6557617188 11.6768798828
-3.5884730816 29.8660106659 -12.4724779129 18.0458068848 0.0000000000 0.0000000000 13.9437055588 30.6557617188 11.6770095825
-3.5882074833 29.8657035828 -12.4796752930 18.0690860748 0.0000000000 0.0000000000 13.9437055588 30.6557617188 11.6770839691
-3.5880506039 29.8656978607 -12.4699611664 18.0547695160 0.0000000000 0.0000000000 13.9437055588 30.6557617188 11.6771287918
-3.5872571468 29.8655624390 -12.5003252029 18.0377979279 0.0000000000 0.0000000000 13.9437055588 30.6557617188 11.6773538589
-3.5871930122 29.8655796051 -12.4618787766 18.0677013397 0.0000000000 0.0000000000 13.9437055588 30.6557617188 11.6773719788
-3.5907833576 29.8541145325 -12.3579311371 17.9256973267 0.0000000000 0.0000000000 13.9437055588 30.6557617188 11.6763534546
