     velsurf       thk_regu           glen
     26.1903        30.2471        -0.8906
     26.9899        30.6300        -0.8906
     26.9933        30.3371        -0.8906
     26.9967        30.0959        -0.8906
     27.0001        29.8843        -0.8906
     27.0036        29.6913        -0.8906
     27.0072        29.5113        -0.8906
     27.0110        29.3409        -0.8906
     27.0149        29.1777        -0.8906
     27.0194        29.0201        -0.8906
     27.0238        28.8669        -0.8906
     27.0287        28.7174        -0.8906
     27.0338        28.5707        -0.8906
     27.0392        28.4264        -0.8906
     27.0448        28.2841        -0.8906
     27.0509        28.1434        -0.8906
     27.0573        28.0041        -0.8906
     27.0636        27.8659        -0.8906
     27.0705        27.7288        -0.8906
     27.0776        27.5925        -0.8906
     27.0853        27.4569        -0.8906
     27.0933        27.3221        -0.8906
     27.1012        27.1878        -0.8906
     27.1099        27.0541        -0.8906
     27.1188        26.9208        -0.8906
     27.1283        26.7880        -0.8906
     27.1382        26.6556        -0.8906
     27.1482        26.5234        -0.8906
     27.1587        26.3917        -0.8906
     27.1697        26.2603        -0.8906
     27.1810        26.1292        -0.8906
     27.1926        25.9984        -0.8906
     27.2047        25.8680        -0.8906
     27.2172        25.7379        -0.8906
     27.2301        25.6082        -0.8906
     27.2434        25.4786        -0.8906
     27.2572        25.3493        -0.8906
     27.2715        25.2203        -0.8906
     27.2861        25.0917        -0.8906
     27.3013        24.9634        -0.8906
     27.3168        24.8355        -0.8906
     27.3327        24.7079        -0.8906
     27.3489        24.5808        -0.8906
     27.3656        24.4540        -0.8906
     27.3826        24.3277        -0.8906
     27.4004        24.2018        -0.8906
     27.4183        24.0764        -0.8906
     27.4366        23.9516        -0.8906
     27.4552        23.8272        -0.8906
     27.4745        23.7035        -0.8423
     24.6015        23.5804        -0.8423
     24.6156        23.4550        -0.8423
     24.6337        23.3264        -0.8423
     24.6527        23.1984        -0.8423
     24.6721        23.0709        -0.8423
     24.6916        22.9442        -0.8423
     24.7116        22.8183        -0.8423
     24.7317        22.6932        -0.8423
     24.7521        22.5687        -0.8423
     24.7729        22.4451        -0.8423
     24.7938        22.3222        -0.8423
     24.8151        22.2001        -0.8423
     24.8368        22.0787        -0.8423
     24.8585        21.9582        -0.8423
     24.8810        21.8384        -0.8423
     24.9034        21.7195        -0.8423
     24.9263        21.6013        -0.8423
     24.9495        21.4841        -0.8423
     24.9729        21.3676        -0.8423
     24.9967        21.2520        -0.8423
     25.0211        21.1371        -0.8423
     25.0455        21.0231        -0.8423
     25.0703        20.9100        -0.8423
     25.0951        20.7977        -0.8423
     25.1204        20.6865        -0.8423
     25.1458        20.5762        -0.8423
     25.1713        20.4669        -0.8423
     25.1975        20.3587        -0.8423
     25.2234        20.2515        -0.8423
     25.2500        20.1455        -0.8423
     25.2764        20.0405        -0.8423
     25.3019        19.9367        -0.8423
     25.3283        19.8340        -0.8423
     25.3539        19.7324        -0.8423
     25.3804        19.6319        -0.8423
     25.4060        19.5325        -0.8423
     25.4321        19.4343        -0.8423
     25.4580        19.3372        -0.8423
     25.4844        19.2411        -0.8423
     25.5105        19.1462        -0.8423
     25.5344        19.0523        -0.8423
     25.5628        18.9596        -0.8423
     25.5882        18.8678        -0.8423
     25.6150        18.7773        -0.8423
     25.6392        18.6878        -0.8423
     25.6666        18.5996        -0.8423
     25.6922        18.5125        -0.8423
     25.7171        18.4268        -0.8423
     25.7400        18.3421        -0.8423
     25.7666        18.2588        -0.6058
     27.6665        18.1763        -0.6058
     27.6786        18.1150        -0.6058
     27.6926        18.0500        -0.6058
     27.7100        17.9873        -0.6058
     27.7250        17.9251        -0.6058
     27.7413        17.8640        -0.6058
     27.7565        17.8027        -0.6058
     27.7754        17.7424        -0.6058
     27.7916        17.6824        -0.6058
     27.8092        17.6235        -0.6058
     27.8246        17.5652        -0.6058
     27.8431        17.5082        -0.6058
     27.8601        17.4519        -0.6058
     27.8768        17.3968        -0.6058
     27.8923        17.3422        -0.6058
     27.9098        17.2887        -0.6058
     27.9265        17.2359        -0.6058
     27.9426        17.1845        -0.6058
     27.9571        17.1338        -0.6058
     27.9735        17.0846        -0.6058
     27.9891        17.0360        -0.6058
     28.0034        16.9888        -0.6058
     28.0167        16.9423        -0.6058
     28.0309        16.8976        -0.6058
     28.0447        16.8534        -0.6058
     28.0567        16.8109        -0.6058
     28.0680        16.7688        -0.6058
     28.0807        16.7278        -0.6058
     28.0918        16.6871        -0.6058
     28.1050        16.6474        -0.6058
     28.1150        16.6078        -0.6058
     28.1289        16.5692        -0.6058
     28.1395        16.5308        -0.6058
     28.1522        16.4937        -0.6058
     28.1628        16.4570        -0.6058
     28.1737        16.4215        -0.6058
     28.1835        16.3863        -0.6058
     28.1945        16.3522        -0.6058
     28.2038        16.3183        -0.6058
     28.2139        16.2853        -0.6058
     28.2238        16.2525        -0.6058
     28.2355        16.2206        -0.6058
     28.2437        16.1888        -0.6058
     28.2559        16.1580        -0.6058
     28.2635        16.1272        -0.6058
     28.2745        16.0972        -0.6058
     28.2829        16.0671        -0.6058
     28.2950        16.0380        -0.6058
     28.3021        16.0091        -0.6058
     28.3133        15.9814        -0.4995
     30.9361        15.9539        -0.4995
     30.9413        15.9367        -0.4995
     30.9453        15.9194        -0.4995
     30.9475        15.9032        -0.4995
     30.9518        15.8872        -0.4995
     30.9558        15.8721        -0.4995
     30.9586        15.8568        -0.4995
     30.9613        15.8424        -0.4995
     30.9663        15.8276        -0.4995
     30.9682        15.8134        -0.4995
     30.9729        15.7990        -0.4995
     30.9741        15.7852        -0.4995
     30.9804        15.7712        -0.4995
     30.9832        15.7578        -0.4995
     30.9875        15.7443        -0.4995
     30.9897        15.7317        -0.4995
     30.9943        15.7190        -0.4995
     30.9970        15.7072        -0.4995
     31.0010        15.6952        -0.4995
     31.0029        15.6840        -0.4995
     31.0070        15.6727        -0.4995
     31.0103        15.6622        -0.4995
     31.0126        15.6516        -0.4995
     31.0150        15.6418        -0.4995
     31.0177        15.6319        -0.4995
     31.0214        15.6226        -0.4995
     31.0227        15.6130        -0.4995
     31.0259        15.6041        -0.4995
     31.0272        15.5950        -0.4995
     31.0312        15.5866        -0.4995
     31.0318        15.5780        -0.4995
     31.0355        15.5701        -0.4995
     31.0355        15.5622        -0.4995
     31.0398        15.5549        -0.4995
     31.0390        15.5476        -0.4995
     31.0436        15.5408        -0.4995
     31.0431        15.5337        -0.4995
     31.0472        15.5272        -0.4995
     31.0463        15.5204        -0.4995
     31.0496        15.5140        -0.4995
     31.0492        15.5073        -0.4995
     31.0532        15.5011        -0.4995
     31.0523        15.4945        -0.4995
     31.0556        15.4884        -0.4995
     31.0550        15.4821        -0.4995
     31.0594        15.4763        -0.4995
     31.0578        15.4702        -0.4995
     31.0614        15.4648        -0.4995
     31.0610        15.4591        -0.4995
     31.0647        15.4540        -0.4810
     33.2785        15.4486        -0.4810
     33.2782        15.4471        -0.4810
     33.2750        15.4457        -0.4810
     33.2744        15.4449        -0.4810
     33.2695        15.4439        -0.4810
     33.2682        15.4434        -0.4810
     33.2654        15.4425        -0.4810
     33.2631        15.4421        -0.4810
     33.2589        15.4413        -0.4810
     33.2570        15.4408        -0.4810
     33.2532        15.4400        -0.4810
     33.2516        15.4395        -0.4810
     33.2489        15.4385        -0.4810
     33.2477        15.4377        -0.4810
     33.2453        15.4364        -0.4810
     33.2453        15.4354        -0.4810
     33.2425        15.4340        -0.4810
     33.2422        15.4328        -0.4810
     33.2402        15.4313        -0.4810
     33.2403        15.4300        -0.4810
     33.2385        15.4283        -0.4810
     33.2399        15.4268        -0.4810
     33.2369        15.4250        -0.4810
     33.2383        15.4236        -0.4810
     33.2361        15.4217        -0.4810
     33.2371        15.4202        -0.4810
     33.2360        15.4184        -0.4810
     33.2357        15.4169        -0.4810
     33.2347        15.4152        -0.4810
     33.2346        15.4140        -0.4810
     33.2341        15.4125        -0.4810
     33.2332        15.4115        -0.4810
     33.2327        15.4102        -0.4810
     33.2318        15.4094        -0.4810
     33.2317        15.4082        -0.4810
     33.2305        15.4074        -0.4810
     33.2316        15.4063        -0.4810
     33.2292        15.4057        -0.4810
     33.2304        15.4048        -0.4810
     33.2278        15.4043        -0.4810
     33.2291        15.4036        -0.4810
     33.2266        15.4032        -0.4810
     33.2277        15.4025        -0.4810
     33.2253        15.4022        -0.4810
     33.2265        15.4016        -0.4810
     33.2249        15.4012        -0.4810
     33.2269        15.4005        -0.4810
     33.2238        15.4002        -0.4810
     33.2259        15.3995        -0.4810
     33.2229        15.3993        -0.4889
     34.4418        15.3987        -0.4889
     34.4369        15.3999        -0.4889
     34.4374        15.4009        -0.4889
     34.4326        15.4021        -0.4889
     34.4332        15.4029        -0.4889
     34.4285        15.4041        -0.4889
     34.4293        15.4048        -0.4889
     34.4248        15.4059        -0.4889
     34.4257        15.4066        -0.4889
     34.4217        15.4077        -0.4889
     34.4221        15.4084        -0.4889
     34.4182        15.4094        -0.4889
     34.4192        15.4100        -0.4889
     34.4149        15.4110        -0.4889
     34.4162        15.4116        -0.4889
     34.4119        15.4126        -0.4889
     34.4142        15.4132        -0.4889
     34.4088        15.4142        -0.4889
     34.4112        15.4148        -0.4889
     34.4056        15.4159        -0.4889
     34.4089        15.4165        -0.4889
     34.4024        15.4175        -0.4889
     34.4059        15.4181        -0.4889
     34.3994        15.4192        -0.4889
     34.4028        15.4198        -0.4889
     34.3965        15.4207        -0.4889
     34.4000        15.4213        -0.4889
     34.3936        15.4223        -0.4889
     34.3972        15.4229        -0.4889
     34.3907        15.4238        -0.4889
     34.3944        15.4244        -0.4889
     34.3880        15.4253        -0.4889
     34.3918        15.4258        -0.4889
     34.3853        15.4268        -0.4889
     34.3892        15.4273        -0.4889
     34.3840        15.4282        -0.4889
     34.3865        15.4287        -0.4889
     34.3814        15.4296        -0.4889
     34.3839        15.4301        -0.4889
     34.3790        15.4310        -0.4889
     34.3815        15.4314        -0.4889
     34.3766        15.4323        -0.4889
     34.3789        15.4328        -0.4889
     34.3740        15.4337        -0.4889
     34.3765        15.4341        -0.4889
     34.3713        15.4350        -0.4889
     34.3744        15.4354        -0.4889
     34.3690        15.4363        -0.4889
     34.3721        15.4367        -0.4889
     34.3668        15.4375        -0.4973
     34.8729        15.4379        -0.4973
     34.8671        15.4393        -0.4973
     34.8694        15.4404        -0.4973
     34.8636        15.4417        -0.4973
     34.8655        15.4426        -0.4973
     34.8601        15.4439        -0.4973
     34.8625        15.4448        -0.4973
     34.8566        15.4461        -0.4973
     34.8593        15.4469        -0.4973
     34.8533        15.4481        -0.4973
     34.8560        15.4489        -0.4973
     34.8501        15.4500        -0.4973
     34.8527        15.4508        -0.4973
     34.8472        15.4519        -0.4973
     34.8497        15.4526        -0.4973
     34.8442        15.4537        -0.4973
     34.8470        15.4544        -0.4973
     34.8414        15.4555        -0.4973
     34.8442        15.4562        -0.4973
     34.8384        15.4572        -0.4973
     34.8414        15.4579        -0.4973
     34.8355        15.4589        -0.4973
     34.8387        15.4596        -0.4973
     34.8328        15.4606        -0.4973
     34.8360        15.4612        -0.4973
     34.8301        15.4622        -0.4973
     34.8333        15.4628        -0.4973
     34.8276        15.4637        -0.4973
     34.8308        15.4643        -0.4973
     34.8252        15.4653        -0.4973
     34.8282        15.4658        -0.4973
     34.8227        15.4667        -0.4973
     34.8258        15.4673        -0.4973
     34.8204        15.4682        -0.4973
     34.8234        15.4687        -0.4973
     34.8182        15.4696        -0.4973
     34.8212        15.4702        -0.4973
     34.8157        15.4710        -0.4973
     34.8189        15.4715        -0.4973
     34.8135        15.4724        -0.4973
     34.8165        15.4729        -0.4973
     34.8113        15.4738        -0.4973
     34.8144        15.4742        -0.4973
     34.8091        15.4751        -0.4973
     34.8121        15.4756        -0.4973
     34.8070        15.4764        -0.4973
     34.8098        15.4768        -0.4973
     34.8048        15.4777        -0.4973
     34.8078        15.4781        -0.4973
     34.8028        15.4789        -0.5047
     34.8929        15.4793        -0.5047
     34.8877        15.4803        -0.5047
     34.8897        15.4811        -0.5047
     34.8850        15.4821        -0.5047
     34.8869        15.4828        -0.5047
     34.8823        15.4837        -0.5047
     34.8843        15.4843        -0.5047
     34.8797        15.4852        -0.5047
     34.8818        15.4857        -0.5047
     34.8774        15.4866        -0.5047
     34.8794        15.4871        -0.5047
     34.8751        15.4879        -0.5047
     34.8772        15.4884        -0.5047
     34.8729        15.4892        -0.5047
     34.8751        15.4896        -0.5047
     34.8707        15.4905        -0.5047
     34.8729        15.4909        -0.5047
     34.8685        15.4916        -0.5047
     34.8709        15.4920        -0.5047
     34.8665        15.4928        -0.5047
     34.8688        15.4931        -0.5047
     34.8645        15.4939        -0.5047
     34.8669        15.4942        -0.5047
     34.8625        15.4950        -0.5047
     34.8650        15.4953        -0.5047
     34.8608        15.4960        -0.5047
     34.8632        15.4963        -0.5047
     34.8589        15.4970        -0.5047
     34.8617        15.4973        -0.5047
     34.8570        15.4980        -0.5047
     34.8599        15.4983        -0.5047
     34.8554        15.4990        -0.5047
     34.8582        15.4992        -0.5047
     34.8537        15.4999        -0.5047
     34.8565        15.5002        -0.5047
     34.8520        15.5008        -0.5047
     34.8549        15.5011        -0.5047
     34.8504        15.5017        -0.5047
     34.8536        15.5019        -0.5047
     34.8489        15.5026        -0.5047
     34.8519        15.5028        -0.5047
     34.8474        15.5034        -0.5047
     34.8503        15.5036        -0.5047
     34.8460        15.5043        -0.5047
     34.8489        15.5045        -0.5047
     34.8444        15.5051        -0.5047
     34.8473        15.5053        -0.5047
     34.8431        15.5059        -0.5047
     34.8460        15.5060        -0.5047
     34.8416        15.5066        -0.5099
     34.7504        15.5068        -0.5099
     34.7457        15.5075        -0.5099
     34.7482        15.5079        -0.5099
     34.7437        15.5085        -0.5099
     34.7464        15.5088        -0.5099
     34.7419        15.5094        -0.5099
     34.7447        15.5096        -0.5099
     34.7402        15.5102        -0.5099
     34.7430        15.5103        -0.5099
     34.7387        15.5109        -0.5099
     34.7416        15.5110        -0.5099
     34.7373        15.5115        -0.5099
     34.7400        15.5116        -0.5099
     34.7359        15.5121        -0.5099
     34.7385        15.5122        -0.5099
     34.7345        15.5127        -0.5099
     34.7374        15.5127        -0.5099
     34.7333        15.5132        -0.5099
     34.7363        15.5133        -0.5099
     34.7318        15.5137        -0.5099
     34.7350        15.5137        -0.5099
     34.7307        15.5142        -0.5099
     34.7339        15.5142        -0.5099
     34.7293        15.5146        -0.5099
     34.7329        15.5146        -0.5099
     34.7281        15.5150        -0.5099
     34.7318        15.5150        -0.5099
     34.7270        15.5154        -0.5099
     34.7307        15.5154        -0.5099
     34.7260        15.5158        -0.5099
     34.7298        15.5158        -0.5099
     34.7250        15.5161        -0.5099
     34.7287        15.5161        -0.5099
     34.7240        15.5165        -0.5099
     34.7277        15.5164        -0.5099
     34.7231        15.5168        -0.5099
     34.7268        15.5167        -0.5099
     34.7222        15.5171        -0.5099
     34.7260        15.5170        -0.5099
     34.7213        15.5174        -0.5099
     34.7250        15.5173        -0.5099
     34.7205        15.5177        -0.5099
     34.7242        15.5176        -0.5099
     34.7195        15.5179        -0.5099
     34.7234        15.5178        -0.5099
     34.7187        15.5182        -0.5099
     34.7225        15.5181        -0.5099
     34.7178        15.5184        -0.5099
     34.7217        15.5183        -0.5099
     34.7170        15.5186        -0.5131
     34.5695        15.5185        -0.5131
     34.5649        15.5189        -0.5131
     34.5683        15.5189        -0.5131
     34.5633        15.5192        -0.5131
     34.5671        15.5192        -0.5131
     34.5622        15.5194        -0.5131
     34.5663        15.5193        -0.5131
     34.5614        15.5196        -0.5131
     34.5654        15.5194        -0.5131
     34.5605        15.5196        -0.5131
     34.5642        15.5194        -0.5131
     34.5598        15.5196        -0.5131
     34.5635        15.5194        -0.5131
     34.5596        15.5196        -0.5131
     34.5629        15.5194        -0.5131
     34.5588        15.5195        -0.5131
     34.5623        15.5193        -0.5131
     34.5582        15.5194        -0.5131
     34.5617        15.5192        -0.5131
     34.5576        15.5193        -0.5131
     34.5611        15.5191        -0.5131
     34.5569        15.5192        -0.5131
     34.5605        15.5189        -0.5131
     34.5564        15.5190        -0.5131
     34.5601        15.5187        -0.5131
     34.5564        15.5189        -0.5131
     34.5599        15.5186        -0.5131
     34.5560        15.5187        -0.5131
     34.5593        15.5184        -0.5131
     34.5556        15.5185        -0.5131
     34.5589        15.5182        -0.5131
     34.5551        15.5183        -0.5131
     34.5586        15.5180        -0.5131
     34.5547        15.5180        -0.5131
     34.5582        15.5177        -0.5131
     34.5543        15.5178        -0.5131
     34.5580        15.5175        -0.5131
     34.5539        15.5176        -0.5131
     34.5576        15.5172        -0.5131
     34.5536        15.5173        -0.5131
     34.5572        15.5170        -0.5131
     34.5533        15.5171        -0.5131
     34.5570        15.5167        -0.5131
     34.5530        15.5168        -0.5131
     34.5568        15.5165        -0.5131
     34.5528        15.5165        -0.5131
     34.5565        15.5162        -0.5131
     34.5527        15.5162        -0.5131
     34.5564        15.5159        -0.5131
     34.5524        15.5160        -0.5143
     34.4253        15.5156        -0.5143
     34.4213        15.5157        -0.5143
     34.4237        15.5155        -0.5143
     34.4208        15.5156        -0.5143
     34.4226        15.5153        -0.5143
     34.4207        15.5154        -0.5143
     34.4221        15.5150        -0.5143
     34.4202        15.5150        -0.5143
     34.4219        15.5146        -0.5143
     34.4200        15.5146        -0.5143
     34.4216        15.5142        -0.5143
     34.4198        15.5142        -0.5143
     34.4214        15.5138        -0.5143
     34.4195        15.5137        -0.5143
     34.4210        15.5133        -0.5143
     34.4193        15.5132        -0.5143
     34.4209        15.5128        -0.5143
     34.4192        15.5127        -0.5143
     34.4208        15.5123        -0.5143
     34.4191        15.5122        -0.5143
     34.4207        15.5117        -0.5143
     34.4187        15.5116        -0.5143
     34.4207        15.5111        -0.5143
     34.4189        15.5111        -0.5143
     34.4207        15.5106        -0.5143
     34.4188        15.5105        -0.5143
     34.4205        15.5100        -0.5143
     34.4188        15.5099        -0.5143
     34.4205        15.5094        -0.5143
     34.4189        15.5093        -0.5143
     34.4206        15.5088        -0.5143
     34.4188        15.5087        -0.5143
     34.4207        15.5082        -0.5143
     34.4190        15.5081        -0.5143
     34.4208        15.5076        -0.5143
     34.4189        15.5075        -0.5143
     34.4208        15.5070        -0.5143
     34.4191        15.5068        -0.5143
     34.4216        15.5063        -0.5143
     34.4194        15.5062        -0.5143
     34.4216        15.5057        -0.5143
     34.4193        15.5056        -0.5143
     34.4218        15.5051        -0.5143
     34.4195        15.5049        -0.5143
     34.4219        15.5044        -0.5143
     34.4196        15.5043        -0.5143
     34.4220        15.5038        -0.5143
     34.4198        15.5037        -0.5143
     34.4223        15.5032        -0.5143
     34.4201        15.5030        -0.5144
     34.3331        15.5025        -0.5144
     34.3308        15.5024        -0.5144
     34.3325        15.5021        -0.5144
     34.3303        15.5020        -0.5144
     34.3323        15.5015        -0.5144
     34.3301        15.5014        -0.5144
     34.3323        15.5009        -0.5144
     34.3301        15.5007        -0.5144
     34.3324        15.5002        -0.5144
     34.3301        15.5000        -0.5144
     34.3322        15.4995        -0.5144
     34.3302        15.4992        -0.5144
     34.3322        15.4987        -0.5144
     34.3304        15.4985        -0.5144
     34.3324        15.4979        -0.5144
     34.3305        15.4976        -0.5144
     34.3327        15.4971        -0.5144
     34.3307        15.4968        -0.5144
     34.3330        15.4962        -0.5144
     34.3309        15.4960        -0.5144
     34.3332        15.4954        -0.5144
     34.3312        15.4951        -0.5144
     34.3335        15.4945        -0.5144
     34.3314        15.4942        -0.5144
     34.3338        15.4936        -0.5144
     34.3318        15.4934        -0.5144
     34.3340        15.4928        -0.5144
     34.3322        15.4925        -0.5144
     34.3343        15.4919        -0.5144
     34.3326        15.4916        -0.5144
     34.3347        15.4910        -0.5144
     34.3330        15.4907        -0.5144
     34.3351        15.4901        -0.5144
     34.3334        15.4898        -0.5144
     34.3354        15.4892        -0.5144
     34.3338        15.4889        -0.5144
     34.3358        15.4883        -0.5144
     34.3342        15.4880        -0.5144
     34.3363        15.4874        -0.5144
     34.3347        15.4871        -0.5144
     34.3368        15.4865        -0.5144
     34.3350        15.4862        -0.5144
     34.3372        15.4856        -0.5144
     34.3354        15.4853        -0.5144
     34.3376        15.4847        -0.5144
     34.3358        15.4844        -0.5144
     34.3380        15.4838        -0.5144
     34.3364        15.4835        -0.5144
     34.3386        15.4829        -0.5144
     34.3369        15.4826        -0.5135
     34.3020        15.4820        -0.5135
