        rmsthk      stdthk       rmsvel       stdvel       rmsdiv       stddiv       rmsusurf       stdusurf       vol
3.6104044914 18.2979831696 -26.7984733582 33.5690345764 0.0000000000 0.0000000000 13.9437055588 30.6557617188 13.7183246613
3.5616817474 18.2753849030 -26.8139934540 33.5644073486 0.0000000000 0.0000000000 13.9437055588 30.6557617188 13.7045078278
3.5173606873 18.2582530975 -26.8241386414 33.5544052124 0.0000000000 0.0000000000 13.9437055588 30.6557617188 13.6919403076
3.4750642776 18.2440605164 -26.8332195282 33.5455284119 0.0000000000 0.0000000000 13.9437055588 30.6557617188 13.6799468994
3.4341144562 18.2315444946 -26.8420314789 33.5375671387 0.0000000000 0.0000000000 13.9437055588 30.6557617188 13.6683340073
3.3938031197 18.2211570740 -26.8505134583 33.5299263000 0.0000000000 0.0000000000 13.9437055588 30.6557617188 13.6569032669
3.3538966179 18.2123813629 -26.8589076996 33.5226860046 0.0000000000 0.0000000000 13.9437055588 30.6557617188 13.6455879211
3.3141722679 18.2051982880 -26.8671073914 33.5155410767 0.0000000000 0.0000000000 13.9437055588 30.6557617188 13.6343231201
3.2743771076 18.1993083954 -26.8754501343 33.5084724426 0.0000000000 0.0000000000 13.9437055588 30.6557617188 13.6230392456
3.2342188358 18.1947422028 -26.8837871552 33.5016899109 0.0000000000 0.0000000000 13.9437055588 30.6557617188 13.6116514206
3.1935501099 18.1912136078 -26.8922290802 33.4949111938 0.0000000000 0.0000000000 13.9437055588 30.6557617188 13.6001195908
3.1522693634 18.1887283325 -26.9008350372 33.4883003235 0.0000000000 0.0000000000 13.9437055588 30.6557617188 13.5884151459
3.1102702618 18.1872234344 -26.9095954895 33.4816169739 0.0000000000 0.0000000000 13.9437055588 30.6557617188 13.5765056610
3.0674548149 18.1867084503 -26.9187374115 33.4749908447 0.0000000000 0.0000000000 13.9437055588 30.6557617188 13.5643644333
3.0238242149 18.1872272491 -26.9279747009 33.4683074951 0.0000000000 0.0000000000 13.9437055588 30.6557617188 13.5519905090
2.9793050289 18.1888618469 -26.9374542236 33.4616241455 0.0000000000 0.0000000000 13.9437055588 30.6557617188 13.5393686295
2.9338798523 18.1916637421 -26.9472789764 33.4548645020 0.0000000000 0.0000000000 13.9437055588 30.6557617188 13.5264873505
2.8874800205 18.1955108643 -26.9573078156 33.4482879639 0.0000000000 0.0000000000 13.9437055588 30.6557617188 13.5133295059
2.8401911259 18.2004051208 -26.9677104950 33.4417381287 0.0000000000 0.0000000000 13.9437055588 30.6557617188 13.4999217987
2.7919096947 18.2063083649 -26.9783363342 33.4349746704 0.0000000000 0.0000000000 13.9437055588 30.6557617188 13.4862298965
2.7427508831 18.2133064270 -26.9893589020 33.4282798767 0.0000000000 0.0000000000 13.9437055588 30.6557617188 13.4722909927
2.6925487518 18.2214031219 -27.0005149841 33.4216842651 0.0000000000 0.0000000000 13.9437055588 30.6557617188 13.4580554962
2.6413877010 18.2306976318 -27.0121307373 33.4149093628 0.0000000000 0.0000000000 13.9437055588 30.6557617188 13.4435491562
2.5890281200 18.2411327362 -27.0240211487 33.4082679749 0.0000000000 0.0000000000 13.9437055588 30.6557617188 13.4287014008
2.5356364250 18.2527942657 -27.0367298126 33.4014968872 0.0000000000 0.0000000000 13.9437055588 30.6557617188 13.4135627747
2.4810121059 18.2658424377 -27.0493106842 33.3947639465 0.0000000000 0.0000000000 13.9437055588 30.6557617188 13.3980722427
2.4253251553 18.2800502777 -27.0622596741 33.3882102966 0.0000000000 0.0000000000 13.9437055588 30.6557617188 13.3822813034
2.3684570789 18.2957077026 -27.0754833221 33.3815765381 0.0000000000 0.0000000000 13.9437055588 30.6557617188 13.3661565781
2.3106021881 18.3126163483 -27.0891513824 33.3749313354 0.0000000000 0.0000000000 13.9437055588 30.6557617188 13.3497505188
2.2515799999 18.3310565948 -27.1031608582 33.3683471680 0.0000000000 0.0000000000 13.9437055588 30.6557617188 13.3330135345
2.1914944649 18.3507480621 -27.1174812317 33.3616752625 0.0000000000 0.0000000000 13.9437055588 30.6557617188 13.3159761429
2.1302747726 18.3720092773 -27.1321487427 33.3552360535 0.0000000000 0.0000000000 13.9437055588 30.6557617188 13.2986173630
2.0680549145 18.3945903778 -27.1473751068 33.3487129211 0.0000000000 0.0000000000 13.9437055588 30.6557617188 13.2809734344
2.0046200752 18.4187984467 -27.1629047394 33.3423881531 0.0000000000 0.0000000000 13.9437055588 30.6557617188 13.2629861832
1.9401108027 18.4444332123 -27.1787662506 33.3360061646 0.0000000000 0.0000000000 13.9437055588 30.6557617188 13.2446947098
1.8744635582 18.4714870453 -27.1951103210 33.3295631409 0.0000000000 0.0000000000 13.9437055588 30.6557617188 13.2260789871
1.8078156710 18.4999065399 -27.2120609283 33.3231430054 0.0000000000 0.0000000000 13.9437055588 30.6557617188 13.2071809769
1.7400622368 18.5300273895 -27.2290897369 33.3169250488 0.0000000000 0.0000000000 13.9437055588 30.6557617188 13.1879692078
1.6713393927 18.5615291595 -27.2464904785 33.3107643127 0.0000000000 0.0000000000 13.9437055588 30.6557617188 13.1684808731
1.6015495062 18.5947475433 -27.2643795013 33.3045806885 0.0000000000 0.0000000000 13.9437055588 30.6557617188 13.1486921310
1.5308722258 18.6292972565 -27.2824840546 33.2983894348 0.0000000000 0.0000000000 13.9437055588 30.6557617188 13.1286506653
1.4590700865 18.6656589508 -27.3009605408 33.2924766541 0.0000000000 0.0000000000 13.9437055588 30.6557617188 13.1082897186
1.3863759041 18.7033824921 -27.3198928833 33.2864189148 0.0000000000 0.0000000000 13.9437055588 30.6557617188 13.0876770020
1.3125330210 18.7427272797 -27.3392295837 33.2805519104 0.0000000000 0.0000000000 13.9437055588 30.6557617188 13.0667381287
1.2378757000 18.7833213806 -27.3589668274 33.2747535706 0.0000000000 0.0000000000 13.9437055588 30.6557617188 13.0455675125
1.1621388197 18.8254737854 -27.3790130615 33.2688446045 0.0000000000 0.0000000000 13.9437055588 30.6557617188 13.0240917206
1.0856511593 18.8688354492 -27.3994541168 33.2630233765 0.0000000000 0.0000000000 13.9437055588 30.6557617188 13.0024051666
1.0081344843 18.9136276245 -27.4209804535 33.2571258545 0.0000000000 0.0000000000 13.9437055588 30.6557617188 12.9804229736
0.9299082756 18.9596538544 -27.4420337677 33.2513160706 0.0000000000 0.0000000000 13.9437055588 30.6557617188 12.9582405090
0.8506643176 19.0071697235 -27.4634456635 33.2456016541 0.0000000000 0.0000000000 13.9437055588 30.6557617188 12.9357709885
0.7626379132 19.0293903351 -21.6355190277 32.8611755371 0.0000000000 0.0000000000 13.9437055588 30.6557617188 12.9108104706
0.6706521511 19.0582141876 -21.6661624908 32.8479385376 0.0000000000 0.0000000000 13.9437055588 30.6557617188 12.8847255707
0.5777246952 19.0884723663 -21.7000141144 32.8362922668 0.0000000000 0.0000000000 13.9437055588 30.6557617188 12.8583765030
0.4837492108 19.1212062836 -21.7335281372 32.8248748779 0.0000000000 0.0000000000 13.9437055588 30.6557617188 12.8317289352
0.3890855610 19.1558761597 -21.7685279846 32.8136672974 0.0000000000 0.0000000000 13.9437055588 30.6557617188 12.8048858643
0.2936325967 19.1927490234 -21.8027954102 32.8026657104 0.0000000000 0.0000000000 13.9437055588 30.6557617188 12.7778186798
0.1976414919 19.2311916351 -21.8385105133 32.7919311523 0.0000000000 0.0000000000 13.9437055588 30.6557617188 12.7505998611
0.1008689925 19.2716178894 -21.8739624023 32.7809333801 0.0000000000 0.0000000000 13.9437055588 30.6557617188 12.7231588364
0.0035839665 19.3133125305 -21.9108924866 32.7703933716 0.0000000000 0.0000000000 13.9437055588 30.6557617188 12.6955728531
-0.0944562480 19.3571033478 -21.9464187622 32.7597770691 0.0000000000 0.0000000000 13.9437055588 30.6557617188 12.6677713394
-0.1929876655 19.4020900726 -21.9833011627 32.7492942810 0.0000000000 0.0000000000 13.9437055588 30.6557617188 12.6398324966
-0.2922590375 19.4493923187 -22.0193748474 32.7387199402 0.0000000000 0.0000000000 13.9437055588 30.6557617188 12.6116828918
-0.3918932974 19.4981212616 -22.0570449829 32.7284736633 0.0000000000 0.0000000000 13.9437055588 30.6557617188 12.5834312439
-0.4921753109 19.5490856171 -22.0938453674 32.7182617188 0.0000000000 0.0000000000 13.9437055588 30.6557617188 12.5549945831
-0.5926709175 19.6012992859 -22.1319980621 32.7082481384 0.0000000000 0.0000000000 13.9437055588 30.6557617188 12.5264987946
-0.6936817169 19.6557521820 -22.1696834564 32.6979942322 0.0000000000 0.0000000000 13.9437055588 30.6557617188 12.4978561401
-0.7949215770 19.7114219666 -22.2083244324 32.6882133484 0.0000000000 0.0000000000 13.9437055588 30.6557617188 12.4691486359
-0.8964803219 19.7694301605 -22.2460727692 32.6782073975 0.0000000000 0.0000000000 13.9437055588 30.6557617188 12.4403514862
-0.9982452393 19.8285484314 -22.2852611542 32.6684417725 0.0000000000 0.0000000000 13.9437055588 30.6557617188 12.4114933014
-1.1001890898 19.8899326324 -22.3235511780 32.6587524414 0.0000000000 0.0000000000 13.9437055588 30.6557617188 12.3825874329
-1.2021951675 19.9525318146 -22.3630332947 32.6491699219 0.0000000000 0.0000000000 13.9437055588 30.6557617188 12.3536634445
-1.3044015169 20.0172958374 -22.4016189575 32.6393318176 0.0000000000 0.0000000000 13.9437055588 30.6557617188 12.3246812820
-1.4065150023 20.0833396912 -22.4414806366 32.6298713684 0.0000000000 0.0000000000 13.9437055588 30.6557617188 12.2957248688
-1.5087844133 20.1515369415 -22.4811401367 32.6205215454 0.0000000000 0.0000000000 13.9437055588 30.6557617188 12.2667255402
-1.6108027697 20.2208118439 -22.5260295868 32.6065673828 0.0000000000 0.0000000000 13.9437055588 30.6557617188 12.2377977371
-1.7128700018 20.2919216156 -22.5603809357 32.6016387939 0.0000000000 0.0000000000 13.9437055588 30.6557617188 12.2088546753
-1.8146376610 20.3640460968 -22.6023159027 32.5917549133 0.0000000000 0.0000000000 13.9437055588 30.6557617188 12.1799983978
-1.9162960052 20.4377098083 -22.6410903931 32.5825309753 0.0000000000 0.0000000000 13.9437055588 30.6557617188 12.1511707306
-2.0175924301 20.5122375488 -22.6863040924 32.5691947937 0.0000000000 0.0000000000 13.9437055588 30.6557617188 12.1224479675
-2.1187212467 20.5880298615 -22.7205677032 32.5640869141 0.0000000000 0.0000000000 13.9437055588 30.6557617188 12.0937728882
-2.2195019722 20.6647720337 -22.7657775879 32.5508117676 0.0000000000 0.0000000000 13.9437055588 30.6557617188 12.0651950836
-2.3201601505 20.7429313660 -22.7999935150 32.5455131531 0.0000000000 0.0000000000 13.9437055588 30.6557617188 12.0366506577
-2.4205582142 20.8218765259 -22.8458194733 32.5325431824 0.0000000000 0.0000000000 13.9437055588 30.6557617188 12.0081825256
-2.5207746029 20.9022312164 -22.8807888031 32.5274009705 0.0000000000 0.0000000000 13.9437055588 30.6557617188 11.9797658920
-2.6207313538 20.9834232330 -22.9275379181 32.5146446228 0.0000000000 0.0000000000 13.9437055588 30.6557617188 11.9514217377
-2.7202520370 21.0658683777 -22.9639873505 32.5087013245 0.0000000000 0.0000000000 13.9437055588 30.6557617188 11.9232025146
-2.8194532394 21.1493339539 -23.0096054077 32.4959793091 0.0000000000 0.0000000000 13.9437055588 30.6557617188 11.8950719833
-2.9180328846 21.2342605591 -23.0504169464 32.4862365723 0.0000000000 0.0000000000 13.9437055588 30.6557617188 11.8671188354
-3.0162444115 21.3202457428 -23.0923480988 32.4769020081 0.0000000000 0.0000000000 13.9437055588 30.6557617188 11.8392696381
-3.1136603355 21.4074325562 -23.1308917999 32.4682960510 0.0000000000 0.0000000000 13.9437055588 30.6557617188 11.8116474152
-3.2104542255 21.4957427979 -23.1766033173 32.4577560425 0.0000000000 0.0000000000 13.9437055588 30.6557617188 11.7842006683
-3.3062167168 21.5849170685 -23.2136592865 32.4504280090 0.0000000000 0.0000000000 13.9437055588 30.6557617188 11.7570447922
-3.4012670517 21.6752986908 -23.2567214966 32.4400825500 0.0000000000 0.0000000000 13.9437055588 30.6557617188 11.7300920486
-3.4952237606 21.7665538788 -23.2951240540 32.4320335388 0.0000000000 0.0000000000 13.9437055588 30.6557617188 11.7034521103
-3.5884308815 21.8590183258 -23.3381843567 32.4216957092 0.0000000000 0.0000000000 13.9437055588 30.6557617188 11.6770200729
-3.6807034016 21.9525585175 -23.3775711060 32.4136810303 0.0000000000 0.0000000000 13.9437055588 30.6557617188 11.6508560181
-3.7723226547 22.0473575592 -23.4247474670 32.4021034241 0.0000000000 0.0000000000 13.9437055588 30.6557617188 11.6248760223
-3.8630666733 22.1431369781 -23.4613933563 32.3947486877 0.0000000000 0.0000000000 13.9437055588 30.6557617188 11.5991449356
-3.9532096386 22.2397480011 -23.5099048615 32.3823318481 0.0000000000 0.0000000000 13.9437055588 30.6557617188 11.5735836029
-4.0422687531 22.3367080688 -23.5477771759 32.3754119873 0.0000000000 0.0000000000 13.9437055588 30.6557617188 11.5483303070
-4.1184744835 22.4169006348 -24.6981887817 32.4993553162 0.0000000000 0.0000000000 13.9437055588 30.6557617188 11.5267219543
-4.1946029663 22.4998683929 -24.7228298187 32.4925003052 0.0000000000 0.0000000000 13.9437055588 30.6557617188 11.5051345825
-4.2689671516 22.5800724030 -24.7614383698 32.4762153625 0.0000000000 0.0000000000 13.9437055588 30.6557617188 11.4840469360
-4.3423943520 22.6599140167 -24.7829265594 32.4719238281 0.0000000000 0.0000000000 13.9437055588 30.6557617188 11.4632272720
-4.4155097008 22.7390022278 -24.8160667419 32.4577636719 0.0000000000 0.0000000000 13.9437055588 30.6557617188 11.4424953461
-4.4886579514 22.8188419342 -24.8407363892 32.4499969482 0.0000000000 0.0000000000 13.9437055588 30.6557617188 11.4217529297
-4.5622692108 22.8988571167 -24.8771419525 32.4327354431 0.0000000000 0.0000000000 13.9437055588 30.6557617188 11.4008789062
-4.6359171867 22.9793872833 -24.8999328613 32.4280586243 0.0000000000 0.0000000000 13.9437055588 30.6557617188 11.3799962997
-4.7095041275 23.0596237183 -24.9372558594 32.4114799500 0.0000000000 0.0000000000 13.9437055588 30.6557617188 11.3591299057
-4.7826128006 23.1401386261 -24.9612216949 32.4053764343 0.0000000000 0.0000000000 13.9437055588 30.6557617188 11.3383989334
-4.8553276062 23.2208194733 -24.9964885712 32.3904533386 0.0000000000 0.0000000000 13.9437055588 30.6557617188 11.3177785873
-4.9268946648 23.3016052246 -25.0197467804 32.3846130371 0.0000000000 0.0000000000 13.9437055588 30.6557617188 11.2974853516
-4.9974770546 23.3826370239 -25.0558166504 32.3691711426 0.0000000000 0.0000000000 13.9437055588 30.6557617188 11.2774724960
-5.0665860176 23.4648838043 -25.0779743195 32.3643035889 0.0000000000 0.0000000000 13.9437055588 30.6557617188 11.2578754425
-5.1347885132 23.5481643677 -25.1143035889 32.3476600647 0.0000000000 0.0000000000 13.9437055588 30.6557617188 11.2385349274
-5.2016506195 23.6327934265 -25.1378955841 32.3417968750 0.0000000000 0.0000000000 13.9437055588 30.6557617188 11.2195758820
-5.2679424286 23.7189464569 -25.1705856323 32.3277282715 0.0000000000 0.0000000000 13.9437055588 30.6557617188 11.2007780075
-5.3329987526 23.8060932159 -25.1937465668 32.3222351074 0.0000000000 0.0000000000 13.9437055588 30.6557617188 11.1823310852
-5.3978934288 23.8940658569 -25.2273807526 32.3067741394 0.0000000000 0.0000000000 13.9437055588 30.6557617188 11.1639299393
-5.4618630409 23.9819164276 -25.2473716736 32.3031501770 0.0000000000 0.0000000000 13.9437055588 30.6557617188 11.1457901001
-5.5257439613 24.0695476532 -25.2801322937 32.2878456116 0.0000000000 0.0000000000 13.9437055588 30.6557617188 11.1276760101
-5.5889616013 24.1568584442 -25.2997131348 32.2843360901 0.0000000000 0.0000000000 13.9437055588 30.6557617188 11.1097507477
-5.6523585320 24.2437591553 -25.3337192535 32.2678756714 0.0000000000 0.0000000000 13.9437055588 30.6557617188 11.0917730331
-5.7149014473 24.3292713165 -25.3517379761 32.2649765015 0.0000000000 0.0000000000 13.9437055588 30.6557617188 11.0740385056
-5.7775635719 24.4133548737 -25.3864955902 32.2483215332 0.0000000000 0.0000000000 13.9437055588 30.6557617188 11.0562705994
-5.8392319679 24.4957675934 -25.4052371979 32.2437629700 0.0000000000 0.0000000000 13.9437055588 30.6557617188 11.0387830734
-5.9010744095 24.5772247314 -25.4366855621 32.2281646729 0.0000000000 0.0000000000 13.9437055588 30.6557617188 11.0212478638
-5.9617509842 24.6575298309 -25.4555778503 32.2228813171 0.0000000000 0.0000000000 13.9437055588 30.6557617188 11.0040426254
-6.0227818489 24.7375411987 -25.4857540131 32.2071876526 0.0000000000 0.0000000000 13.9437055588 30.6557617188 10.9867362976
-6.0829081535 24.8174114227 -25.5040321350 32.2017898560 0.0000000000 0.0000000000 13.9437055588 30.6557617188 10.9696874619
-6.1434016228 24.8974170685 -25.5345115662 32.1862373352 0.0000000000 0.0000000000 13.9437055588 30.6557617188 10.9525337219
-6.2028479576 24.9770507812 -25.5555973053 32.1790924072 0.0000000000 0.0000000000 13.9437055588 30.6557617188 10.9356775284
-6.2625150681 25.0563678741 -25.5826606750 32.1660194397 0.0000000000 0.0000000000 13.9437055588 30.6557617188 10.9187574387
-6.3209156990 25.1345043182 -25.6013126373 32.1611175537 0.0000000000 0.0000000000 13.9437055588 30.6557617188 10.9021968842
-6.3791685104 25.2122421265 -25.6308746338 32.1459045410 0.0000000000 0.0000000000 13.9437055588 30.6557617188 10.8856801987
-6.4362039566 25.2892875671 -25.6542377472 32.1368408203 0.0000000000 0.0000000000 13.9437055588 30.6557617188 10.8695058823
-6.4930896759 25.3665103912 -25.6784667969 32.1262512207 0.0000000000 0.0000000000 13.9437055588 30.6557617188 10.8533754349
-6.5484471321 25.4423675537 -25.7013797760 32.1168212891 0.0000000000 0.0000000000 13.9437055588 30.6557617188 10.8376798630
-6.6035594940 25.5181312561 -25.7250881195 32.1053466797 0.0000000000 0.0000000000 13.9437055588 30.6557617188 10.8220510483
-6.6573829651 25.5928993225 -25.7464694977 32.0962524414 0.0000000000 0.0000000000 13.9437055588 30.6557617188 10.8067903519
-6.7111001015 25.6678524017 -25.7699813843 32.0842514038 0.0000000000 0.0000000000 13.9437055588 30.6557617188 10.7915573120
-6.7635140419 25.7422771454 -25.7924175262 32.0740394592 0.0000000000 0.0000000000 13.9437055588 30.6557617188 10.7766933441
-6.8157415390 25.8178176880 -25.8155422211 32.0616416931 0.0000000000 0.0000000000 13.9437055588 30.6557617188 10.7618846893
-6.8667683601 25.8929710388 -25.8357925415 32.0529594421 0.0000000000 0.0000000000 13.9437055588 30.6557617188 10.7474164963
-6.9178595543 25.9682254791 -25.8587131500 32.0408439636 0.0000000000 0.0000000000 13.9437055588 30.6557617188 10.7329282761
-6.9677786827 26.0426292419 -25.8782062531 32.0321083069 0.0000000000 0.0000000000 13.9437055588 30.6557617188 10.7187728882
-7.0180087090 26.1172313690 -25.8997402191 32.0207138062 0.0000000000 0.0000000000 13.9437055588 30.6557617188 10.7045307159
-7.0668773651 26.1901588440 -25.9195728302 32.0119857788 0.0000000000 0.0000000000 13.9437055588 30.6557617188 10.6906728745
-7.1157898903 26.2618370056 -25.9409599304 32.0005683899 0.0000000000 0.0000000000 13.9437055588 30.6557617188 10.6768026352
-7.1632199287 26.3317470551 -25.9601573944 31.9916496277 0.0000000000 0.0000000000 13.9437055588 30.6557617188 10.6633558273
-7.2010507584 26.3870849609 -27.5855846405 32.1588859558 0.0000000000 0.0000000000 13.9437055588 30.6557617188 10.6526260376
-7.2371554375 26.4407310486 -27.6000194550 32.1503181458 0.0000000000 0.0000000000 13.9437055588 30.6557617188 10.6423892975
-7.2724585533 26.4930553436 -27.6117229462 32.1410865784 0.0000000000 0.0000000000 13.9437055588 30.6557617188 10.6323785782
-7.3065657616 26.5442447662 -27.6250190735 32.1332359314 0.0000000000 0.0000000000 13.9437055588 30.6557617188 10.6227073669
-7.3404135704 26.5946197510 -27.6360664368 32.1244850159 0.0000000000 0.0000000000 13.9437055588 30.6557617188 10.6131086349
-7.3740601540 26.6447391510 -27.6493320465 32.1168785095 0.0000000000 0.0000000000 13.9437055588 30.6557617188 10.6035690308
-7.4082612991 26.6952018738 -27.6606388092 32.1084098816 0.0000000000 0.0000000000 13.9437055588 30.6557617188 10.5938701630
-7.4425196648 26.7458133698 -27.6742687225 32.1005287170 0.0000000000 0.0000000000 13.9437055588 30.6557617188 10.5841550827
-7.4771571159 26.7969245911 -27.6857910156 32.0918807983 0.0000000000 0.0000000000 13.9437055588 30.6557617188 10.5743341446
-7.5112948418 26.8476753235 -27.7041950226 32.0805015564 0.0000000000 0.0000000000 13.9437055588 30.6557617188 10.5646543503
-7.5452933311 26.8978290558 -27.7125511169 32.0746421814 0.0000000000 0.0000000000 13.9437055588 30.6557617188 10.5550117493
-7.5784444809 26.9466152191 -27.7270545959 32.0662994385 0.0000000000 0.0000000000 13.9437055588 30.6557617188 10.5456123352
-7.6112794876 26.9944591522 -27.7393493652 32.0562973022 0.0000000000 0.0000000000 13.9437055588 30.6557617188 10.5363025665
-7.6433777809 27.0418376923 -27.7562599182 32.0459861755 0.0000000000 0.0000000000 13.9437055588 30.6557617188 10.5272006989
-7.6750555038 27.0885887146 -27.7634162903 32.0399246216 0.0000000000 0.0000000000 13.9437055588 30.6557617188 10.5182180405
-7.7062144279 27.1360855103 -27.7751083374 32.0334396362 0.0000000000 0.0000000000 13.9437055588 30.6557617188 10.5093822479
-7.7372789383 27.1828727722 -27.7899208069 32.0215301514 0.0000000000 0.0000000000 13.9437055588 30.6557617188 10.5005741119
-7.7678394318 27.2303562164 -27.8048515320 32.0122909546 0.0000000000 0.0000000000 13.9437055588 30.6557617188 10.4919071198
-7.7979507446 27.2767696381 -27.8134555817 32.0053520203 0.0000000000 0.0000000000 13.9437055588 30.6557617188 10.4833698273
-7.8272757530 27.3241424561 -27.8225154877 32.0008850098 0.0000000000 0.0000000000 13.9437055588 30.6557617188 10.4750537872
-7.8557934761 27.3702564240 -27.8368453979 31.9897136688 0.0000000000 0.0000000000 13.9437055588 30.6557617188 10.4669675827
-7.8834886551 27.4173393250 -27.8480606079 31.9831542969 0.0000000000 0.0000000000 13.9437055588 30.6557617188 10.4591140747
-7.9102654457 27.4624881744 -27.8579807281 31.9755706787 0.0000000000 0.0000000000 13.9437055588 30.6557617188 10.4515218735
-7.9363026619 27.5080070496 -27.8636913300 31.9732818604 0.0000000000 0.0000000000 13.9437055588 30.6557617188 10.4441385269
-7.9616737366 27.5511512756 -27.8797435760 31.9614295959 0.0000000000 0.0000000000 13.9437055588 30.6557617188 10.4369449615
-7.9866557121 27.5947990417 -27.8873252869 31.9569435120 0.0000000000 0.0000000000 13.9437055588 30.6557617188 10.4298601151
-8.0114831924 27.6372299194 -27.8994941711 31.9481296539 0.0000000000 0.0000000000 13.9437055588 30.6557617188 10.4228210449
-8.0357618332 27.6795616150 -27.9027843475 31.9474010468 0.0000000000 0.0000000000 13.9437055588 30.6557617188 10.4159364700
-8.0600252151 27.7208576202 -27.9189262390 31.9349174500 0.0000000000 0.0000000000 13.9437055588 30.6557617188 10.4090547562
-8.0838747025 27.7625274658 -27.9262313843 31.9309349060 0.0000000000 0.0000000000 13.9437055588 30.6557617188 10.4022932053
-8.1078910828 27.8035964966 -27.9420585632 31.9186306000 0.0000000000 0.0000000000 13.9437055588 30.6557617188 10.3954830170
-8.1317310333 27.8452777863 -27.9411678314 31.9214611053 0.0000000000 0.0000000000 13.9437055588 30.6557617188 10.3887224197
-8.1556339264 27.8855724335 -27.9584770203 31.9075679779 0.0000000000 0.0000000000 13.9437055588 30.6557617188 10.3819446564
-8.1790676117 27.9254703522 -27.9630622864 31.9054718018 0.0000000000 0.0000000000 13.9437055588 30.6557617188 10.3753004074
-8.2022647858 27.9631023407 -27.9781875610 31.8935394287 0.0000000000 0.0000000000 13.9437055588 30.6557617188 10.3687229156
-8.2246265411 27.9989356995 -27.9766807556 31.8967456818 0.0000000000 0.0000000000 13.9437055588 30.6557617188 10.3623819351
-8.2465391159 28.0323562622 -27.9950199127 31.8815860748 0.0000000000 0.0000000000 13.9437055588 30.6557617188 10.3561677933
-8.2673807144 28.0641517639 -27.9966964722 31.8818225861 0.0000000000 0.0000000000 13.9437055588 30.6557617188 10.3502578735
-8.2878494263 28.0941543579 -28.0106391907 31.8703441620 0.0000000000 0.0000000000 13.9437055588 30.6557617188 10.3444538116
-8.3072462082 28.1238384247 -28.0079517365 31.8742713928 0.0000000000 0.0000000000 13.9437055588 30.6557617188 10.3389539719
-8.3264970779 28.1529617310 -28.0247936249 31.8600006104 0.0000000000 0.0000000000 13.9437055588 30.6557617188 10.3334932327
-8.3447246552 28.1820373535 -28.0260715485 31.8607501984 0.0000000000 0.0000000000 13.9437055588 30.6557617188 10.3283271790
-8.3629713058 28.2107105255 -28.0379676819 31.8501949310 0.0000000000 0.0000000000 13.9437055588 30.6557617188 10.3231525421
-8.3803567886 28.2395038605 -28.0367317200 31.8536968231 0.0000000000 0.0000000000 13.9437055588 30.6557617188 10.3182220459
-8.3978576660 28.2673625946 -28.0511245728 31.8406734467 0.0000000000 0.0000000000 13.9437055588 30.6557617188 10.3132591248
-8.4145765305 28.2946414948 -28.0538196564 31.8405780792 0.0000000000 0.0000000000 13.9437055588 30.6557617188 10.3085193634
-8.4316301346 28.3207511902 -28.0647201538 31.8307857513 0.0000000000 0.0000000000 13.9437055588 30.6557617188 10.3036832809
-8.4480657578 28.3462505341 -28.0676612854 31.8305816650 0.0000000000 0.0000000000 13.9437055588 30.6557617188 10.2990236282
-8.4648685455 28.3706207275 -28.0773334503 31.8214340210 0.0000000000 0.0000000000 13.9437055588 30.6557617188 10.2942590714
-8.4811820984 28.3947563171 -28.0809402466 31.8207588196 0.0000000000 0.0000000000 13.9437055588 30.6557617188 10.2896318436
-8.4944801331 28.4128894806 -29.2302913666 31.9729957581 0.0000000000 0.0000000000 13.9437055588 30.6557617188 10.2858610153
-8.5068960190 28.4302845001 -29.2329807281 31.9717483521 0.0000000000 0.0000000000 13.9437055588 30.6557617188 10.2823410034
-8.5195198059 28.4469547272 -29.2376995087 31.9642772675 0.0000000000 0.0000000000 13.9437055588 30.6557617188 10.2787618637
-8.5312461853 28.4633560181 -29.2441883087 31.9588508606 0.0000000000 0.0000000000 13.9437055588 30.6557617188 10.2754364014
-8.5432624817 28.4792690277 -29.2467899323 31.9537982941 0.0000000000 0.0000000000 13.9437055588 30.6557617188 10.2720289230
-8.5546150208 28.4955406189 -29.2517299652 31.9514312744 0.0000000000 0.0000000000 13.9437055588 30.6557617188 10.2688102722
-8.5662040710 28.5111751556 -29.2529430389 31.9465961456 0.0000000000 0.0000000000 13.9437055588 30.6557617188 10.2655239105
-8.5771455765 28.5271415710 -29.2586193085 31.9441127777 0.0000000000 0.0000000000 13.9437055588 30.6557617188 10.2624216080
-8.5885076523 28.5427551270 -29.2611598969 31.9391670227 0.0000000000 0.0000000000 13.9437055588 30.6557617188 10.2591991425
-8.5992670059 28.5588321686 -29.2657070160 31.9367427826 0.0000000000 0.0000000000 13.9437055588 30.6557617188 10.2561483383
-8.6104946136 28.5747871399 -29.2667140961 31.9330615997 0.0000000000 0.0000000000 13.9437055588 30.6557617188 10.2529649734
-8.6212301254 28.5912113190 -29.2727699280 31.9293575287 0.0000000000 0.0000000000 13.9437055588 30.6557617188 10.2499208450
-8.6323413849 28.6070976257 -29.2732753754 31.9262847900 0.0000000000 0.0000000000 13.9437055588 30.6557617188 10.2467699051
-8.6428375244 28.6233940125 -29.2793159485 31.9224071503 0.0000000000 0.0000000000 13.9437055588 30.6557617188 10.2437925339
-8.6534528732 28.6389675140 -29.2805767059 31.9187412262 0.0000000000 0.0000000000 13.9437055588 30.6557617188 10.2407836914
-8.6632289886 28.6546649933 -29.2843837738 31.9165210724 0.0000000000 0.0000000000 13.9437055588 30.6557617188 10.2380113602
-8.6732234955 28.6697616577 -29.2870922089 31.9121761322 0.0000000000 0.0000000000 13.9437055588 30.6557617188 10.2351779938
-8.6826639175 28.6850833893 -29.2905006409 31.9104919434 0.0000000000 0.0000000000 13.9437055588 30.6557617188 10.2324991226
-8.6924552917 28.6998138428 -29.2940082550 31.9052639008 0.0000000000 0.0000000000 13.9437055588 30.6557617188 10.2297239304
-8.7017774582 28.7147636414 -29.2971782684 31.9044094086 0.0000000000 0.0000000000 13.9437055588 30.6557617188 10.2270803452
-8.7113666534 28.7288055420 -29.2999687195 31.8990421295 0.0000000000 0.0000000000 13.9437055588 30.6557617188 10.2243614197
-8.7206182480 28.7436485291 -29.3031864166 31.8982181549 0.0000000000 0.0000000000 13.9437055588 30.6557617188 10.2217378616
-8.7301788330 28.7579231262 -29.3048686981 31.8934612274 0.0000000000 0.0000000000 13.9437055588 30.6557617188 10.2190265656
-8.7394733429 28.7728404999 -29.3080730438 31.8928070068 0.0000000000 0.0000000000 13.9437055588 30.6557617188 10.2163915634
-8.7490377426 28.7871513367 -29.3122558594 31.8872280121 0.0000000000 0.0000000000 13.9437055588 30.6557617188 10.2136793137
-8.7582645416 28.8022861481 -29.3157005310 31.8859214783 0.0000000000 0.0000000000 13.9437055588 30.6557617188 10.2110633850
-8.7677249908 28.8167495728 -29.3170948029 31.8820056915 0.0000000000 0.0000000000 13.9437055588 30.6557617188 10.2083797455
-8.7768516541 28.8321151733 -29.3211479187 31.8803520203 0.0000000000 0.0000000000 13.9437055588 30.6557617188 10.2057924271
-8.7862672806 28.8468608856 -29.3232040405 31.8757362366 0.0000000000 0.0000000000 13.9437055588 30.6557617188 10.2031230927
-8.7953090668 28.8619728088 -29.3265266418 31.8746948242 0.0000000000 0.0000000000 13.9437055588 30.6557617188 10.2005586624
-8.8046407700 28.8764133453 -29.3277645111 31.8707523346 0.0000000000 0.0000000000 13.9437055588 30.6557617188 10.1979122162
-8.8134231567 28.8907794952 -29.3314380646 31.8697319031 0.0000000000 0.0000000000 13.9437055588 30.6557617188 10.1954221725
-8.8223371506 28.9039840698 -29.3333473206 31.8652877808 0.0000000000 0.0000000000 13.9437055588 30.6557617188 10.1928939819
-8.8305654526 28.9165935516 -29.3361091614 31.8647899628 0.0000000000 0.0000000000 13.9437055588 30.6557617188 10.1905612946
-8.8390522003 28.9283714294 -29.3387794495 31.8606853485 0.0000000000 0.0000000000 13.9437055588 30.6557617188 10.1881551743
-8.8468122482 28.9396991730 -29.3417358398 31.8597526550 0.0000000000 0.0000000000 13.9437055588 30.6557617188 10.1859540939
-8.8550968170 28.9509296417 -29.3436508179 31.8560943604 0.0000000000 0.0000000000 13.9437055588 30.6557617188 10.1836042404
-8.8626890182 28.9616775513 -29.3464794159 31.8545551300 0.0000000000 0.0000000000 13.9437055588 30.6557617188 10.1814517975
-8.8706941605 28.9717597961 -29.3482952118 31.8510665894 0.0000000000 0.0000000000 13.9437055588 30.6557617188 10.1791810989
-8.8781032562 28.9816150665 -29.3509712219 31.8506488800 0.0000000000 0.0000000000 13.9437055588 30.6557617188 10.1770820618
-8.8858175278 28.9908638000 -29.3525619507 31.8466854095 0.0000000000 0.0000000000 13.9437055588 30.6557617188 10.1748943329
-8.8930215836 29.0003414154 -29.3541660309 31.8470973969 0.0000000000 0.0000000000 13.9437055588 30.6557617188 10.1728515625
-8.9004812241 29.0094776154 -29.3558254242 31.8429985046 0.0000000000 0.0000000000 13.9437055588 30.6557617188 10.1707363129
-8.9073534012 29.0185508728 -29.3596572876 31.8420009613 0.0000000000 0.0000000000 13.9437055588 30.6557617188 10.1687870026
-8.9145021439 29.0269985199 -29.3604888916 31.8394508362 0.0000000000 0.0000000000 13.9437055588 30.6557617188 10.1667604446
-8.9210672379 29.0351543427 -29.3630847931 31.8384532928 0.0000000000 0.0000000000 13.9437055588 30.6557617188 10.1648988724
-8.9278717041 29.0423526764 -29.3632049561 31.8362426758 0.0000000000 0.0000000000 13.9437055588 30.6557617188 10.1629686356
-8.9342966080 29.0500812531 -29.3657035828 31.8352622986 0.0000000000 0.0000000000 13.9437055588 30.6557617188 10.1611471176
-8.9410533905 29.0575771332 -29.3651313782 31.8358516693 0.0000000000 0.0000000000 13.9437055588 30.6557617188 10.1592311859
-8.9474849701 29.0658416748 -29.3677883148 31.8321781158 0.0000000000 0.0000000000 13.9437055588 30.6557617188 10.1574087143
-8.9530401230 29.0711231232 -29.8424282074 31.8169784546 0.0000000000 0.0000000000 13.9437055588 30.6557617188 10.1558332443
-8.9582233429 29.0770511627 -29.8443775177 31.8127441406 0.0000000000 0.0000000000 13.9437055588 30.6557617188 10.1543626785
-8.9639949799 29.0831718445 -29.8473014832 31.8101711273 0.0000000000 0.0000000000 13.9437055588 30.6557617188 10.1527252197
-8.9694900513 29.0901622772 -29.8456687927 31.8094863892 0.0000000000 0.0000000000 13.9437055588 30.6557617188 10.1511678696
-8.9755067825 29.0972385406 -29.8495807648 31.8065414429 0.0000000000 0.0000000000 13.9437055588 30.6557617188 10.1494617462
-8.9811782837 29.1050624847 -29.8499755859 31.8051433563 0.0000000000 0.0000000000 13.9437055588 30.6557617188 10.1478528976
-8.9872655869 29.1125431061 -29.8523578644 31.8025321960 0.0000000000 0.0000000000 13.9437055588 30.6557617188 10.1461267471
-8.9930076599 29.1204013824 -29.8528862000 31.8020153046 0.0000000000 0.0000000000 13.9437055588 30.6557617188 10.1444997787
-8.9989261627 29.1272525787 -29.8542327881 31.7997913361 0.0000000000 0.0000000000 13.9437055588 30.6557617188 10.1428203583
-9.0044345856 29.1342735291 -29.8555488586 31.7984733582 0.0000000000 0.0000000000 13.9437055588 30.6557617188 10.1412601471
-9.0100116730 29.1400871277 -29.8563728333 31.7968959808 0.0000000000 0.0000000000 13.9437055588 30.6557617188 10.1396780014
-9.0150318146 29.1455307007 -29.8579521179 31.7952709198 0.0000000000 0.0000000000 13.9437055588 30.6557617188 10.1382541656
-9.0201215744 29.1496620178 -29.8594608307 31.7935180664 0.0000000000 0.0000000000 13.9437055588 30.6557617188 10.1368112564
-9.0248260498 29.1542205811 -29.8591499329 31.7924919128 0.0000000000 0.0000000000 13.9437055588 30.6557617188 10.1354770660
-9.0297536850 29.1581516266 -29.8603229523 31.7933616638 0.0000000000 0.0000000000 13.9437055588 30.6557617188 10.1340799332
-9.0343990326 29.1628818512 -29.8616924286 31.7891235352 0.0000000000 0.0000000000 13.9437055588 30.6557617188 10.1327629089
-9.0393295288 29.1672000885 -29.8614654541 31.7908382416 0.0000000000 0.0000000000 13.9437055588 30.6557617188 10.1313648224
-9.0440444946 29.1723918915 -29.8630657196 31.7865924835 0.0000000000 0.0000000000 13.9437055588 30.6557617188 10.1300268173
-9.0490150452 29.1771984100 -29.8636207581 31.7879714966 0.0000000000 0.0000000000 13.9437055588 30.6557617188 10.1286172867
-9.0537958145 29.1828575134 -29.8655757904 31.7838745117 0.0000000000 0.0000000000 13.9437055588 30.6557617188 10.1272621155
-9.0587749481 29.1877651215 -29.8649730682 31.7852668762 0.0000000000 0.0000000000 13.9437055588 30.6557617188 10.1258497238
-9.0634975433 29.1932525635 -29.8679370880 31.7810955048 0.0000000000 0.0000000000 13.9437055588 30.6557617188 10.1245107651
-9.0683784485 29.1978893280 -29.8663501740 31.7827587128 0.0000000000 0.0000000000 13.9437055588 30.6557617188 10.1231269836
-9.0729618073 29.2030258179 -29.8699131012 31.7789096832 0.0000000000 0.0000000000 13.9437055588 30.6557617188 10.1218280792
-9.0777368546 29.2073764801 -29.8681316376 31.7802772522 0.0000000000 0.0000000000 13.9437055588 30.6557617188 10.1204738617
-9.0822572708 29.2124366760 -29.8716888428 31.7765560150 0.0000000000 0.0000000000 13.9437055588 30.6557617188 10.1191911697
-9.0869865417 29.2168788910 -29.8696899414 31.7777214050 0.0000000000 0.0000000000 13.9437055588 30.6557617188 10.1178512573
-9.0915222168 29.2222805023 -29.8735923767 31.7740745544 0.0000000000 0.0000000000 13.9437055588 30.6557617188 10.1165637970
-9.0963153839 29.2273063660 -29.8713092804 31.7751712799 0.0000000000 0.0000000000 13.9437055588 30.6557617188 10.1152048111
-9.1009416580 29.2332725525 -29.8751201630 31.7717113495 0.0000000000 0.0000000000 13.9437055588 30.6557617188 10.1138935089
-9.1058425903 29.2388153076 -29.8729076385 31.7728633881 0.0000000000 0.0000000000 13.9437055588 30.6557617188 10.1125049591
-9.1104841232 29.2451076508 -29.8767242432 31.7694034576 0.0000000000 0.0000000000 13.9437055588 30.6557617188 10.1111879349
-9.1154289246 29.2509078979 -29.8744468689 31.7703895569 0.0000000000 0.0000000000 13.9437055588 30.6557617188 10.1097860336
-9.1200380325 29.2572937012 -29.8794631958 31.7663211823 0.0000000000 0.0000000000 13.9437055588 30.6557617188 10.1084785461
-9.1249103546 29.2627716064 -29.8758163452 31.7677745819 0.0000000000 0.0000000000 13.9437055588 30.6557617188 10.1070966721
-9.1293573380 29.2683963776 -29.8815288544 31.7642364502 0.0000000000 0.0000000000 13.9437055588 30.6557617188 10.1058359146
-9.1340742111 29.2731475830 -29.8780937195 31.7654132843 0.0000000000 0.0000000000 13.9437055588 30.6557617188 10.1044979095
-9.1383543015 29.2780475616 -29.8842620850 31.7610092163 0.0000000000 0.0000000000 13.9437055588 30.6557617188 10.1032848358
-9.1428537369 29.2819309235 -29.8800582886 31.7630348206 0.0000000000 0.0000000000 13.9437055588 30.6557617188 10.1020097733
-9.1469097137 29.2860393524 -29.8850593567 31.7595081329 0.0000000000 0.0000000000 13.9437055588 30.6557617188 10.1008586884
-9.1512336731 29.2894878387 -29.8816146851 31.7609577179 0.0000000000 0.0000000000 13.9437055588 30.6557617188 10.0996332169
-9.1551752090 29.2934093475 -29.8874511719 31.7564697266 0.0000000000 0.0000000000 13.9437055588 30.6557617188 10.0985136032
-9.1594314575 29.2967758179 -29.8827991486 31.7587547302 0.0000000000 0.0000000000 13.9437055588 30.6557617188 10.0973072052
-9.1633262634 29.3006649017 -29.8887557983 31.7541427612 0.0000000000 0.0000000000 13.9437055588 30.6557617188 10.0962038040
-9.1675357819 29.3039989471 -29.8841381073 31.7565040588 0.0000000000 0.0000000000 13.9437055588 30.6557617188 10.0950098038
-9.1713905334 29.3078632355 -29.8898887634 31.7520580292 0.0000000000 0.0000000000 13.9437055588 30.6557617188 10.0939168930
-9.1755599976 29.3111763000 -29.8856410980 31.7546520233 0.0000000000 0.0000000000 13.9437055588 30.6557617188 10.0927343369
-9.1793699265 29.3150100708 -29.8922538757 31.7494869232 0.0000000000 0.0000000000 13.9437055588 30.6557617188 10.0916538239
-9.1834926605 29.3182888031 -29.8879241943 31.7520179749 0.0000000000 0.0000000000 13.9437055588 30.6557617188 10.0904846191
-9.1872634888 29.3221035004 -29.8933601379 31.7473583221 0.0000000000 0.0000000000 13.9437055588 30.6557617188 10.0894165039
-9.1910963058 29.3237323761 -29.8832359314 31.6116256714 0.0000000000 0.0000000000 13.9437055588 30.6557617188 10.0883293152
-9.1946096420 29.3258571625 -29.8862361908 31.6115016937 0.0000000000 0.0000000000 13.9437055588 30.6557617188 10.0873327255
-9.1984367371 29.3275279999 -29.8865432739 31.6085205078 0.0000000000 0.0000000000 13.9437055588 30.6557617188 10.0862474442
-9.2019624710 29.3297691345 -29.8880062103 31.6091747284 0.0000000000 0.0000000000 13.9437055588 30.6557617188 10.0852479935
-9.2057695389 29.3314876556 -29.8890228271 31.6065673828 0.0000000000 0.0000000000 13.9437055588 30.6557617188 10.0841684341
-9.2092847824 29.3337917328 -29.8888282776 31.6071548462 0.0000000000 0.0000000000 13.9437055588 30.6557617188 10.0831727982
-9.2130603790 29.3355388641 -29.8901042938 31.6045703888 0.0000000000 0.0000000000 13.9437055588 30.6557617188 10.0820999146
-9.2165584564 29.3378868103 -29.8909797668 31.6050395966 0.0000000000 0.0000000000 13.9437055588 30.6557617188 10.0811090469
-9.2203006744 29.3396549225 -29.8915348053 31.6025428772 0.0000000000 0.0000000000 13.9437055588 30.6557617188 10.0800485611
-9.2237653732 29.3420333862 -29.8931446075 31.6028118134 0.0000000000 0.0000000000 13.9437055588 30.6557617188 10.0790662766
-9.2274856567 29.3438358307 -29.8928966522 31.6001739502 0.0000000000 0.0000000000 13.9437055588 30.6557617188 10.0780105591
-9.2309217453 29.3462409973 -29.8943939209 31.6009731293 0.0000000000 0.0000000000 13.9437055588 30.6557617188 10.0770368576
-9.2346181870 29.3480720520 -29.8938808441 31.5980262756 0.0000000000 0.0000000000 13.9437055588 30.6557617188 10.0759878159
-9.2380247116 29.3505096436 -29.8951873779 31.5990467072 0.0000000000 0.0000000000 13.9437055588 30.6557617188 10.0750226974
-9.2416982651 29.3523674011 -29.8949165344 31.5960311890 0.0000000000 0.0000000000 13.9437055588 30.6557617188 10.0739812851
-9.2450733185 29.3548240662 -29.8966312408 31.5968017578 0.0000000000 0.0000000000 13.9437055588 30.6557617188 10.0730228424
-9.2487192154 29.3567047119 -29.8958835602 31.5941390991 0.0000000000 0.0000000000 13.9437055588 30.6557617188 10.0719900131
-9.2520704269 29.3591842651 -29.8975334167 31.5949592590 0.0000000000 0.0000000000 13.9437055588 30.6557617188 10.0710401535
-9.2556867599 29.3610839844 -29.8970775604 31.5921230316 0.0000000000 0.0000000000 13.9437055588 30.6557617188 10.0700139999
-9.2590150833 29.3635864258 -29.8991508484 31.5925559998 0.0000000000 0.0000000000 13.9437055588 30.6557617188 10.0690708160
-9.2626028061 29.3654975891 -29.8995704651 31.5893783569 0.0000000000 0.0000000000 13.9437055588 30.6557617188 10.0680532455
-9.2659063339 29.3680286407 -29.9007873535 31.5904178619 0.0000000000 0.0000000000 13.9437055588 30.6557617188 10.0671157837
-9.2694654465 29.3699588776 -29.9007377625 31.5873603821 0.0000000000 0.0000000000 13.9437055588 30.6557617188 10.0661077499
-9.2727451324 29.3725090027 -29.9018802643 31.5886993408 0.0000000000 0.0000000000 13.9437055588 30.6557617188 10.0651779175
-9.2762804031 29.3744564056 -29.9020557404 31.5855522156 0.0000000000 0.0000000000 13.9437055588 30.6557617188 10.0641736984
-9.2795333862 29.3770236969 -29.9031448364 31.5869312286 0.0000000000 0.0000000000 13.9437055588 30.6557617188 10.0632524490
-9.2830467224 29.3789920807 -29.9034576416 31.5838947296 0.0000000000 0.0000000000 13.9437055588 30.6557617188 10.0622549057
-9.2862720490 29.3815746307 -29.9043903351 31.5852279663 0.0000000000 0.0000000000 13.9437055588 30.6557617188 10.0613412857
-9.2897596359 29.3835563660 -29.9058628082 31.5813426971 0.0000000000 0.0000000000 13.9437055588 30.6557617188 10.0603523254
-9.2929582596 29.3861522675 -29.9067497253 31.5830478668 0.0000000000 0.0000000000 13.9437055588 30.6557617188 10.0594453812
-9.2964134216 29.3881378174 -29.9079856873 31.5790519714 0.0000000000 0.0000000000 13.9437055588 30.6557617188 10.0584650040
-9.2995853424 29.3907432556 -29.9086704254 31.5806827545 0.0000000000 0.0000000000 13.9437055588 30.6557617188 10.0575647354
-9.3030071259 29.3927307129 -29.9098968506 31.5767688751 0.0000000000 0.0000000000 13.9437055588 30.6557617188 10.0565967560
-9.3061552048 29.3953514099 -29.9096050262 31.5788650513 0.0000000000 0.0000000000 13.9437055588 30.6557617188 10.0557022095
-9.3095464706 29.3973445892 -29.9118995667 31.5744056702 0.0000000000 0.0000000000 13.9437055588 30.6557617188 10.0547418594
-9.3126754761 29.3999805450 -29.9112873077 31.5773525238 0.0000000000 0.0000000000 13.9437055588 30.6557617188 10.0538539886
-9.3160324097 29.4019737244 -29.9138965607 31.5719165802 0.0000000000 0.0000000000 13.9437055588 30.6557617188 10.0529031754
-9.3191423416 29.4046230316 -29.9124488831 31.5756645203 0.0000000000 0.0000000000 13.9437055588 30.6557617188 10.0520200729
-9.3224630356 29.4066123962 -29.9148082733 31.5698070526 0.0000000000 0.0000000000 13.9437055588 30.6557617188 10.0510787964
-9.3255538940 29.4092788696 -29.9134750366 31.5739955902 0.0000000000 0.0000000000 13.9437055588 30.6557617188 10.0502014160
-9.3288450241 29.4112682343 -29.9158077240 31.5682029724 0.0000000000 0.0000000000 13.9437055588 30.6557617188 10.0492687225
-9.3319158554 29.4139423370 -29.9145164490 31.5722942352 0.0000000000 0.0000000000 13.9437055588 30.6557617188 10.0483980179
-9.3351793289 29.4159393311 -29.9170341492 31.5662918091 0.0000000000 0.0000000000 13.9437055588 30.6557617188 10.0474729538
-9.3382310867 29.4186286926 -29.9148559570 31.5711803436 0.0000000000 0.0000000000 13.9437055588 30.6557617188 10.0466079712
-9.3414678574 29.4206275940 -29.9189147949 31.5647315979 0.0000000000 0.0000000000 13.9437055588 30.6557617188 10.0456905365
-9.3445014954 29.4233303070 -29.9158840179 31.5695075989 0.0000000000 0.0000000000 13.9437055588 30.6557617188 10.0448293686
-9.3477106094 29.4253292084 -29.9201717377 31.5629673004 0.0000000000 0.0000000000 13.9437055588 30.6557617188 10.0439205170
-9.3507280350 29.4280433655 -29.9169235229 31.5677204132 0.0000000000 0.0000000000 13.9437055588 30.6557617188 10.0430641174
-9.3539094925 29.4300441742 -29.9211597443 31.5612888336 0.0000000000 0.0000000000 13.9437055588 30.6557617188 10.0421619415
-9.3569107056 29.4327697754 -29.9176635742 31.5661392212 0.0000000000 0.0000000000 13.9437055588 30.6557617188 10.0413103104
-9.3603744507 29.4336719513 -29.6656551361 31.3699531555 0.0000000000 0.0000000000 13.9437055588 30.6557617188 10.0403289795
-9.3637399673 29.4353332520 -29.6631717682 31.3729705811 0.0000000000 0.0000000000 13.9437055588 30.6557617188 10.0393733978
-9.3672161102 29.4362964630 -29.6675128937 31.3680000305 0.0000000000 0.0000000000 13.9437055588 30.6557617188 10.0383892059
-9.3705730438 29.4380512238 -29.6645526886 31.3705272675 0.0000000000 0.0000000000 13.9437055588 30.6557617188 10.0374364853
-9.3740310669 29.4390659332 -29.6692485809 31.3662528992 0.0000000000 0.0000000000 13.9437055588 30.6557617188 10.0364561081
-9.3773784637 29.4408874512 -29.6661033630 31.3686828613 0.0000000000 0.0000000000 13.9437055588 30.6557617188 10.0355072021
-9.3808135986 29.4419460297 -29.6721630096 31.3641700745 0.0000000000 0.0000000000 13.9437055588 30.6557617188 10.0345335007
-9.3841390610 29.4438152313 -29.6671047211 31.3670272827 0.0000000000 0.0000000000 13.9437055588 30.6557617188 10.0335893631
-9.3875503540 29.4449157715 -29.6731529236 31.3620605469 0.0000000000 0.0000000000 13.9437055588 30.6557617188 10.0326223373
-9.3908576965 29.4468288422 -29.6686210632 31.3652400970 0.0000000000 0.0000000000 13.9437055588 30.6557617188 10.0316848755
-9.3942451477 29.4479732513 -29.6746883392 31.3602218628 0.0000000000 0.0000000000 13.9437055588 30.6557617188 10.0307245255
-9.3975315094 29.4499244690 -29.6703929901 31.3633365631 0.0000000000 0.0000000000 13.9437055588 30.6557617188 10.0297918320
-9.4008960724 29.4511051178 -29.6761493683 31.3585548401 0.0000000000 0.0000000000 13.9437055588 30.6557617188 10.0288391113
-9.4041604996 29.4530944824 -29.6718254089 31.3616409302 0.0000000000 0.0000000000 13.9437055588 30.6557617188 10.0279121399
-9.4075040817 29.4543132782 -29.6776580811 31.3568534851 0.0000000000 0.0000000000 13.9437055588 30.6557617188 10.0269641876
-9.4107465744 29.4563350677 -29.6733016968 31.3599109650 0.0000000000 0.0000000000 13.9437055588 30.6557617188 10.0260457993
-9.4140653610 29.4575843811 -29.6791629791 31.3550338745 0.0000000000 0.0000000000 13.9437055588 30.6557617188 10.0251035690
-9.4172859192 29.4596366882 -29.6754798889 31.3577308655 0.0000000000 0.0000000000 13.9437055588 30.6557617188 10.0241909027
-9.4205837250 29.4609184265 -29.6805820465 31.3532867432 0.0000000000 0.0000000000 13.9437055588 30.6557617188 10.0232563019
-9.4237804413 29.4630012512 -29.6769657135 31.3559207916 0.0000000000 0.0000000000 13.9437055588 30.6557617188 10.0223493576
-9.4270544052 29.4643096924 -29.6830406189 31.3508186340 0.0000000000 0.0000000000 13.9437055588 30.6557617188 10.0214214325
-9.4302301407 29.4664211273 -29.6785259247 31.3542461395 0.0000000000 0.0000000000 13.9437055588 30.6557617188 10.0205211639
-9.4334821701 29.4677562714 -29.6850280762 31.3488273621 0.0000000000 0.0000000000 13.9437055588 30.6557617188 10.0195980072
-9.4366340637 29.4698925018 -29.6800098419 31.3525447845 0.0000000000 0.0000000000 13.9437055588 30.6557617188 10.0187044144
-9.4398632050 29.4712524414 -29.6871089935 31.3469142914 0.0000000000 0.0000000000 13.9437055588 30.6557617188 10.0177888870
-9.4429912567 29.4734096527 -29.6814289093 31.3508834839 0.0000000000 0.0000000000 13.9437055588 30.6557617188 10.0169010162
-9.4461994171 29.4747943878 -29.6885147095 31.3453178406 0.0000000000 0.0000000000 13.9437055588 30.6557617188 10.0159921646
-9.4493064880 29.4769763947 -29.6829433441 31.3492240906 0.0000000000 0.0000000000 13.9437055588 30.6557617188 10.0151109695
-9.4524927139 29.4783859253 -29.6900100708 31.3437328339 0.0000000000 0.0000000000 13.9437055588 30.6557617188 10.0142078400
-9.4555768967 29.4805870056 -29.6846408844 31.3475685120 0.0000000000 0.0000000000 13.9437055588 30.6557617188 10.0133323669
-9.4587411880 29.4820213318 -29.6920394897 31.3417892456 0.0000000000 0.0000000000 13.9437055588 30.6557617188 10.0124368668
-9.4618034363 29.4842395782 -29.6861324310 31.3459529877 0.0000000000 0.0000000000 13.9437055588 30.6557617188 10.0115671158
-9.4649457932 29.4856948853 -29.6936168671 31.3403720856 0.0000000000 0.0000000000 13.9437055588 30.6557617188 10.0106773376
-9.4679870605 29.4879341125 -29.6878452301 31.3440952301 0.0000000000 0.0000000000 13.9437055588 30.6557617188 10.0098142624
-9.4711074829 29.4894104004 -29.6950740814 31.3388366699 0.0000000000 0.0000000000 13.9437055588 30.6557617188 10.0089292526
-9.4741277695 29.4916667938 -29.6902351379 31.3419246674 0.0000000000 0.0000000000 13.9437055588 30.6557617188 10.0080718994
-9.4772272110 29.4931583405 -29.6965217590 31.3372535706 0.0000000000 0.0000000000 13.9437055588 30.6557617188 10.0071935654
-9.4802265167 29.4954338074 -29.6916828156 31.3403434753 0.0000000000 0.0000000000 13.9437055588 30.6557617188 10.0063438416
-9.4833040237 29.4969444275 -29.6978588104 31.3358306885 0.0000000000 0.0000000000 13.9437055588 30.6557617188 10.0054712296
-9.4862823486 29.4992370605 -29.6931629181 31.3388156891 0.0000000000 0.0000000000 13.9437055588 30.6557617188 10.0046262741
-9.4893388748 29.5007629395 -29.6993465424 31.3342361450 0.0000000000 0.0000000000 13.9437055588 30.6557617188 10.0037603378
-9.4922952652 29.5030708313 -29.6946258545 31.3372020721 0.0000000000 0.0000000000 13.9437055588 30.6557617188 10.0029211044
-9.4953317642 29.5046138763 -29.7013397217 31.3322868347 0.0000000000 0.0000000000 13.9437055588 30.6557617188 10.0020599365
-9.4982662201 29.5069351196 -29.6961345673 31.3357429504 0.0000000000 0.0000000000 13.9437055588 30.6557617188 10.0012273788
-9.5012836456 29.5084915161 -29.7027606964 31.3307495117 0.0000000000 0.0000000000 13.9437055588 30.6557617188 10.0003728867
-9.5041961670 29.5108299255 -29.6975536346 31.3342514038 0.0000000000 0.0000000000 13.9437055588 30.6557617188 9.9995460510
-9.5071964264 29.5124015808 -29.7041339874 31.3292942047 0.0000000000 0.0000000000 13.9437055588 30.6557617188 9.9986953735
-9.5100860596 29.5147495270 -29.6995372772 31.3323783875 0.0000000000 0.0000000000 13.9437055588 30.6557617188 9.9978752136
-9.5130691528 29.5163402557 -29.7056312561 31.3277244568 0.0000000000 0.0000000000 13.9437055588 30.6557617188 9.9970302582
-9.5159378052 29.5186996460 -29.7009754181 31.3309249878 0.0000000000 0.0000000000 13.9437055588 30.6557617188 9.9962167740
-9.5194730759 29.5194702148 -29.3728904724 31.1351871490 0.0000000000 0.0000000000 13.9437055588 30.6557617188 9.9952144623
-9.5229701996 29.5210266113 -29.3697147369 31.1375198364 0.0000000000 0.0000000000 13.9437055588 30.6557617188 9.9942235947
-9.5265340805 29.5218658447 -29.3749580383 31.1335506439 0.0000000000 0.0000000000 13.9437055588 30.6557617188 9.9932126999
-9.5299987793 29.5235004425 -29.3730716705 31.1351127625 0.0000000000 0.0000000000 13.9437055588 30.6557617188 9.9922294617
-9.5335559845 29.5243968964 -29.3773841858 31.1316261292 0.0000000000 0.0000000000 13.9437055588 30.6557617188 9.9912223816
-9.5369949341 29.5260848999 -29.3756809235 31.1329612732 0.0000000000 0.0000000000 13.9437055588 30.6557617188 9.9902467728
-9.5405349731 29.5270347595 -29.3797740936 31.1296405792 0.0000000000 0.0000000000 13.9437055588 30.6557617188 9.9892425537
-9.5439491272 29.5287723541 -29.3778438568 31.1312141418 0.0000000000 0.0000000000 13.9437055588 30.6557617188 9.9882755280
-9.5474710464 29.5297679901 -29.3819503784 31.1280059814 0.0000000000 0.0000000000 13.9437055588 30.6557617188 9.9872751236
-9.5508584976 29.5315437317 -29.3800735474 31.1294841766 0.0000000000 0.0000000000 13.9437055588 30.6557617188 9.9863157272
-9.5543613434 29.5325908661 -29.3841533661 31.1263008118 0.0000000000 0.0000000000 13.9437055588 30.6557617188 9.9853210449
-9.5577239990 29.5344047546 -29.3822059631 31.1277713776 0.0000000000 0.0000000000 13.9437055588 30.6557617188 9.9843673706
-9.5612058640 29.5354881287 -29.3863430023 31.1245994568 0.0000000000 0.0000000000 13.9437055588 30.6557617188 9.9833812714
-9.5645408630 29.5373382568 -29.3851222992 31.1256122589 0.0000000000 0.0000000000 13.9437055588 30.6557617188 9.9824352264
-9.5680017471 29.5384654999 -29.3884563446 31.1229400635 0.0000000000 0.0000000000 13.9437055588 30.6557617188 9.9814538956
-9.5713119507 29.5403461456 -29.3874015808 31.1239395142 0.0000000000 0.0000000000 13.9437055588 30.6557617188 9.9805154800
-9.5747489929 29.5415039062 -29.3906669617 31.1213626862 0.0000000000 0.0000000000 13.9437055588 30.6557617188 9.9795408249
-9.5780344009 29.5434226990 -29.3894996643 31.1224040985 0.0000000000 0.0000000000 13.9437055588 30.6557617188 9.9786100388
-9.5814523697 29.5446166992 -29.3928642273 31.1197605133 0.0000000000 0.0000000000 13.9437055588 30.6557617188 9.9776401520
-9.5847120285 29.5465641022 -29.3917236328 31.1207485199 0.0000000000 0.0000000000 13.9437055588 30.6557617188 9.9767160416
-9.5881061554 29.5477848053 -29.3949737549 31.1182117462 0.0000000000 0.0000000000 13.9437055588 30.6557617188 9.9757528305
-9.5913419724 29.5497608185 -29.3939342499 31.1191062927 0.0000000000 0.0000000000 13.9437055588 30.6557617188 9.9748363495
-9.5947160721 29.5510139465 -29.3971481323 31.1166973114 0.0000000000 0.0000000000 13.9437055588 30.6557617188 9.9738788605
-9.5979270935 29.5530147552 -29.3960437775 31.1175556183 0.0000000000 0.0000000000 13.9437055588 30.6557617188 9.9729681015
-9.6012792587 29.5542926788 -29.3992919922 31.1151561737 0.0000000000 0.0000000000 13.9437055588 30.6557617188 9.9720172882
-9.6044654846 29.5563240051 -29.3981857300 31.1159477234 0.0000000000 0.0000000000 13.9437055588 30.6557617188 9.9711141586
-9.6077966690 29.5576305389 -29.4013385773 31.1135311127 0.0000000000 0.0000000000 13.9437055588 30.6557617188 9.9701700211
-9.6109590530 29.5596790314 -29.4003219604 31.1144962311 0.0000000000 0.0000000000 13.9437055588 30.6557617188 9.9692726135
-9.6142692566 29.5610122681 -29.4034156799 31.1119232178 0.0000000000 0.0000000000 13.9437055588 30.6557617188 9.9683351517
-9.6174068451 29.5630874634 -29.4027118683 31.1131420135 0.0000000000 0.0000000000 13.9437055588 30.6557617188 9.9674453735
-9.6206979752 29.5644493103 -29.4054851532 31.1104564667 0.0000000000 0.0000000000 13.9437055588 30.6557617188 9.9665117264
-9.6238174438 29.5665416718 -29.4009819031 31.1155910492 0.0000000000 0.0000000000 13.9437055588 30.6557617188 9.9656267166
-9.6270837784 29.5679244995 -29.4077091217 31.1088676453 0.0000000000 0.0000000000 13.9437055588 30.6557617188 9.9646997452
-9.6301727295 29.5700378418 -29.4071521759 31.1103954315 0.0000000000 0.0000000000 13.9437055588 30.6557617188 9.9638242722
-9.6334228516 29.5714416504 -29.4097671509 31.1073284149 0.0000000000 0.0000000000 13.9437055588 30.6557617188 9.9629020691
-9.6364879608 29.5735778809 -29.4091567993 31.1088790894 0.0000000000 0.0000000000 13.9437055588 30.6557617188 9.9620342255
-9.6397199631 29.5750045776 -29.4120197296 31.1058158875 0.0000000000 0.0000000000 13.9437055588 30.6557617188 9.9611177444
-9.6427659988 29.5771579742 -29.4073009491 31.1112384796 0.0000000000 0.0000000000 13.9437055588 30.6557617188 9.9602537155
-9.6459751129 29.5786037445 -29.4141731262 31.1043605804 0.0000000000 0.0000000000 13.9437055588 30.6557617188 9.9593439102
-9.6489896774 29.5807743073 -29.4135131836 31.1062393188 0.0000000000 0.0000000000 13.9437055588 30.6557617188 9.9584894180
-9.6521835327 29.5822391510 -29.4162864685 31.1027050018 0.0000000000 0.0000000000 13.9437055588 30.6557617188 9.9575815201
-9.6551818848 29.5844249725 -29.4114952087 31.1084556580 0.0000000000 0.0000000000 13.9437055588 30.6557617188 9.9567327499
-9.6583547592 29.5859107971 -29.4183483124 31.1013679504 0.0000000000 0.0000000000 13.9437055588 30.6557617188 9.9558324814
-9.6613216400 29.5881080627 -29.4175357819 31.1033496857 0.0000000000 0.0000000000 13.9437055588 30.6557617188 9.9549922943
-9.6644821167 29.5896205902 -29.4200725555 31.1000537872 0.0000000000 0.0000000000 13.9437055588 30.6557617188 9.9540958405
-9.6674327850 29.5918292999 -29.4162464142 31.1056537628 0.0000000000 0.0000000000 13.9437055588 30.6557617188 9.9532594681
-9.6705732346 29.5933589935 -29.4220714569 31.0986728668 0.0000000000 0.0000000000 13.9437055588 30.6557617188 9.9523687363
-9.6734905243 29.5955791473 -29.4228401184 31.1003208160 0.0000000000 0.0000000000 13.9437055588 30.6557617188 9.9515419006
-9.6766176224 29.5971240997 -29.4242343903 31.0972633362 0.0000000000 0.0000000000 13.9437055588 30.6557617188 9.9506559372
-9.6795177460 29.5993576050 -29.4207305908 31.1027050018 0.0000000000 0.0000000000 13.9437055588 30.6557617188 9.9498319626
-9.6832389832 29.6001987457 -29.1232128143 30.9263305664 0.0000000000 0.0000000000 13.9437055588 30.6557617188 9.9487762451
-9.6868076324 29.6017303467 -29.1252460480 30.9268016815 0.0000000000 0.0000000000 13.9437055588 30.6557617188 9.9477643967
-9.6905612946 29.6026268005 -29.1260185242 30.9245243073 0.0000000000 0.0000000000 13.9437055588 30.6557617188 9.9467010498
-9.6940994263 29.6042270660 -29.1261596680 30.9268455505 0.0000000000 0.0000000000 13.9437055588 30.6557617188 9.9456968307
-9.6978397369 29.6051769257 -29.1285228729 30.9227161407 0.0000000000 0.0000000000 13.9437055588 30.6557617188 9.9446363449
-9.7013444901 29.6068325043 -29.1329956055 30.9215106964 0.0000000000 0.0000000000 13.9437055588 30.6557617188 9.9436445236
-9.7050666809 29.6078338623 -29.1313018799 30.9209842682 0.0000000000 0.0000000000 13.9437055588 30.6557617188 9.9425878525
-9.7085533142 29.6095371246 -29.1317787170 30.9235496521 0.0000000000 0.0000000000 13.9437055588 30.6557617188 9.9415988922
-9.7122526169 29.6105823517 -29.1341114044 30.9192657471 0.0000000000 0.0000000000 13.9437055588 30.6557617188 9.9405508041
-9.7157049179 29.6123275757 -29.1386051178 30.9182033539 0.0000000000 0.0000000000 13.9437055588 30.6557617188 9.9395713806
-9.7193822861 29.6134147644 -29.1369228363 30.9177265167 0.0000000000 0.0000000000 13.9437055588 30.6557617188 9.9385280609
-9.7228164673 29.6151962280 -29.1373939514 30.9201793671 0.0000000000 0.0000000000 13.9437055588 30.6557617188 9.9375543594
-9.7264690399 29.6163215637 -29.1396198273 30.9160575867 0.0000000000 0.0000000000 13.9437055588 30.6557617188 9.9365177155
-9.7298688889 29.6181411743 -29.1438064575 30.9151039124 0.0000000000 0.0000000000 13.9437055588 30.6557617188 9.9355545044
-9.7334995270 29.6193046570 -29.1418552399 30.9141578674 0.0000000000 0.0000000000 13.9437055588 30.6557617188 9.9345254898
-9.7368793488 29.6211547852 -29.1425170898 30.9171237946 0.0000000000 0.0000000000 13.9437055588 30.6557617188 9.9335670471
-9.7404813766 29.6223487854 -29.1446628571 30.9126110077 0.0000000000 0.0000000000 13.9437055588 30.6557617188 9.9325456619
-9.7438249588 29.6242275238 -29.1491107941 30.9120922089 0.0000000000 0.0000000000 13.9437055588 30.6557617188 9.9315977097
-9.7473983765 29.6254482269 -29.1475124359 30.9109954834 0.0000000000 0.0000000000 13.9437055588 30.6557617188 9.9305839539
-9.7507219315 29.6273612976 -29.1485595703 30.9136867523 0.0000000000 0.0000000000 13.9437055588 30.6557617188 9.9296407700
-9.7542657852 29.6286067963 -29.1500167847 30.9095630646 0.0000000000 0.0000000000 13.9437055588 30.6557617188 9.9286365509
-9.7575569153 29.6305484772 -29.1554698944 30.9086494446 0.0000000000 0.0000000000 13.9437055588 30.6557617188 9.9277038574
-9.7610845566 29.6318244934 -29.1526317596 30.9080753326 0.0000000000 0.0000000000 13.9437055588 30.6557617188 9.9267044067
-9.7643594742 29.6337947845 -29.1540260315 30.9106750488 0.0000000000 0.0000000000 13.9437055588 30.6557617188 9.9257745743
-9.7678613663 29.6350975037 -29.1553726196 30.9065818787 0.0000000000 0.0000000000 13.9437055588 30.6557617188 9.9247817993
-9.7711086273 29.6370944977 -29.1604690552 30.9054489136 0.0000000000 0.0000000000 13.9437055588 30.6557617188 9.9238615036
-9.7745866776 29.6384239197 -29.1580104828 30.9050960541 0.0000000000 0.0000000000 13.9437055588 30.6557617188 9.9228744507
-9.7778177261 29.6404438019 -29.1588325500 30.9078884125 0.0000000000 0.0000000000 13.9437055588 30.6557617188 9.9219579697
-9.7812757492 29.6417961121 -29.1606483459 30.9034538269 0.0000000000 0.0000000000 13.9437055588 30.6557617188 9.9209785461
-9.7844753265 29.6438446045 -29.1655139923 30.9027767181 0.0000000000 0.0000000000 13.9437055588 30.6557617188 9.9200696945
-9.7879133224 29.6452178955 -29.1632480621 30.9020767212 0.0000000000 0.0000000000 13.9437055588 30.6557617188 9.9190950394
-9.7910957336 29.6472854614 -29.1640377045 30.9050083160 0.0000000000 0.0000000000 13.9437055588 30.6557617188 9.9181938171
-9.7945089340 29.6486816406 -29.1658782959 30.9006423950 0.0000000000 0.0000000000 13.9437055588 30.6557617188 9.9172248840
-9.7976589203 29.6507701874 -29.1711483002 30.8997974396 0.0000000000 0.0000000000 13.9437055588 30.6557617188 9.9163322449
-9.8010492325 29.6521892548 -29.1684818268 30.8992004395 0.0000000000 0.0000000000 13.9437055588 30.6557617188 9.9153709412
-9.8041830063 29.6542949677 -29.1697463989 30.9020385742 0.0000000000 0.0000000000 13.9437055588 30.6557617188 9.9144830704
-9.8075485229 29.6557312012 -29.1710128784 30.8977489471 0.0000000000 0.0000000000 13.9437055588 30.6557617188 9.9135284424
-9.8106517792 29.6578578949 -29.1766719818 30.8967456818 0.0000000000 0.0000000000 13.9437055588 30.6557617188 9.9126472473
-9.8139972687 29.6593132019 -29.1735839844 30.8964805603 0.0000000000 0.0000000000 13.9437055588 30.6557617188 9.9116992950
-9.8170871735 29.6614570618 -29.1757564545 30.8985328674 0.0000000000 0.0000000000 13.9437055588 30.6557617188 9.9108238220
-9.8204097748 29.6629314423 -29.1760940552 30.8950424194 0.0000000000 0.0000000000 13.9437055588 30.6557617188 9.9098815918
-9.8234691620 29.6650962830 -29.1823406219 30.8935298920 0.0000000000 0.0000000000 13.9437055588 30.6557617188 9.9090147018
-9.8267717361 29.6665840149 -29.1786594391 30.8936920166 0.0000000000 0.0000000000 13.9437055588 30.6557617188 9.9080762863
-9.8298158646 29.6687622070 -29.1808662415 30.8958721161 0.0000000000 0.0000000000 13.9437055588 30.6557617188 9.9072141647
-9.8330965042 29.6702671051 -29.1822834015 30.8916473389 0.0000000000 0.0000000000 13.9437055588 30.6557617188 9.9062843323
-9.8361129761 29.6724662781 -29.1873512268 30.8907947540 0.0000000000 0.0000000000 13.9437055588 30.6557617188 9.9054288864
-9.8393735886 29.6739826202 -29.1847591400 30.8904285431 0.0000000000 0.0000000000 13.9437055588 30.6557617188 9.9045047760
-9.8423738480 29.6761970520 -29.1857433319 30.8931159973 0.0000000000 0.0000000000 13.9437055588 30.6557617188 9.9036531448
-9.8456125259 29.6777286530 -29.1871814728 30.8890457153 0.0000000000 0.0000000000 13.9437055588 30.6557617188 9.9027347565
-9.8485851288 29.6799545288 -29.1921997070 30.8881549835 0.0000000000 0.0000000000 13.9437055588 30.6557617188 9.9018917084
-9.8523330688 29.6807804108 -28.9708042145 30.7418117523 0.0000000000 0.0000000000 13.9437055588 30.6557617188 9.9008283615
-9.8558950424 29.6822834015 -28.9719791412 30.7443885803 0.0000000000 0.0000000000 13.9437055588 30.6557617188 9.8998193741
-9.8596696854 29.6831531525 -28.9739971161 30.7400836945 0.0000000000 0.0000000000 13.9437055588 30.6557617188 9.8987493515
-9.8631906509 29.6847343445 -28.9791641235 30.7391605377 0.0000000000 0.0000000000 13.9437055588 30.6557617188 9.8977508545
-9.8669509888 29.6856555939 -28.9772663116 30.7383804321 0.0000000000 0.0000000000 13.9437055588 30.6557617188 9.8966836929
-9.8704557419 29.6872920990 -28.9784793854 30.7409076691 0.0000000000 0.0000000000 13.9437055588 30.6557617188 9.8956899643
-9.8741931915 29.6882591248 -28.9805641174 30.7366485596 0.0000000000 0.0000000000 13.9437055588 30.6557617188 9.8946304321
-9.8776693344 29.6899414062 -28.9855613708 30.7358551025 0.0000000000 0.0000000000 13.9437055588 30.6557617188 9.8936443329
-9.8813819885 29.6909542084 -28.9839153290 30.7351131439 0.0000000000 0.0000000000 13.9437055588 30.6557617188 9.8925914764
-9.8848400116 29.6926765442 -28.9848060608 30.7377223969 0.0000000000 0.0000000000 13.9437055588 30.6557617188 9.8916120529
-9.8885269165 29.6937274933 -28.9870929718 30.7334480286 0.0000000000 0.0000000000 13.9437055588 30.6557617188 9.8905649185
-9.8919553757 29.6954917908 -28.9919319153 30.7325668335 0.0000000000 0.0000000000 13.9437055588 30.6557617188 9.8895921707
-9.8956174850 29.6965770721 -28.9901390076 30.7318477631 0.0000000000 0.0000000000 13.9437055588 30.6557617188 9.8885564804
-9.8990278244 29.6983795166 -28.9909706116 30.7345771790 0.0000000000 0.0000000000 13.9437055588 30.6557617188 9.8875885010
-9.9026641846 29.6994972229 -28.9932804108 30.7302417755 0.0000000000 0.0000000000 13.9437055588 30.6557617188 9.8865575790
-9.9060449600 29.7013320923 -28.9980125427 30.7294712067 0.0000000000 0.0000000000 13.9437055588 30.6557617188 9.8855991364
-9.9096546173 29.7024841309 -28.9972953796 30.7281761169 0.0000000000 0.0000000000 13.9437055588 30.6557617188 9.8845748901
-9.9130191803 29.7043533325 -28.9972972870 30.7314491272 0.0000000000 0.0000000000 13.9437055588 30.6557617188 9.8836212158
-9.9166002274 29.7055301666 -29.0003261566 30.7267112732 0.0000000000 0.0000000000 13.9437055588 30.6557617188 9.8826055527
-9.9199352264 29.7074279785 -29.0043315887 30.7263183594 0.0000000000 0.0000000000 13.9437055588 30.6557617188 9.8816604614
-9.9234924316 29.7086353302 -29.0033740997 30.7251434326 0.0000000000 0.0000000000 13.9437055588 30.6557617188 9.8806505203
-9.9268093109 29.7105598450 -29.0034465790 30.7283267975 0.0000000000 0.0000000000 13.9437055588 30.6557617188 9.8797092438
-9.9303398132 29.7117919922 -29.0064888000 30.7235870361 0.0000000000 0.0000000000 13.9437055588 30.6557617188 9.8787107468
-9.9336328506 29.7137451172 -29.0061855316 30.7267837524 0.0000000000 0.0000000000 13.9437055588 30.6557617188 9.8777761459
-9.9371366501 29.7149982452 -29.0095062256 30.7221870422 0.0000000000 0.0000000000 13.9437055588 30.6557617188 9.8767824173
-9.9404010773 29.7169799805 -29.0133419037 30.7216701508 0.0000000000 0.0000000000 13.9437055588 30.6557617188 9.8758573532
-9.9438800812 29.7182579041 -29.0127277374 30.7204818726 0.0000000000 0.0000000000 13.9437055588 30.6557617188 9.8748703003
-9.9471273422 29.7202587128 -29.0129699707 30.7234096527 0.0000000000 0.0000000000 13.9437055588 30.6557617188 9.8739500046
-9.9505805969 29.7215557098 -29.0158252716 30.7190666199 0.0000000000 0.0000000000 13.9437055588 30.6557617188 9.8729696274
-9.9538049698 29.7235813141 -29.0159015656 30.7218666077 0.0000000000 0.0000000000 13.9437055588 30.6557617188 9.8720550537
-9.9572324753 29.7248973846 -29.0187263489 30.7176494598 0.0000000000 0.0000000000 13.9437055588 30.6557617188 9.8710832596
-9.9604282379 29.7269496918 -29.0229129791 30.7170734406 0.0000000000 0.0000000000 13.9437055588 30.6557617188 9.8701772690
-9.9638319016 29.7282829285 -29.0216827393 30.7161960602 0.0000000000 0.0000000000 13.9437055588 30.6557617188 9.8692131042
-9.9670124054 29.7303543091 -29.0218620300 30.7192840576 0.0000000000 0.0000000000 13.9437055588 30.6557617188 9.8683109283
-9.9703912735 29.7317047119 -29.0245971680 30.7148056030 0.0000000000 0.0000000000 13.9437055588 30.6557617188 9.8673524857
-9.9735469818 29.7337932587 -29.0247612000 30.7178649902 0.0000000000 0.0000000000 13.9437055588 30.6557617188 9.8664569855
-9.9769010544 29.7351646423 -29.0274944305 30.7134189606 0.0000000000 0.0000000000 13.9437055588 30.6557617188 9.8655071259
-9.9800319672 29.7372760773 -29.0315818787 30.7128906250 0.0000000000 0.0000000000 13.9437055588 30.6557617188 9.8646192551
-9.9833612442 29.7386627197 -29.0309906006 30.7115917206 0.0000000000 0.0000000000 13.9437055588 30.6557617188 9.8636741638
-9.9864759445 29.7407894135 -29.0304470062 30.7151088715 0.0000000000 0.0000000000 13.9437055588 30.6557617188 9.8627920151
-9.9897813797 29.7421913147 -29.0338439941 30.7102622986 0.0000000000 0.0000000000 13.9437055588 30.6557617188 9.8618545532
-9.9928750992 29.7443332672 -29.0332813263 30.7138538361 0.0000000000 0.0000000000 13.9437055588 30.6557617188 9.8609762192
-9.9961557388 29.7457485199 -29.0364761353 30.7089252472 0.0000000000 0.0000000000 13.9437055588 30.6557617188 9.8600463867
-9.9992218018 29.7479076385 -29.0401153564 30.7089557648 0.0000000000 0.0000000000 13.9437055588 30.6557617188 9.8591766357
-10.0024785995 29.7493381500 -29.0392932892 30.7077159882 0.0000000000 0.0000000000 13.9437055588 30.6557617188 9.8582525253
-10.0055313110 29.7515144348 -29.0388755798 30.7110843658 0.0000000000 0.0000000000 13.9437055588 30.6557617188 9.8573884964
-10.0087661743 29.7529563904 -29.0420970917 30.7064342499 0.0000000000 0.0000000000 13.9437055588 30.6557617188 9.8564710617
-10.0117979050 29.7551460266 -29.0417690277 30.7097663879 0.0000000000 0.0000000000 13.9437055588 30.6557617188 9.8556108475
-10.0150089264 29.7565994263 -29.0447788239 30.7051391602 0.0000000000 0.0000000000 13.9437055588 30.6557617188 9.8547019958
-10.0180139542 29.7588081360 -29.0485343933 30.7048740387 0.0000000000 0.0000000000 13.9437055588 30.6557617188 9.8538494110
-10.0215930939 29.7595081329 -28.9242343903 30.5711593628 0.0000000000 0.0000000000 13.9437055588 30.6557617188 9.8528337479
-10.0250453949 29.7609634399 -28.9232940674 30.5741653442 0.0000000000 0.0000000000 13.9437055588 30.6557617188 9.8518552780
-10.0286464691 29.7617130280 -28.9267597198 30.5696735382 0.0000000000 0.0000000000 13.9437055588 30.6557617188 9.8508329391
-10.0320758820 29.7632427216 -28.9270610809 30.5721168518 0.0000000000 0.0000000000 13.9437055588 30.6557617188 9.8498620987
-10.0356616974 29.7640399933 -28.9300899506 30.5678653717 0.0000000000 0.0000000000 13.9437055588 30.6557617188 9.8488435745
-10.0390701294 29.7656288147 -28.9304218292 30.5703430176 0.0000000000 0.0000000000 13.9437055588 30.6557617188 9.8478775024
-10.0426340103 29.7664699554 -28.9334926605 30.5663337708 0.0000000000 0.0000000000 13.9437055588 30.6557617188 9.8468666077
-10.0460252762 29.7681026459 -28.9337348938 30.5687732697 0.0000000000 0.0000000000 13.9437055588 30.6557617188 9.8459053040
-10.0495662689 29.7689838409 -28.9367713928 30.5646953583 0.0000000000 0.0000000000 13.9437055588 30.6557617188 9.8449010849
-10.0529365540 29.7706642151 -28.9376945496 30.5671672821 0.0000000000 0.0000000000 13.9437055588 30.6557617188 9.8439455032
-10.0564527512 29.7715797424 -28.9401721954 30.5631179810 0.0000000000 0.0000000000 13.9437055588 30.6557617188 9.8429489136
-10.0598011017 29.7732944489 -28.9409713745 30.5654640198 0.0000000000 0.0000000000 13.9437055588 30.6557617188 9.8420000076
-10.0632944107 29.7742443085 -28.9434204102 30.5615158081 0.0000000000 0.0000000000 13.9437055588 30.6557617188 9.8410081863
-10.0666208267 29.7759933472 -28.9444484711 30.5639324188 0.0000000000 0.0000000000 13.9437055588 30.6557617188 9.8400659561
-10.0700874329 29.7769756317 -28.9466705322 30.5599479675 0.0000000000 0.0000000000 13.9437055588 30.6557617188 9.8390827179
-10.0733919144 29.7787590027 -28.9477005005 30.5624580383 0.0000000000 0.0000000000 13.9437055588 30.6557617188 9.8381443024
-10.0768318176 29.7797698975 -28.9503993988 30.5580425262 0.0000000000 0.0000000000 13.9437055588 30.6557617188 9.8371686935
-10.0801153183 29.7815856934 -28.9508819580 30.5610713959 0.0000000000 0.0000000000 13.9437055588 30.6557617188 9.8362388611
-10.0835313797 29.7826194763 -28.9536132812 30.5566844940 0.0000000000 0.0000000000 13.9437055588 30.6557617188 9.8352699280
-10.0867919922 29.7844619751 -28.9540920258 30.5593776703 0.0000000000 0.0000000000 13.9437055588 30.6557617188 9.8343467712
-10.0901823044 29.7855243683 -28.9569034576 30.5553340912 0.0000000000 0.0000000000 13.9437055588 30.6557617188 9.8333835602
-10.0934190750 29.7873916626 -28.9573040009 30.5579395294 0.0000000000 0.0000000000 13.9437055588 30.6557617188 9.8324670792
-10.0967864990 29.7884769440 -28.9600791931 30.5539855957 0.0000000000 0.0000000000 13.9437055588 30.6557617188 9.8315124512
-10.0999994278 29.7903690338 -28.9605102539 30.5565757751 0.0000000000 0.0000000000 13.9437055588 30.6557617188 9.8305997849
-10.1033430099 29.7914772034 -28.9631481171 30.5524196625 0.0000000000 0.0000000000 13.9437055588 30.6557617188 9.8296518326
-10.1065349579 29.7933940887 -28.9636230469 30.5551815033 0.0000000000 0.0000000000 13.9437055588 30.6557617188 9.8287467957
-10.1098537445 29.7945213318 -28.9662799835 30.5510311127 0.0000000000 0.0000000000 13.9437055588 30.6557617188 9.8278064728
-10.1130237579 29.7964630127 -28.9667396545 30.5538692474 0.0000000000 0.0000000000 13.9437055588 30.6557617188 9.8269071579
-10.1163167953 29.7976074219 -28.9694290161 30.5496406555 0.0000000000 0.0000000000 13.9437055588 30.6557617188 9.8259735107
-10.1194658279 29.7995700836 -28.9698810577 30.5524482727 0.0000000000 0.0000000000 13.9437055588 30.6557617188 9.8250808716
-10.1227350235 29.8007354736 -28.9730205536 30.5478458405 0.0000000000 0.0000000000 13.9437055588 30.6557617188 9.8241539001
-10.1258611679 29.8027133942 -28.9729423523 30.5510215759 0.0000000000 0.0000000000 13.9437055588 30.6557617188 9.8232679367
-10.1291084290 29.8038978577 -28.9761562347 30.5465621948 0.0000000000 0.0000000000 13.9437055588 30.6557617188 9.8223476410
-10.1322107315 29.8058967590 -28.9760551453 30.5496406555 0.0000000000 0.0000000000 13.9437055588 30.6557617188 9.8214664459
-10.1354351044 29.8070926666 -28.9792175293 30.5451717377 0.0000000000 0.0000000000 13.9437055588 30.6557617188 9.8205518723
-10.1385154724 29.8091087341 -28.9792385101 30.5482292175 0.0000000000 0.0000000000 13.9437055588 30.6557617188 9.8196802139
-10.1417169571 29.8103256226 -28.9822750092 30.5437221527 0.0000000000 0.0000000000 13.9437055588 30.6557617188 9.8187704086
-10.1447753906 29.8123607635 -28.9822006226 30.5469551086 0.0000000000 0.0000000000 13.9437055588 30.6557617188 9.8179035187
-10.1479549408 29.8135910034 -28.9858093262 30.5421123505 0.0000000000 0.0000000000 13.9437055588 30.6557617188 9.8170032501
-10.1509923935 29.8156414032 -28.9852523804 30.5456848145 0.0000000000 0.0000000000 13.9437055588 30.6557617188 9.8161411285
-10.1541490555 29.8168869019 -28.9887943268 30.5409126282 0.0000000000 0.0000000000 13.9437055588 30.6557617188 9.8152456284
-10.1571655273 29.8189506531 -28.9882202148 30.5442924500 0.0000000000 0.0000000000 13.9437055588 30.6557617188 9.8143911362
-10.1603002548 29.8202114105 -28.9917602539 30.5397129059 0.0000000000 0.0000000000 13.9437055588 30.6557617188 9.8135013580
-10.1632957458 29.8222923279 -28.9912166595 30.5431156158 0.0000000000 0.0000000000 13.9437055588 30.6557617188 9.8126516342
-10.1664066315 29.8235607147 -28.9947071075 30.5384750366 0.0000000000 0.0000000000 13.9437055588 30.6557617188 9.8117704391
-10.1693811417 29.8256568909 -28.9940929413 30.5417957306 0.0000000000 0.0000000000 13.9437055588 30.6557617188 9.8109264374
-10.1724720001 29.8269386292 -28.9975833893 30.5371742249 0.0000000000 0.0000000000 13.9437055588 30.6557617188 9.8100490570
-10.1754255295 29.8290481567 -28.9970149994 30.5405769348 0.0000000000 0.0000000000 13.9437055588 30.6557617188 9.8092126846
-10.1784963608 29.8303394318 -29.0004272461 30.5359172821 0.0000000000 0.0000000000 13.9437055588 30.6557617188 9.8083419800
-10.1814308167 29.8324642181 -28.9998531342 30.5394268036 0.0000000000 0.0000000000 13.9437055588 30.6557617188 9.8075103760
-10.1847467422 29.8329906464 -28.9474887848 30.4032783508 0.0000000000 0.0000000000 13.9437055588 30.6557617188 9.8065700531
