        rmsthk      stdthk       rmsvel       stdvel       rmsdiv       stddiv       rmsusurf       stdusurf       vol
3.7089240551 18.1860103607 -23.3824443817 34.5144309998 0.0000000000 0.0000000000 13.9437055588 30.6557617188 13.7462587357
3.7434725761 18.0832500458 -23.3538513184 34.4766082764 0.0000000000 0.0000000000 13.9437055588 30.6557617188 13.7560567856
3.7730951309 17.9970149994 -23.3155784607 34.4538383484 0.0000000000 0.0000000000 13.9437055588 30.6557617188 13.7644557953
3.8000164032 17.9201793671 -23.2884006500 34.4316940308 0.0000000000 0.0000000000 13.9437055588 30.6557617188 13.7720880508
3.8252577782 17.8494682312 -23.2580757141 34.4145240784 0.0000000000 0.0000000000 13.9437055588 30.6557617188 13.7792463303
3.8493967056 17.7830791473 -23.2351341248 34.3954010010 0.0000000000 0.0000000000 13.9437055588 30.6557617188 13.7860927582
3.8727815151 17.7199115753 -23.2076435089 34.3800277710 0.0000000000 0.0000000000 13.9437055588 30.6557617188 13.7927236557
3.8956613541 17.6592311859 -23.1866931915 34.3622512817 0.0000000000 0.0000000000 13.9437055588 30.6557617188 13.7992095947
3.9182136059 17.6005096436 -23.1669273376 34.3405265808 0.0000000000 0.0000000000 13.9437055588 30.6557617188 13.8056049347
3.9405610561 17.5434017181 -23.1484489441 34.3221092224 0.0000000000 0.0000000000 13.9437055588 30.6557617188 13.8119411469
3.9627909660 17.4876403809 -23.1245708466 34.3072967529 0.0000000000 0.0000000000 13.9437055588 30.6557617188 13.8182458878
3.9849734306 17.4330730438 -23.1057567596 34.2903060913 0.0000000000 0.0000000000 13.9437055588 30.6557617188 13.8245363235
4.0071582794 17.3795738220 -23.0803947449 34.2764549255 0.0000000000 0.0000000000 13.9437055588 30.6557617188 13.8308267593
4.0293984413 17.3270339966 -23.0607357025 34.2595481873 0.0000000000 0.0000000000 13.9437055588 30.6557617188 13.8371324539
4.0517382622 17.2753429413 -23.0393371582 34.2424087524 0.0000000000 0.0000000000 13.9437055588 30.6557617188 13.8434677124
4.0742044449 17.2244911194 -23.0196075439 34.2254753113 0.0000000000 0.0000000000 13.9437055588 30.6557617188 13.8498373032
4.0968356133 17.1744270325 -22.9971752167 34.2085914612 0.0000000000 0.0000000000 13.9437055588 30.6557617188 13.8562545776
4.1196436882 17.1251544952 -22.9755306244 34.1934738159 0.0000000000 0.0000000000 13.9437055588 30.6557617188 13.8627223969
4.1426563263 17.0766582489 -22.9521598816 34.1773948669 0.0000000000 0.0000000000 13.9437055588 30.6557617188 13.8692474365
4.1658954620 17.0289459229 -22.9371833801 34.1556549072 0.0000000000 0.0000000000 13.9437055588 30.6557617188 13.8758382797
4.1893553734 16.9820404053 -22.9097480774 34.1424255371 0.0000000000 0.0000000000 13.9437055588 30.6557617188 13.8824901581
4.2130665779 16.9359607697 -22.8899154663 34.1241531372 0.0000000000 0.0000000000 13.9437055588 30.6557617188 13.8892135620
4.2370514870 16.8907318115 -22.8754329681 34.0993232727 0.0000000000 0.0000000000 13.9437055588 30.6557617188 13.8960151672
4.2612895966 16.8464126587 -22.8538627625 34.0838203430 0.0000000000 0.0000000000 13.9437055588 30.6557617188 13.9028882980
4.2858009338 16.8030281067 -22.8307819366 34.0661582947 0.0000000000 0.0000000000 13.9437055588 30.6557617188 13.9098377228
4.3105959892 16.7606182098 -22.8124370575 34.0449523926 0.0000000000 0.0000000000 13.9437055588 30.6557617188 13.9168682098
4.3356747627 16.7192440033 -22.7863140106 34.0272789001 0.0000000000 0.0000000000 13.9437055588 30.6557617188 13.9239816666
4.3610634804 16.6789188385 -22.7730998993 34.0045585632 0.0000000000 0.0000000000 13.9437055588 30.6557617188 13.9311790466
4.3867597580 16.6397056580 -22.7557621002 33.9789314270 0.0000000000 0.0000000000 13.9437055588 30.6557617188 13.9384660721
4.4127464294 16.6016693115 -22.7357444763 33.9570159912 0.0000000000 0.0000000000 13.9437055588 30.6557617188 13.9458341599
4.4390215874 16.5648975372 -22.7098026276 33.9400405884 0.0000000000 0.0000000000 13.9437055588 30.6557617188 13.9532861710
4.4656100273 16.5294284821 -22.6955108643 33.9140281677 0.0000000000 0.0000000000 13.9437055588 30.6557617188 13.9608249664
4.4924888611 16.4953346252 -22.6636333466 33.8997955322 0.0000000000 0.0000000000 13.9437055588 30.6557617188 13.9684467316
4.5196619034 16.4626979828 -22.6406631470 33.8798675537 0.0000000000 0.0000000000 13.9437055588 30.6557617188 13.9761514664
4.5471415520 16.4315547943 -22.6164131165 33.8586082458 0.0000000000 0.0000000000 13.9437055588 30.6557617188 13.9839439392
4.5749001503 16.4020156860 -22.5919761658 33.8415145874 0.0000000000 0.0000000000 13.9437055588 30.6557617188 13.9918155670
4.6029386520 16.3741531372 -22.5616493225 33.8242912292 0.0000000000 0.0000000000 13.9437055588 30.6557617188 13.9997663498
4.6312851906 16.3480129242 -22.5397758484 33.8011856079 0.0000000000 0.0000000000 13.9437055588 30.6557617188 14.0078029633
4.6599125862 16.3236637115 -22.5132656097 33.7806205750 0.0000000000 0.0000000000 13.9437055588 30.6557617188 14.0159215927
4.6888494492 16.3011531830 -22.4898624420 33.7587127686 0.0000000000 0.0000000000 13.9437055588 30.6557617188 14.0241260529
4.7180776596 16.2805747986 -22.4634571075 33.7366638184 0.0000000000 0.0000000000 13.9437055588 30.6557617188 14.0324134827
4.7475924492 16.2619876862 -22.4384937286 33.7159881592 0.0000000000 0.0000000000 13.9437055588 30.6557617188 14.0407838821
4.7773771286 16.2454967499 -22.4082603455 33.6966629028 0.0000000000 0.0000000000 13.9437055588 30.6557617188 14.0492296219
4.8074626923 16.2311058044 -22.3849849701 33.6726226807 0.0000000000 0.0000000000 13.9437055588 30.6557617188 14.0577592850
4.8378262520 16.2189159393 -22.3543434143 33.6542205811 0.0000000000 0.0000000000 13.9437055588 30.6557617188 14.0663700104
4.8684668541 16.2090167999 -22.3299121857 33.6312179565 0.0000000000 0.0000000000 13.9437055588 30.6557617188 14.0750589371
4.8994188309 16.2014007568 -22.3002624512 33.6095428467 0.0000000000 0.0000000000 13.9437055588 30.6557617188 14.0838356018
4.9306540489 16.1961574554 -22.2771186829 33.5866508484 0.0000000000 0.0000000000 13.9437055588 30.6557617188 14.0926923752
4.9621839523 16.1933174133 -22.2476291656 33.5658149719 0.0000000000 0.0000000000 13.9437055588 30.6557617188 14.1016340256
4.9940004349 16.1930217743 -22.2228145599 33.5406837463 0.0000000000 0.0000000000 13.9437055588 30.6557617188 14.1106557846
5.0030455589 16.1605319977 -14.4976444244 32.9071350098 0.0000000000 0.0000000000 13.9437055588 30.6557617188 14.1132192612
5.0122261047 16.1304340363 -14.4819335938 32.8691444397 0.0000000000 0.0000000000 13.9437055588 30.6557617188 14.1158237457
5.0215082169 16.1028728485 -14.4657182693 32.8335037231 0.0000000000 0.0000000000 13.9437055588 30.6557617188 14.1184558868
5.0309014320 16.0778865814 -14.4380874634 32.8057708740 0.0000000000 0.0000000000 13.9437055588 30.6557617188 14.1211175919
5.0404400826 16.0555438995 -14.4218931198 32.7696800232 0.0000000000 0.0000000000 13.9437055588 30.6557617188 14.1238241196
5.0500941277 16.0359153748 -14.4087362289 32.7304649353 0.0000000000 0.0000000000 13.9437055588 30.6557617188 14.1265611649
5.0598440170 16.0191230774 -14.3865928650 32.6965599060 0.0000000000 0.0000000000 13.9437055588 30.6557617188 14.1293258667
5.0697231293 16.0052127838 -14.3660306931 32.6620178223 0.0000000000 0.0000000000 13.9437055588 30.6557617188 14.1321268082
5.0797066689 15.9942560196 -14.3562746048 32.6186180115 0.0000000000 0.0000000000 13.9437055588 30.6557617188 14.1349573135
5.0898060799 15.9862642288 -14.3371610641 32.5835571289 0.0000000000 0.0000000000 13.9437055588 30.6557617188 14.1378211975
5.1000089645 15.9813795090 -14.3156700134 32.5487937927 0.0000000000 0.0000000000 13.9437055588 30.6557617188 14.1407146454
5.1103529930 15.9795913696 -14.3014297485 32.5094909668 0.0000000000 0.0000000000 13.9437055588 30.6557617188 14.1436481476
5.1208119392 15.9809722900 -14.2819099426 32.4743881226 0.0000000000 0.0000000000 13.9437055588 30.6557617188 14.1466150284
5.1314783096 15.9855289459 -14.2726678848 32.4299812317 0.0000000000 0.0000000000 13.9437055588 30.6557617188 14.1496391296
5.1422667503 15.9933176041 -14.2624435425 32.3892288208 0.0000000000 0.0000000000 13.9437055588 30.6557617188 14.1526975632
5.1532411575 16.0043487549 -14.2352714539 32.3622932434 0.0000000000 0.0000000000 13.9437055588 30.6557617188 14.1558094025
5.1644139290 16.0188140869 -14.2394514084 32.3129844666 0.0000000000 0.0000000000 13.9437055588 30.6557617188 14.1589765549
5.1757068634 16.0365276337 -14.2134437561 32.2803306580 0.0000000000 0.0000000000 13.9437055588 30.6557617188 14.1621789932
5.1871528625 16.0577983856 -14.2144670486 32.2279472351 0.0000000000 0.0000000000 13.9437055588 30.6557617188 14.1654253006
5.1986842155 16.0825004578 -14.1789627075 32.2003288269 0.0000000000 0.0000000000 13.9437055588 30.6557617188 14.1686944962
5.2103772163 16.1108207703 -14.1700239182 32.1561431885 0.0000000000 0.0000000000 13.9437055588 30.6557617188 14.1720113754
5.2221488953 16.1425666809 -14.1399393082 32.1303443909 0.0000000000 0.0000000000 13.9437055588 30.6557617188 14.1753501892
5.2340555191 16.1780357361 -14.1219568253 32.0885658264 0.0000000000 0.0000000000 13.9437055588 30.6557617188 14.1787252426
5.2460303307 16.2170944214 -14.0894374847 32.0597648621 0.0000000000 0.0000000000 13.9437055588 30.6557617188 14.1821212769
5.2581853867 16.2598342896 -14.0874967575 32.0116004944 0.0000000000 0.0000000000 13.9437055588 30.6557617188 14.1855669022
5.2704439163 16.3060703278 -14.0549192429 31.9822483063 0.0000000000 0.0000000000 13.9437055588 30.6557617188 14.1890439987
5.2829980850 16.3560276031 -14.0678863525 31.9194011688 0.0000000000 0.0000000000 13.9437055588 30.6557617188 14.1926050186
5.2956352234 16.4095611572 -14.0491008759 31.8820915222 0.0000000000 0.0000000000 13.9437055588 30.6557617188 14.1961870193
5.3084492683 16.4669418335 -14.0374708176 31.8399162292 0.0000000000 0.0000000000 13.9437055588 30.6557617188 14.1998205185
5.3213787079 16.5278434753 -14.0055713654 31.8095874786 0.0000000000 0.0000000000 13.9437055588 30.6557617188 14.2034864426
5.3345351219 16.5924777985 -14.0027675629 31.7691020966 0.0000000000 0.0000000000 13.9437055588 30.6557617188 14.2072162628
5.3478050232 16.6606922150 -13.9740724564 31.7357540131 0.0000000000 0.0000000000 13.9437055588 30.6557617188 14.2109794617
5.3612756729 16.7327289581 -13.9607658386 31.6926307678 0.0000000000 0.0000000000 13.9437055588 30.6557617188 14.2148008347
5.3748607635 16.8082962036 -13.9312744141 31.6568222046 0.0000000000 0.0000000000 13.9437055588 30.6557617188 14.2186517715
5.3887162209 16.8875904083 -13.9292078018 31.6061954498 0.0000000000 0.0000000000 13.9437055588 30.6557617188 14.2225799561
5.4027004242 16.9703388214 -13.9111938477 31.5668487549 0.0000000000 0.0000000000 13.9437055588 30.6557617188 14.2265443802
5.4168963432 17.0567970276 -13.9104833603 31.5126495361 0.0000000000 0.0000000000 13.9437055588 30.6557617188 14.2305707932
5.4312052727 17.1466922760 -13.8806219101 31.4807491302 0.0000000000 0.0000000000 13.9437055588 30.6557617188 14.2346286774
5.4457831383 17.2403068542 -13.8837490082 31.4251785278 0.0000000000 0.0000000000 13.9437055588 30.6557617188 14.2387638092
5.4604916573 17.3372955322 -13.8585557938 31.3918190002 0.0000000000 0.0000000000 13.9437055588 30.6557617188 14.2429323196
5.4754605293 17.4378108978 -13.8626813889 31.3421039581 0.0000000000 0.0000000000 13.9437055588 30.6557617188 14.2471771240
5.4904994965 17.5417709351 -13.8391752243 31.3071289062 0.0000000000 0.0000000000 13.9437055588 30.6557617188 14.2514419556
5.5057225227 17.6493034363 -13.8192901611 31.2680511475 0.0000000000 0.0000000000 13.9437055588 30.6557617188 14.2557582855
5.5210585594 17.7601509094 -13.7921867371 31.2344417572 0.0000000000 0.0000000000 13.9437055588 30.6557617188 14.2601079941
5.5366783142 17.8743782043 -13.7848157883 31.1910800934 0.0000000000 0.0000000000 13.9437055588 30.6557617188 14.2645359039
5.5525012016 17.9918022156 -13.7891674042 31.1417388916 0.0000000000 0.0000000000 13.9437055588 30.6557617188 14.2690238953
5.5685882568 18.1125831604 -13.7856168747 31.1020946503 0.0000000000 0.0000000000 13.9437055588 30.6557617188 14.2735862732
5.5847520828 18.2366466522 -13.7629690170 31.0621795654 0.0000000000 0.0000000000 13.9437055588 30.6557617188 14.2781686783
5.6011404991 18.3640403748 -13.7426118851 31.0256671906 0.0000000000 0.0000000000 13.9437055588 30.6557617188 14.2828159332
5.6175923347 18.4945812225 -13.7123098373 30.9881362915 0.0000000000 0.0000000000 13.9437055588 30.6557617188 14.2874813080
5.6294374466 18.6074790955 -11.9370336533 30.2791996002 0.0000000000 0.0000000000 13.9437055588 30.6557617188 14.2908382416
5.6413655281 18.7235946655 -11.8843803406 30.2542591095 0.0000000000 0.0000000000 13.9437055588 30.6557617188 14.2942228317
5.6535987854 18.8428268433 -11.9109106064 30.1941299438 0.0000000000 0.0000000000 13.9437055588 30.6557617188 14.2976913452
5.6658840179 18.9653034210 -11.8600578308 30.1697444916 0.0000000000 0.0000000000 13.9437055588 30.6557617188 14.3011751175
5.6786150932 19.0906848907 -11.9005432129 30.1053256989 0.0000000000 0.0000000000 13.9437055588 30.6557617188 14.3047857285
5.6914739609 19.2190589905 -11.8664722443 30.0705585480 0.0000000000 0.0000000000 13.9437055588 30.6557617188 14.3084306717
5.7046585083 19.3503742218 -11.8979110718 30.0101089478 0.0000000000 0.0000000000 13.9437055588 30.6557617188 14.3121700287
5.7178573608 19.4848060608 -11.8386287689 29.9898090363 0.0000000000 0.0000000000 13.9437055588 30.6557617188 14.3159122467
5.7313861847 19.6220874786 -11.8607110977 29.9336891174 0.0000000000 0.0000000000 13.9437055588 30.6557617188 14.3197488785
5.7449998856 19.7623863220 -11.8257865906 29.9098148346 0.0000000000 0.0000000000 13.9437055588 30.6557617188 14.3236083984
5.7589135170 19.9054260254 -11.8353347778 29.8515529633 0.0000000000 0.0000000000 13.9437055588 30.6557617188 14.3275537491
5.7728390694 20.0514202118 -11.8023309708 29.8263874054 0.0000000000 0.0000000000 13.9437055588 30.6557617188 14.3315029144
5.7870302200 20.2000923157 -11.7989387512 29.7761230469 0.0000000000 0.0000000000 13.9437055588 30.6557617188 14.3355283737
5.8012919426 20.3515281677 -11.7691450119 29.7477226257 0.0000000000 0.0000000000 13.9437055588 30.6557617188 14.3395719528
5.8157906532 20.5055885315 -11.7816991806 29.6857795715 0.0000000000 0.0000000000 13.9437055588 30.6557617188 14.3436822891
5.8303885460 20.6623306274 -11.7416152954 29.6634025574 0.0000000000 0.0000000000 13.9437055588 30.6557617188 14.3478212357
5.8453159332 20.8215770721 -11.7613258362 29.6039924622 0.0000000000 0.0000000000 13.9437055588 30.6557617188 14.3520555496
5.8603587151 20.9834308624 -11.7263689041 29.5790786743 0.0000000000 0.0000000000 13.9437055588 30.6557617188 14.3563203812
5.8757534027 21.1476039886 -11.7505807877 29.5203800201 0.0000000000 0.0000000000 13.9437055588 30.6557617188 14.3606843948
5.8911771774 21.3143539429 -11.7212247849 29.4972400665 0.0000000000 0.0000000000 13.9437055588 30.6557617188 14.3650588989
5.9068632126 21.4834861755 -11.7172937393 29.4467926025 0.0000000000 0.0000000000 13.9437055588 30.6557617188 14.3695058823
5.9226031303 21.6549587250 -11.6901245117 29.4112186432 0.0000000000 0.0000000000 13.9437055588 30.6557617188 14.3739700317
5.9387512207 21.8287067413 -11.7070035934 29.3537769318 0.0000000000 0.0000000000 13.9437055588 30.6557617188 14.3785495758
5.9548950195 22.0048732758 -11.6671581268 29.3303604126 0.0000000000 0.0000000000 13.9437055588 30.6557617188 14.3831262589
5.9714169502 22.1830749512 -11.6756143570 29.2750205994 0.0000000000 0.0000000000 13.9437055588 30.6557617188 14.3878116608
5.9881067276 22.3635025024 -11.6624832153 29.2423267365 0.0000000000 0.0000000000 13.9437055588 30.6557617188 14.3925437927
6.0051765442 22.5458927155 -11.6732778549 29.1927623749 0.0000000000 0.0000000000 13.9437055588 30.6557617188 14.3973846436
6.0223684311 22.7304077148 -11.6695890427 29.1529769897 0.0000000000 0.0000000000 13.9437055588 30.6557617188 14.4022598267
6.0399208069 22.9167995453 -11.6783638000 29.1015644073 0.0000000000 0.0000000000 13.9437055588 30.6557617188 14.4072370529
6.0576338768 23.1051139832 -11.6707410812 29.0694637299 0.0000000000 0.0000000000 13.9437055588 30.6557617188 14.4122600555
6.0757799149 23.2952899933 -11.6866254807 29.0181713104 0.0000000000 0.0000000000 13.9437055588 30.6557617188 14.4174060822
6.0939188004 23.4872570038 -11.6554861069 28.9869422913 0.0000000000 0.0000000000 13.9437055588 30.6557617188 14.4225482941
6.1125721931 23.6809921265 -11.6766014099 28.9374046326 0.0000000000 0.0000000000 13.9437055588 30.6557617188 14.4278373718
6.1313104630 23.8765373230 -11.6606512070 28.9012908936 0.0000000000 0.0000000000 13.9437055588 30.6557617188 14.4331512451
6.1506018639 24.0736408234 -11.6874351501 28.8514289856 0.0000000000 0.0000000000 13.9437055588 30.6557617188 14.4386224747
6.1698684692 24.2724647522 -11.6587419510 28.8195209503 0.0000000000 0.0000000000 13.9437055588 30.6557617188 14.4440851212
6.1896610260 24.4727745056 -11.6851921082 28.7760829926 0.0000000000 0.0000000000 13.9437055588 30.6557617188 14.4496974945
6.2095503807 24.6747169495 -11.6720056534 28.7354640961 0.0000000000 0.0000000000 13.9437055588 30.6557617188 14.4553375244
6.2299885750 24.8782577515 -11.7030467987 28.6843376160 0.0000000000 0.0000000000 13.9437055588 30.6557617188 14.4611330032
6.2504596710 25.0834274292 -11.6677122116 28.6480751038 0.0000000000 0.0000000000 13.9437055588 30.6557617188 14.4669380188
6.2715363503 25.2898960114 -11.7088642120 28.5988769531 0.0000000000 0.0000000000 13.9437055588 30.6557617188 14.4729127884
6.2926263809 25.4979076385 -11.6602821350 28.5780773163 0.0000000000 0.0000000000 13.9437055588 30.6557617188 14.4788951874
6.3142910004 25.7072772980 -11.7104892731 28.5288372040 0.0000000000 0.0000000000 13.9437055588 30.6557617188 14.4850358963
6.3360118866 25.9178981781 -11.6868095398 28.4979591370 0.0000000000 0.0000000000 13.9437055588 30.6557617188 14.4911966324
6.3581576347 26.1297950745 -11.7327051163 28.4428310394 0.0000000000 0.0000000000 13.9437055588 30.6557617188 14.4974765778
6.3802480698 26.3431739807 -11.6592044830 28.4208049774 0.0000000000 0.0000000000 13.9437055588 30.6557617188 14.5037403107
6.4029488564 26.5577354431 -11.7365446091 28.3552474976 0.0000000000 0.0000000000 13.9437055588 30.6557617188 14.5101776123
6.4256677628 26.7735557556 -11.6708555222 28.3405685425 0.0000000000 0.0000000000 13.9437055588 30.6557617188 14.5166177750
6.4489703178 26.9906806946 -11.7483606339 28.2849178314 0.0000000000 0.0000000000 13.9437055588 30.6557617188 14.5232267380
6.4723424911 27.2090606689 -11.6897115707 28.2646732330 0.0000000000 0.0000000000 13.9437055588 30.6557617188 14.5298528671
6.4963374138 27.3974456787 -10.5493631363 26.8040580750 0.0000000000 0.0000000000 13.9437055588 30.6557617188 14.5366592407
6.5205059052 27.5872745514 -10.3411989212 26.8111610413 0.0000000000 0.0000000000 13.9437055588 30.6557617188 14.5435123444
6.5453071594 27.7787284851 -10.5080041885 26.7123947144 0.0000000000 0.0000000000 13.9437055588 30.6557617188 14.5505437851
6.5699872971 27.9716625214 -10.3386392593 26.7406997681 0.0000000000 0.0000000000 13.9437055588 30.6557617188 14.5575428009
6.5951676369 28.1661415100 -10.4765958786 26.6501388550 0.0000000000 0.0000000000 13.9437055588 30.6557617188 14.5646829605
6.6203703880 28.3619785309 -10.3491907120 26.6761741638 0.0000000000 0.0000000000 13.9437055588 30.6557617188 14.5718297958
6.6460328102 28.5594367981 -10.4829292297 26.5796604156 0.0000000000 0.0000000000 13.9437055588 30.6557617188 14.5791044235
6.6716780663 28.7582225800 -10.3608913422 26.5933742523 0.0000000000 0.0000000000 13.9437055588 30.6557617188 14.5863771439
6.6978511810 28.9584560394 -10.4924697876 26.4940013885 0.0000000000 0.0000000000 13.9437055588 30.6557617188 14.5938005447
6.7239632607 29.1599998474 -10.3124876022 26.5349597931 0.0000000000 0.0000000000 13.9437055588 30.6557617188 14.6012048721
6.7505841255 29.3629417419 -10.4961605072 26.4336433411 0.0000000000 0.0000000000 13.9437055588 30.6557617188 14.6087522507
6.7771310806 29.5669479370 -10.3500509262 26.4614372253 0.0000000000 0.0000000000 13.9437055588 30.6557617188 14.6162796021
6.8042616844 29.7721557617 -10.5078411102 26.3740520477 0.0000000000 0.0000000000 13.9437055588 30.6557617188 14.6239719391
6.8312878609 29.9784431458 -10.3638582230 26.4020328522 0.0000000000 0.0000000000 13.9437055588 30.6557617188 14.6316347122
6.8588566780 30.1861133575 -10.5210113525 26.3182659149 0.0000000000 0.0000000000 13.9437055588 30.6557617188 14.6394548416
6.8862476349 30.3949108124 -10.3798694611 26.3326721191 0.0000000000 0.0000000000 13.9437055588 30.6557617188 14.6472206116
6.9141712189 30.6048641205 -10.4931631088 26.2616367340 0.0000000000 0.0000000000 13.9437055588 30.6557617188 14.6551389694
6.9420428276 30.8158016205 -10.3733301163 26.2778224945 0.0000000000 0.0000000000 13.9437055588 30.6557617188 14.6630411148
6.9705781937 31.0278358459 -10.5060234070 26.1875972748 0.0000000000 0.0000000000 13.9437055588 30.6557617188 14.6711339951
6.9990611076 31.2407608032 -10.3767442703 26.2207546234 0.0000000000 0.0000000000 13.9437055588 30.6557617188 14.6792106628
7.0280499458 31.4547634125 -10.5138988495 26.1394500732 0.0000000000 0.0000000000 13.9437055588 30.6557617188 14.6874313354
7.0568757057 31.6697769165 -10.3826379776 26.1688365936 0.0000000000 0.0000000000 13.9437055588 30.6557617188 14.6956043243
7.0862183571 31.8857955933 -10.5064296722 26.0877399445 0.0000000000 0.0000000000 13.9437055588 30.6557617188 14.7039241791
7.1154589653 32.1027488708 -10.3829994202 26.1138820648 0.0000000000 0.0000000000 13.9437055588 30.6557617188 14.7122163773
7.1451992989 32.3204994202 -10.5207557678 26.0325317383 0.0000000000 0.0000000000 13.9437055588 30.6557617188 14.7206487656
7.1747431755 32.5391921997 -10.3608016968 26.0764980316 0.0000000000 0.0000000000 13.9437055588 30.6557617188 14.7290267944
7.2047934532 32.7587509155 -10.5008344650 25.9804458618 0.0000000000 0.0000000000 13.9437055588 30.6557617188 14.7375478745
7.2347879410 32.9792709351 -10.3775882721 26.0069904327 0.0000000000 0.0000000000 13.9437055588 30.6557617188 14.7460536957
7.2650856972 33.2004966736 -10.4645013809 25.9355297089 0.0000000000 0.0000000000 13.9437055588 30.6557617188 14.7546453476
7.2955045700 33.4225463867 -10.3861799240 25.9522151947 0.0000000000 0.0000000000 13.9437055588 30.6557617188 14.7632703781
7.3262305260 33.6452865601 -10.4630327225 25.8957576752 0.0000000000 0.0000000000 13.9437055588 30.6557617188 14.7719821930
7.3569841385 33.8688201904 -10.3919258118 25.9144058228 0.0000000000 0.0000000000 13.9437055588 30.6557617188 14.7807025909
7.3879857063 34.0931587219 -10.4385766983 25.8532276154 0.0000000000 0.0000000000 13.9437055588 30.6557617188 14.7894935608
7.4190864563 34.3181991577 -10.3781957626 25.8683509827 0.0000000000 0.0000000000 13.9437055588 30.6557617188 14.7983112335
7.4504489899 34.5439109802 -10.4275341034 25.7903194427 0.0000000000 0.0000000000 13.9437055588 30.6557617188 14.8072052002
7.4820375443 34.7702865601 -10.3828125000 25.8111820221 0.0000000000 0.0000000000 13.9437055588 30.6557617188 14.8161630630
7.5138812065 34.9972381592 -10.4457578659 25.7347431183 0.0000000000 0.0000000000 13.9437055588 30.6557617188 14.8251924515
7.5459928513 35.2248306274 -10.3830261230 25.7660522461 0.0000000000 0.0000000000 13.9437055588 30.6557617188 14.8342990875
7.5784664154 35.4528770447 -10.4943933487 25.6835498810 0.0000000000 0.0000000000 13.9437055588 30.6557617188 14.8435049057
7.6111836433 35.6814994812 -10.3941164017 25.7382202148 0.0000000000 0.0000000000 13.9437055588 30.6557617188 14.8527841568
7.6440076828 35.9105529785 -10.5156860352 25.6433715820 0.0000000000 0.0000000000 13.9437055588 30.6557617188 14.8620910645
7.6770849228 36.1404685974 -10.3965101242 25.7114391327 0.0000000000 0.0000000000 13.9437055588 30.6557617188 14.8714704514
7.7102279663 36.3707504272 -10.5002956390 25.5861930847 0.0000000000 0.0000000000 13.9437055588 30.6557617188 14.8808670044
7.7437024117 36.6017112732 -10.3534564972 25.6755218506 0.0000000000 0.0000000000 13.9437055588 30.6557617188 14.8903598785
7.7772793770 36.8330726624 -10.5321903229 25.5185718536 0.0000000000 0.0000000000 13.9437055588 30.6557617188 14.8998804092
7.8112354279 37.0649909973 -10.2245273590 25.6909847260 0.0000000000 0.0000000000 13.9437055588 30.6557617188 14.9095115662
7.8452157974 37.2972412109 -10.5233812332 25.4586715698 0.0000000000 0.0000000000 13.9437055588 30.6557617188 14.9191455841
7.8797106743 37.5301475525 -10.2348613739 25.6564445496 0.0000000000 0.0000000000 13.9437055588 30.6557617188 14.9289264679
7.9141616821 37.7630805969 -10.5247964859 25.4137725830 0.0000000000 0.0000000000 13.9437055588 30.6557617188 14.9386968613
7.9488921165 37.9967422485 -10.2270917892 25.6199913025 0.0000000000 0.0000000000 13.9437055588 30.6557617188 14.9485445023
7.9734449387 38.1716499329 -8.0647058487 23.4640178680 0.0000000000 0.0000000000 13.9437055588 30.6557617188 14.9555063248
7.9951295853 38.3472976685 -7.0585222244 23.5457687378 0.0000000000 0.0000000000 13.9437055588 30.6557617188 14.9616556168
8.0197134018 38.5250625610 -7.7139000893 23.3057651520 0.0000000000 0.0000000000 13.9437055588 30.6557617188 14.9686260223
8.0419569016 38.7032432556 -7.0393056870 23.4718990326 0.0000000000 0.0000000000 13.9437055588 30.6557617188 14.9749336243
8.0671463013 38.8832931519 -7.7605500221 23.2356929779 0.0000000000 0.0000000000 13.9437055588 30.6557617188 14.9820775986
8.0896959305 39.0641059875 -7.0338358879 23.3955554962 0.0000000000 0.0000000000 13.9437055588 30.6557617188 14.9884710312
8.1150741577 39.2466468811 -7.7561616898 23.1543674469 0.0000000000 0.0000000000 13.9437055588 30.6557617188 14.9956684113
8.1380786896 39.4296226501 -7.0549812317 23.3257541656 0.0000000000 0.0000000000 13.9437055588 30.6557617188 15.0021896362
8.1638145447 39.6142959595 -7.7787265778 23.0950164795 0.0000000000 0.0000000000 13.9437055588 30.6557617188 15.0094861984
8.1869173050 39.7997550964 -7.0975871086 23.2819080353 0.0000000000 0.0000000000 13.9437055588 30.6557617188 15.0160379410
8.2127447128 39.9866218567 -7.7607245445 23.0388717651 0.0000000000 0.0000000000 13.9437055588 30.6557617188 15.0233621597
8.2360925674 40.1738929749 -7.0867123604 23.2128124237 0.0000000000 0.0000000000 13.9437055588 30.6557617188 15.0299825668
8.2623004913 40.3627624512 -7.7939238548 23.0044670105 0.0000000000 0.0000000000 13.9437055588 30.6557617188 15.0374155045
8.2858428955 40.5521507263 -7.0759148598 23.1716880798 0.0000000000 0.0000000000 13.9437055588 30.6557617188 15.0440902710
8.3122053146 40.7430076599 -7.7869768143 22.9383563995 0.0000000000 0.0000000000 13.9437055588 30.6557617188 15.0515651703
8.3359508514 40.9344177246 -7.1052522659 23.1350326538 0.0000000000 0.0000000000 13.9437055588 30.6557617188 15.0582990646
8.3627138138 41.1272010803 -7.8255810738 22.8893337250 0.0000000000 0.0000000000 13.9437055588 30.6557617188 15.0658874512
8.3866786957 41.3205223083 -7.1112504005 23.0981693268 0.0000000000 0.0000000000 13.9437055588 30.6557617188 15.0726842880
8.4138584137 41.5152244568 -7.8779821396 22.8837451935 0.0000000000 0.0000000000 13.9437055588 30.6557617188 15.0803899765
8.4385871887 41.7104797363 -7.2064566612 23.0657596588 0.0000000000 0.0000000000 13.9437055588 30.6557617188 15.0874032974
8.4661817551 41.9068527222 -7.9080705643 22.8451519012 0.0000000000 0.0000000000 13.9437055588 30.6557617188 15.0952272415
8.4909744263 42.1041717529 -7.2090082169 23.0167312622 0.0000000000 0.0000000000 13.9437055588 30.6557617188 15.1022558212
8.5186223984 42.3022689819 -7.8705320358 22.7782611847 0.0000000000 0.0000000000 13.9437055588 30.6557617188 15.1100959778
8.5436582565 42.5013046265 -7.2089252472 22.9545059204 0.0000000000 0.0000000000 13.9437055588 30.6557617188 15.1171951294
8.5716705322 42.7008056641 -7.9061961174 22.7691535950 0.0000000000 0.0000000000 13.9437055588 30.6557617188 15.1251382828
8.5969381332 42.9016227722 -7.2555432320 22.9388370514 0.0000000000 0.0000000000 13.9437055588 30.6557617188 15.1323032379
8.6251745224 43.1027145386 -7.8929929733 22.6984958649 0.0000000000 0.0000000000 13.9437055588 30.6557617188 15.1403121948
8.6508836746 43.3050270081 -7.2929310799 22.8713130951 0.0000000000 0.0000000000 13.9437055588 30.6557617188 15.1476011276
8.6797513962 43.5075035095 -7.9723796844 22.6534271240 0.0000000000 0.0000000000 13.9437055588 30.6557617188 15.1557874680
8.7058057785 43.7113037109 -7.3457565308 22.8433494568 0.0000000000 0.0000000000 13.9437055588 30.6557617188 15.1631746292
8.7349405289 43.9148521423 -7.9590692520 22.6054630280 0.0000000000 0.0000000000 13.9437055588 30.6557617188 15.1714363098
8.7613496780 44.1198844910 -7.3698697090 22.7882690430 0.0000000000 0.0000000000 13.9437055588 30.6557617188 15.1789264679
8.7907447815 44.3248558044 -7.9896836281 22.5593147278 0.0000000000 0.0000000000 13.9437055588 30.6557617188 15.1872606277
8.8170452118 44.5314140320 -7.3562421799 22.7299938202 0.0000000000 0.0000000000 13.9437055588 30.6557617188 15.1947174072
8.8465452194 44.7377052307 -7.9700741768 22.4944896698 0.0000000000 0.0000000000 13.9437055588 30.6557617188 15.2030830383
8.8730354309 44.9454727173 -7.3452758789 22.6573295593 0.0000000000 0.0000000000 13.9437055588 30.6557617188 15.2105932236
8.9028015137 45.1528282166 -8.0172100067 22.4544868469 0.0000000000 0.0000000000 13.9437055588 30.6557617188 15.2190351486
8.9295587540 45.3615036011 -7.3674707413 22.6061191559 0.0000000000 0.0000000000 13.9437055588 30.6557617188 15.2266225815
8.9594430923 45.5699043274 -8.0045804977 22.3979816437 0.0000000000 0.0000000000 13.9437055588 30.6557617188 15.2350969315
8.9863529205 45.7797355652 -7.3744692802 22.5490646362 0.0000000000 0.0000000000 13.9437055588 30.6557617188 15.2427253723
9.0166645050 45.9892578125 -8.0442676544 22.3378887177 0.0000000000 0.0000000000 13.9437055588 30.6557617188 15.2513208389
9.0438995361 46.2003479004 -7.3945312500 22.4933567047 0.0000000000 0.0000000000 13.9437055588 30.6557617188 15.2590436935
9.0744123459 46.4110069275 -8.0296306610 22.2721557617 0.0000000000 0.0000000000 13.9437055588 30.6557617188 15.2676973343
9.1020021439 46.6229820251 -7.4179787636 22.4348258972 0.0000000000 0.0000000000 13.9437055588 30.6557617188 15.2755203247
9.1326971054 46.8342514038 -8.0440464020 22.2306747437 0.0000000000 0.0000000000 13.9437055588 30.6557617188 15.2842235565
9.1605024338 47.0472869873 -7.4033417702 22.3708972931 0.0000000000 0.0000000000 13.9437055588 30.6557617188 15.2921085358
9.1916618347 47.2593650818 -8.0610666275 22.1520690918 0.0000000000 0.0000000000 13.9437055588 30.6557617188 15.3009443283
9.2197151184 47.4733619690 -7.4322791100 22.3072681427 0.0000000000 0.0000000000 13.9437055588 30.6557617188 15.3088998795
9.2511692047 47.6859855652 -8.0659666061 22.1075420380 0.0000000000 0.0000000000 13.9437055588 30.6557617188 15.3178205490
9.2792644501 47.9006347656 -7.4461789131 22.2702178955 0.0000000000 0.0000000000 13.9437055588 30.6557617188 15.3257846832
9.2759809494 47.9903564453 -4.5732307434 20.5245494843 0.0000000000 0.0000000000 13.9437055588 30.6557617188 15.3248529434
9.2679910660 48.0847473145 -3.0825405121 20.0313930511 0.0000000000 0.0000000000 13.9437055588 30.6557617188 15.3225870132
9.2647676468 48.1794776917 -3.8737685680 19.9200191498 0.0000000000 0.0000000000 13.9437055588 30.6557617188 15.3216733932
9.2577838898 48.2770156860 -3.2020070553 20.0338878632 0.0000000000 0.0000000000 13.9437055588 30.6557617188 15.3196935654
9.2550954819 48.3757438660 -3.9575328827 19.8763370514 0.0000000000 0.0000000000 13.9437055588 30.6557617188 15.3189315796
9.2485284805 48.4774665833 -3.2444055080 19.9339046478 0.0000000000 0.0000000000 13.9437055588 30.6557617188 15.3170700073
9.2465038300 48.5800132751 -4.0245718956 19.8099784851 0.0000000000 0.0000000000 13.9437055588 30.6557617188 15.3164968491
9.2404260635 48.6856422424 -3.3032155037 19.8967266083 0.0000000000 0.0000000000 13.9437055588 30.6557617188 15.3147726059
9.2392110825 48.7918510437 -4.1223683357 19.7785377502 0.0000000000 0.0000000000 13.9437055588 30.6557617188 15.3144283295
9.2337789536 48.9012718201 -3.3678653240 19.8286342621 0.0000000000 0.0000000000 13.9437055588 30.6557617188 15.3128852844
9.2326622009 49.0108375549 -4.1307516098 19.7609786987 0.0000000000 0.0000000000 13.9437055588 30.6557617188 15.3125705719
9.2276449203 49.1237678528 -3.4003782272 19.7868633270 0.0000000000 0.0000000000 13.9437055588 30.6557617188 15.3111486435
9.2272720337 49.2368202209 -4.1967816353 19.6965084076 0.0000000000 0.0000000000 13.9437055588 30.6557617188 15.3110418320
9.2226676941 49.3534660339 -3.4414913654 19.7238273621 0.0000000000 0.0000000000 13.9437055588 30.6557617188 15.3097381592
9.2225885391 49.4695129395 -4.2061591148 19.6308631897 0.0000000000 0.0000000000 13.9437055588 30.6557617188 15.3097133636
9.2185382843 49.5893440247 -3.4921712875 19.6966590881 0.0000000000 0.0000000000 13.9437055588 30.6557617188 15.3085660934
9.2189989090 49.7084045410 -4.2408676147 19.6022338867 0.0000000000 0.0000000000 13.9437055588 30.6557617188 15.3086967468
9.2155218124 49.8314628601 -3.5351154804 19.6107425690 0.0000000000 0.0000000000 13.9437055588 30.6557617188 15.3077087402
9.2165498734 49.9534454346 -4.2935209274 19.5554828644 0.0000000000 0.0000000000 13.9437055588 30.6557617188 15.3080024719
9.2137889862 50.0794525146 -3.5938904285 19.5822429657 0.0000000000 0.0000000000 13.9437055588 30.6557617188 15.3072185516
9.2152910233 50.2041778564 -4.3520188332 19.5297679901 0.0000000000 0.0000000000 13.9437055588 30.6557617188 15.3076438904
9.2131595612 50.3334503174 -3.6497941017 19.5355510712 0.0000000000 0.0000000000 13.9437055588 30.6557617188 15.3070383072
9.2152976990 50.4612426758 -4.4122366905 19.5065555573 0.0000000000 0.0000000000 13.9437055588 30.6557617188 15.3076448441
9.2139406204 50.5932197571 -3.7076132298 19.5180721283 0.0000000000 0.0000000000 13.9437055588 30.6557617188 15.3072605133
9.2167844772 50.7230110168 -4.4502882957 19.4695682526 0.0000000000 0.0000000000 13.9437055588 30.6557617188 15.3080692291
9.2159862518 50.8579559326 -3.7401108742 19.4692096710 0.0000000000 0.0000000000 13.9437055588 30.6557617188 15.3078413010
9.2190780640 50.9901351929 -4.4009180069 19.3913135529 0.0000000000 0.0000000000 13.9437055588 30.6557617188 15.3087167740
9.2190093994 51.1276054382 -3.8005359173 19.4496097565 0.0000000000 0.0000000000 13.9437055588 30.6557617188 15.3086986542
9.2227163315 51.2620849609 -4.4446015358 19.3352851868 0.0000000000 0.0000000000 13.9437055588 30.6557617188 15.3097505569
9.2229995728 51.4021492004 -3.7926614285 19.3756790161 0.0000000000 0.0000000000 13.9437055588 30.6557617188 15.3098297119
9.2276840210 51.5390281677 -4.5246725082 19.3262519836 0.0000000000 0.0000000000 13.9437055588 30.6557617188 15.3111581802
9.2289838791 51.6819572449 -3.8924512863 19.3426818848 0.0000000000 0.0000000000 13.9437055588 30.6557617188 15.3115282059
9.2337532043 51.8209686279 -4.4928646088 19.2551555634 0.0000000000 0.0000000000 13.9437055588 30.6557617188 15.3128795624
9.2353582382 51.9660263062 -3.8735468388 19.2803363800 0.0000000000 0.0000000000 13.9437055588 30.6557617188 15.3133354187
9.2410593033 52.1076698303 -4.5651717186 19.2118892670 0.0000000000 0.0000000000 13.9437055588 30.6557617188 15.3149509430
9.2437400818 52.2551803589 -3.9537389278 19.2400569916 0.0000000000 0.0000000000 13.9437055588 30.6557617188 15.3157110214
9.2500219345 52.3986396790 -4.6154093742 19.1913757324 0.0000000000 0.0000000000 13.9437055588 30.6557617188 15.3174934387
9.2532958984 52.5484466553 -3.9747633934 19.1769123077 0.0000000000 0.0000000000 13.9437055588 30.6557617188 15.3184213638
9.2601613998 52.6942062378 -4.6353769302 19.1533622742 0.0000000000 0.0000000000 13.9437055588 30.6557617188 15.3203659058
9.2646255493 52.8462181091 -4.0834317207 19.1408882141 0.0000000000 0.0000000000 13.9437055588 30.6557617188 15.3216333389
9.2722167969 52.9945678711 -4.7069978714 19.0850505829 0.0000000000 0.0000000000 13.9437055588 30.6557617188 15.3237857819
9.2774677277 53.1485023499 -4.1320919991 19.1117649078 0.0000000000 0.0000000000 13.9437055588 30.6557617188 15.3252754211
9.2859029770 53.2985801697 -4.7627720833 19.0428657532 0.0000000000 0.0000000000 13.9437055588 30.6557617188 15.3276672363
9.2921695709 53.4538345337 -4.1953926086 19.0711650848 0.0000000000 0.0000000000 13.9437055588 30.6557617188 15.3294439316
9.3009042740 53.6051826477 -4.7769632339 19.0758666992 0.0000000000 0.0000000000 13.9437055588 30.6557617188 15.3319196701
9.3072099686 53.7619781494 -4.1571521759 18.9894104004 0.0000000000 0.0000000000 13.9437055588 30.6557617188 15.3337097168
9.3168706894 53.9150619507 -4.8265266418 19.0501251221 0.0000000000 0.0000000000 13.9437055588 30.6557617188 15.3364496231
9.3242998123 54.0732192993 -4.2477855682 18.9985694885 0.0000000000 0.0000000000 13.9437055588 30.6557617188 15.3385553360
9.3344078064 54.2279853821 -4.8644151688 19.0041122437 0.0000000000 0.0000000000 13.9437055588 30.6557617188 15.3414211273
9.3420724869 54.3877449036 -4.2252726555 18.9316005707 0.0000000000 0.0000000000 13.9437055588 30.6557617188 15.3435945511
9.3133115768 54.3829116821 -2.3064622879 18.2374019623 0.0000000000 0.0000000000 13.9437055588 30.6557617188 15.3354387283
9.2816257477 54.3876419067 -1.4904189110 17.8480834961 0.0000000000 0.0000000000 13.9437055588 30.6557617188 15.3264541626
9.2539587021 54.3882446289 -2.0279839039 17.6856975555 0.0000000000 0.0000000000 13.9437055588 30.6557617188 15.3186092377
9.2241420746 54.3965301514 -1.6382050514 17.9107589722 0.0000000000 0.0000000000 13.9437055588 30.6557617188 15.3101549149
9.1981401443 54.4012641907 -2.2280230522 17.7530784607 0.0000000000 0.0000000000 13.9437055588 30.6557617188 15.3027811050
9.1694364548 54.4137573242 -1.7336071730 17.8551616669 0.0000000000 0.0000000000 13.9437055588 30.6557617188 15.2946414948
9.1446428299 54.4229278564 -2.3478140831 17.6748847961 0.0000000000 0.0000000000 13.9437055588 30.6557617188 15.2876119614
9.1173801422 54.4395217896 -1.8598072529 17.8272666931 0.0000000000 0.0000000000 13.9437055588 30.6557617188 15.2798805237
9.0933380127 54.4526367188 -2.4117286205 17.6532211304 0.0000000000 0.0000000000 13.9437055588 30.6557617188 15.2730636597
9.0675716400 54.4734230042 -1.9947600365 17.7843208313 0.0000000000 0.0000000000 13.9437055588 30.6557617188 15.2657575607
9.0447349548 54.4909477234 -2.5079379082 17.5825862885 0.0000000000 0.0000000000 13.9437055588 30.6557617188 15.2592821121
9.0200767517 54.5159912109 -2.1241266727 17.7819519043 0.0000000000 0.0000000000 13.9437055588 30.6557617188 15.2522897720
8.9984226227 54.5376625061 -2.6068806648 17.5607414246 0.0000000000 0.0000000000 13.9437055588 30.6557617188 15.2461490631
8.9749546051 54.5665969849 -2.1648266315 17.6878566742 0.0000000000 0.0000000000 13.9437055588 30.6557617188 15.2394943237
8.9540967941 54.5917053223 -2.6718254089 17.5375499725 0.0000000000 0.0000000000 13.9437055588 30.6557617188 15.2335796356
8.9319705963 54.6246948242 -2.3156311512 17.6802806854 0.0000000000 0.0000000000 13.9437055588 30.6557617188 15.2273063660
8.9124374390 54.6543121338 -2.7566988468 17.4796810150 0.0000000000 0.0000000000 13.9437055588 30.6557617188 15.2217664719
8.8915147781 54.6911125183 -2.3776907921 17.6109066010 0.0000000000 0.0000000000 13.9437055588 30.6557617188 15.2158336639
8.8736085892 54.7243385315 -2.9438343048 17.5136375427 0.0000000000 0.0000000000 13.9437055588 30.6557617188 15.2107572556
8.8540554047 54.7649993896 -2.4955430031 17.6239624023 0.0000000000 0.0000000000 13.9437055588 30.6557617188 15.2052145004
8.8369169235 54.8021774292 -2.9626097679 17.4661865234 0.0000000000 0.0000000000 13.9437055588 30.6557617188 15.2003526688
8.8186187744 54.8464813232 -2.5723614693 17.5685329437 0.0000000000 0.0000000000 13.9437055588 30.6557617188 15.1951637268
8.8027877808 54.8875236511 -3.0415105820 17.4385662079 0.0000000000 0.0000000000 13.9437055588 30.6557617188 15.1906757355
8.7855806351 54.9358444214 -2.6508510113 17.5329608917 0.0000000000 0.0000000000 13.9437055588 30.6557617188 15.1857957840
8.7709512711 54.9805068970 -3.0653638840 17.3631553650 0.0000000000 0.0000000000 13.9437055588 30.6557617188 15.1816482544
8.7552661896 55.0323410034 -2.7416327000 17.4951648712 0.0000000000 0.0000000000 13.9437055588 30.6557617188 15.1771993637
8.7414941788 55.0807342529 -3.1187131405 17.3154621124 0.0000000000 0.0000000000 13.9437055588 30.6557617188 15.1732950211
8.7272453308 55.1363639832 -2.8318142891 17.4567279816 0.0000000000 0.0000000000 13.9437055588 30.6557617188 15.1692552567
8.7147712708 55.1884880066 -3.1409707069 17.2423515320 0.0000000000 0.0000000000 13.9437055588 30.6557617188 15.1657171249
8.7020540237 55.2475891113 -2.9009857178 17.4196834564 0.0000000000 0.0000000000 13.9437055588 30.6557617188 15.1621112823
8.6907014847 55.3032646179 -3.2084982395 17.2415733337 0.0000000000 0.0000000000 13.9437055588 30.6557617188 15.1588916779
8.6789932251 55.3665199280 -2.9538874626 17.3691253662 0.0000000000 0.0000000000 13.9437055588 30.6557617188 15.1555719376
8.6685018539 55.4249649048 -3.1396112442 17.1693801880 0.0000000000 0.0000000000 13.9437055588 30.6557617188 15.1525974274
8.6586265564 55.4911994934 -3.0477666855 17.3669109344 0.0000000000 0.0000000000 13.9437055588 30.6557617188 15.1497964859
8.6489963531 55.5514907837 -3.0652463436 17.1717700958 0.0000000000 0.0000000000 13.9437055588 30.6557617188 15.1470661163
8.6400814056 55.6214218140 -3.1108303070 17.3186988831 0.0000000000 0.0000000000 13.9437055588 30.6557617188 15.1445369720
8.6315345764 55.6849250793 -3.0854635239 17.1359024048 0.0000000000 0.0000000000 13.9437055588 30.6557617188 15.1421155930
8.6240997314 55.7577438354 -3.1588184834 17.2456092834 0.0000000000 0.0000000000 13.9437055588 30.6557617188 15.1400060654
8.6167116165 55.8244018555 -3.1719398499 17.1335506439 0.0000000000 0.0000000000 13.9437055588 30.6557617188 15.1379108429
8.6103897095 55.9000015259 -3.2210204601 17.2587852478 0.0000000000 0.0000000000 13.9437055588 30.6557617188 15.1361179352
8.6042194366 55.9696197510 -3.2221119404 17.0784816742 0.0000000000 0.0000000000 13.9437055588 30.6557617188 15.1343688965
8.5991659164 56.0480880737 -3.2528507710 17.1747112274 0.0000000000 0.0000000000 13.9437055588 30.6557617188 15.1329364777
8.5942735672 56.1205139160 -3.2949678898 17.0656890869 0.0000000000 0.0000000000 13.9437055588 30.6557617188 15.1315498352
8.5902023315 56.2015838623 -3.2922623158 17.1565933228 0.0000000000 0.0000000000 13.9437055588 30.6557617188 15.1303939819
8.5862617493 56.2771453857 -3.3364112377 17.0236282349 0.0000000000 0.0000000000 13.9437055588 30.6557617188 15.1292772293
8.5836591721 56.3610038757 -3.3523726463 17.1268711090 0.0000000000 0.0000000000 13.9437055588 30.6557617188 15.1285390854
8.5812644958 56.4393005371 -3.4295635223 17.0154895782 0.0000000000 0.0000000000 13.9437055588 30.6557617188 15.1278591156
8.5796365738 56.5256500244 -3.4200444221 17.1290435791 0.0000000000 0.0000000000 13.9437055588 30.6557617188 15.1273975372
8.5779323578 56.6061439514 -3.4506573677 16.9864292145 0.0000000000 0.0000000000 13.9437055588 30.6557617188 15.1269149780
8.5776624680 56.6946601868 -3.4681320190 17.0570831299 0.0000000000 0.0000000000 13.9437055588 30.6557617188 15.1268367767
8.5243492126 56.5857200623 -0.2849668860 17.5960845947 0.0000000000 0.0000000000 13.9437055588 30.6557617188 15.1117200851
8.4703712463 56.4905586243 -0.3299721181 17.7017364502 0.0000000000 0.0000000000 13.9437055588 30.6557617188 15.0964155197
8.4190673828 56.3871040344 -0.3150732815 17.5735549927 0.0000000000 0.0000000000 13.9437055588 30.6557617188 15.0818672180
8.3676595688 56.2960395813 -0.6008301973 17.7249355316 0.0000000000 0.0000000000 13.9437055588 30.6557617188 15.0672893524
8.3181381226 56.1966209412 -0.5321723819 17.4793815613 0.0000000000 0.0000000000 13.9437055588 30.6557617188 15.0532474518
8.2677764893 56.1105003357 -0.6965625286 17.6722908020 0.0000000000 0.0000000000 13.9437055588 30.6557617188 15.0389680862
8.2188816071 56.0160140991 -0.5498013496 17.2796306610 0.0000000000 0.0000000000 13.9437055588 30.6557617188 15.0251035690
8.1704072952 55.9339256287 -0.8158492446 17.6838989258 0.0000000000 0.0000000000 13.9437055588 30.6557617188 15.0113573074
8.1230421066 55.8433876038 -0.7430230379 17.2449684143 0.0000000000 0.0000000000 13.9437055588 30.6557617188 14.9979276657
8.0761508942 55.7664871216 -0.9556052685 17.6122970581 0.0000000000 0.0000000000 13.9437055588 30.6557617188 14.9846305847
8.0294532776 55.6815567017 -0.7409262061 17.0341434479 0.0000000000 0.0000000000 13.9437055588 30.6557617188 14.9713888168
7.9848685265 55.6091537476 -1.1196982861 17.5778827667 0.0000000000 0.0000000000 13.9437055588 30.6557617188 14.9587469101
7.9397268295 55.5287475586 -0.8982824087 16.9773902893 0.0000000000 0.0000000000 13.9437055588 30.6557617188 14.9459447861
7.8967785835 55.4615364075 -1.1829348803 17.5213050842 0.0000000000 0.0000000000 13.9437055588 30.6557617188 14.9337663651
7.8524627686 55.3863487244 -0.9871841669 16.9002151489 0.0000000000 0.0000000000 13.9437055588 30.6557617188 14.9212017059
7.8115830421 55.3238067627 -1.3133647442 17.4686126709 0.0000000000 0.0000000000 13.9437055588 30.6557617188 14.9096097946
7.7687382698 55.2533798218 -1.1494511366 16.8850975037 0.0000000000 0.0000000000 13.9437055588 30.6557617188 14.8974599838
7.7294440269 55.1955451965 -1.4451735020 17.4458503723 0.0000000000 0.0000000000 13.9437055588 30.6557617188 14.8863172531
7.6877741814 55.1304588318 -1.2568467855 16.8052845001 0.0000000000 0.0000000000 13.9437055588 30.6557617188 14.8745021820
7.6501517296 55.0776367188 -1.5001567602 17.3274116516 0.0000000000 0.0000000000 13.9437055588 30.6557617188 14.8638353348
7.6100864410 55.0170707703 -1.3997942209 16.7757453918 0.0000000000 0.0000000000 13.9437055588 30.6557617188 14.8524732590
7.5743908882 54.9694442749 -1.6740393639 17.3439521790 0.0000000000 0.0000000000 13.9437055588 30.6557617188 14.8423500061
7.5353431702 54.9145431519 -1.4918074608 16.7466564178 0.0000000000 0.0000000000 13.9437055588 30.6557617188 14.8312768936
7.5012974739 54.8714523315 -1.7202880383 17.2689170837 0.0000000000 0.0000000000 13.9437055588 30.6557617188 14.8216238022
7.4640431404 54.8211250305 -1.6572238207 16.7543296814 0.0000000000 0.0000000000 13.9437055588 30.6557617188 14.8110599518
7.4315004349 54.7832069397 -1.7904961109 17.1908416748 0.0000000000 0.0000000000 13.9437055588 30.6557617188 14.8018331528
7.3954401016 54.7376213074 -1.7504384518 16.6723690033 0.0000000000 0.0000000000 13.9437055588 30.6557617188 14.7916069031
7.3649740219 54.7047042847 -1.9155141115 17.1904659271 0.0000000000 0.0000000000 13.9437055588 30.6557617188 14.7829675674
7.3302721977 54.6640586853 -1.8695731163 16.6467456818 0.0000000000 0.0000000000 13.9437055588 30.6557617188 14.7731294632
7.3015294075 54.6356925964 -1.9890769720 17.0783805847 0.0000000000 0.0000000000 13.9437055588 30.6557617188 14.7649774551
7.2686223984 54.5993270874 -1.9969207048 16.6287651062 0.0000000000 0.0000000000 13.9437055588 30.6557617188 14.7556467056
7.2417368889 54.5755043030 -2.1300394535 17.1291885376 0.0000000000 0.0000000000 13.9437055588 30.6557617188 14.7480230331
7.2102870941 54.5434913635 -2.1243209839 16.6007537842 0.0000000000 0.0000000000 13.9437055588 30.6557617188 14.7391052246
7.1853652000 54.5245056152 -2.2048099041 17.0395565033 0.0000000000 0.0000000000 13.9437055588 30.6557617188 14.7320394516
7.1550097466 54.4973106384 -2.2050762177 16.5726108551 0.0000000000 0.0000000000 13.9437055588 30.6557617188 14.7234315872
7.1319079399 54.4825859070 -2.3144283295 17.0184154510 0.0000000000 0.0000000000 13.9437055588 30.6557617188 14.7168798447
7.1033306122 54.4595603943 -2.3352458477 16.5465736389 0.0000000000 0.0000000000 13.9437055588 30.6557617188 14.7087783813
7.0820317268 54.4492912292 -2.3656618595 16.9242191315 0.0000000000 0.0000000000 13.9437055588 30.6557617188 14.7027378082
7.0549998283 54.4307250977 -2.4480619431 16.5440826416 0.0000000000 0.0000000000 13.9437055588 30.6557617188 14.6950740814
7.0356473923 54.4245414734 -2.4556159973 16.8915138245 0.0000000000 0.0000000000 13.9437055588 30.6557617188 14.6895847321
7.0098795891 54.4102973938 -2.5267753601 16.5203132629 0.0000000000 0.0000000000 13.9437055588 30.6557617188 14.6822776794
6.9920578003 54.4083786011 -2.5364215374 16.8571987152 0.0000000000 0.0000000000 13.9437055588 30.6557617188 14.6772251129
6.9676818848 54.3982658386 -2.6208059788 16.4854621887 0.0000000000 0.0000000000 13.9437055588 30.6557617188 14.6703128815
6.9511508942 54.4004173279 -2.5245006084 16.7134151459 0.0000000000 0.0000000000 13.9437055588 30.6557617188 14.6656236649
6.9281325340 54.3946800232 -2.6919405460 16.4355068207 0.0000000000 0.0000000000 13.9437055588 30.6557617188 14.6590967178
6.9131503105 54.4011154175 -2.5944283009 16.6973934174 0.0000000000 0.0000000000 13.9437055588 30.6557617188 14.6548490524
6.8916239738 54.3994483948 -2.8017284870 16.4252796173 0.0000000000 0.0000000000 13.9437055588 30.6557617188 14.6487445831
6.8777103424 54.4096908569 -2.5939838886 16.5796661377 0.0000000000 0.0000000000 13.9437055588 30.6557617188 14.6447982788
6.8573861122 54.4122467041 -2.8565301895 16.3795318604 0.0000000000 0.0000000000 13.9437055588 30.6557617188 14.6390371323
6.8449363708 54.4264221191 -2.6437873840 16.5406570435 0.0000000000 0.0000000000 13.9437055588 30.6557617188 14.6355066299
6.7835173607 54.3246459961 0.0115152700 17.4007129669 0.0000000000 0.0000000000 13.9437055588 30.6557617188 14.6180906296
6.7221956253 54.2283744812 -0.0597733296 17.6622734070 0.0000000000 0.0000000000 13.9437055588 30.6557617188 14.6007032394
6.6640424728 54.1296539307 -0.0569011420 17.2394542694 0.0000000000 0.0000000000 13.9437055588 30.6557617188 14.5842123032
6.6057701111 54.0375328064 -0.2977046967 17.7134723663 0.0000000000 0.0000000000 13.9437055588 30.6557617188 14.5676870346
6.5497932434 53.9441108704 -0.2878219187 17.2090587616 0.0000000000 0.0000000000 13.9437055588 30.6557617188 14.5518169403
6.4933495522 53.8568878174 -0.4023504853 17.6337490082 0.0000000000 0.0000000000 13.9437055588 30.6557617188 14.5358104706
6.4382114410 53.7687873840 -0.2821419537 17.0111770630 0.0000000000 0.0000000000 13.9437055588 30.6557617188 14.5201768875
6.3839550018 53.6864891052 -0.5112791061 17.5684261322 0.0000000000 0.0000000000 13.9437055588 30.6557617188 14.5047903061
6.3303303719 53.6033401489 -0.3894801140 16.8731002808 0.0000000000 0.0000000000 13.9437055588 30.6557617188 14.4895849228
6.2781295776 53.5260429382 -0.6444134712 17.5228176117 0.0000000000 0.0000000000 13.9437055588 30.6557617188 14.4747838974
6.2257246971 53.4485015869 -0.4911604524 16.8564014435 0.0000000000 0.0000000000 13.9437055588 30.6557617188 14.4599237442
6.1759238243 53.3754539490 -0.7771437764 17.4728603363 0.0000000000 0.0000000000 13.9437055588 30.6557617188 14.4458017349
6.1251487732 53.3026161194 -0.6378464699 16.8373489380 0.0000000000 0.0000000000 13.9437055588 30.6557617188 14.4314041138
6.0774617195 53.2346229553 -0.9390469193 17.4973945618 0.0000000000 0.0000000000 13.9437055588 30.6557617188 14.4178810120
6.0278892517 53.1671562195 -0.7376819849 16.7411689758 0.0000000000 0.0000000000 13.9437055588 30.6557617188 14.4038248062
5.9823365211 53.1032981873 -0.9979764819 17.3713703156 0.0000000000 0.0000000000 13.9437055588 30.6557617188 14.3909053802
5.9341969490 53.0410766602 -0.8399728537 16.6541652679 0.0000000000 0.0000000000 13.9437055588 30.6557617188 14.3772583008
5.8911972046 52.9814414978 -1.1577972174 17.3208770752 0.0000000000 0.0000000000 13.9437055588 30.6557617188 14.3650646210
5.8442282677 52.9241371155 -0.9087502956 16.4926338196 0.0000000000 0.0000000000 13.9437055588 30.6557617188 14.3517456055
5.8030982018 52.8693351746 -1.1991889477 17.2064666748 0.0000000000 0.0000000000 13.9437055588 30.6557617188 14.3400831223
5.7578473091 52.8166007996 -1.0515822172 16.4259681702 0.0000000000 0.0000000000 13.9437055588 30.6557617188 14.3272504807
5.7191033363 52.7658233643 -1.3506896496 17.1539516449 0.0000000000 0.0000000000 13.9437055588 30.6557617188 14.3162660599
5.6749477386 52.7178764343 -1.1217237711 16.2812709808 0.0000000000 0.0000000000 13.9437055588 30.6557617188 14.3037452698
5.6384057999 52.6710586548 -1.4221392870 17.0376129150 0.0000000000 0.0000000000 13.9437055588 30.6557617188 14.2933845520
5.5956902504 52.6276245117 -1.2278661728 16.2049942017 0.0000000000 0.0000000000 13.9437055588 30.6557617188 14.2812700272
5.5610542297 52.5848426819 -1.5438121557 17.0278759003 0.0000000000 0.0000000000 13.9437055588 30.6557617188 14.2714490891
5.5201086998 52.5460815430 -1.3682497740 16.1593055725 0.0000000000 0.0000000000 13.9437055588 30.6557617188 14.2598390579
5.4873652458 52.5075836182 -1.6163837910 16.9426841736 0.0000000000 0.0000000000 13.9437055588 30.6557617188 14.2505531311
5.4475288391 52.4733848572 -1.3933032751 15.9102230072 0.0000000000 0.0000000000 13.9437055588 30.6557617188 14.2392578125
5.4170670509 52.4385986328 -1.7363330126 16.9128284454 0.0000000000 0.0000000000 13.9437055588 30.6557617188 14.2306213379
5.3785514832 52.4087524414 -1.4760035276 15.7761573792 0.0000000000 0.0000000000 13.9437055588 30.6557617188 14.2196989059
5.3498172760 52.3777122498 -1.7668529749 16.7407798767 0.0000000000 0.0000000000 13.9437055588 30.6557617188 14.2115497589
5.3129839897 52.3518371582 -1.6079301834 15.7696714401 0.0000000000 0.0000000000 13.9437055588 30.6557617188 14.2011060715
5.2861437798 52.3241195679 -1.8590525389 16.7005786896 0.0000000000 0.0000000000 13.9437055588 30.6557617188 14.1934947968
5.2505064011 52.3023033142 -1.6703768969 15.6904315948 0.0000000000 0.0000000000 13.9437055588 30.6557617188 14.1833906174
5.2256655693 52.2783050537 -1.9047552347 16.6208362579 0.0000000000 0.0000000000 13.9437055588 30.6557617188 14.1763458252
5.1916532516 52.2602005005 -1.7895913124 15.6607809067 0.0000000000 0.0000000000 13.9437055588 30.6557617188 14.1667022705
5.1684622765 52.2396850586 -1.9840626717 16.5979690552 0.0000000000 0.0000000000 13.9437055588 30.6557617188 14.1601257324
5.1356492043 52.2249717712 -1.8505400419 15.6122941971 0.0000000000 0.0000000000 13.9437055588 30.6557617188 14.1508207321
5.1142530441 52.2082786560 -2.0494279861 16.5247840881 0.0000000000 0.0000000000 13.9437055588 30.6557617188 14.1447534561
5.0828666687 52.1974182129 -1.9412089586 15.5538616180 0.0000000000 0.0000000000 13.9437055588 30.6557617188 14.1358537674
5.0632901192 52.1837425232 -2.1153764725 16.4769783020 0.0000000000 0.0000000000 13.9437055588 30.6557617188 14.1303033829
5.0331664085 52.1761627197 -2.0093235970 15.5069284439 0.0000000000 0.0000000000 13.9437055588 30.6557617188 14.1217603683
5.0152688026 52.1661033630 -2.1659069061 16.4195327759 0.0000000000 0.0000000000 13.9437055588 30.6557617188 14.1166849136
4.9865536690 52.1615982056 -2.0917208195 15.4724378586 0.0000000000 0.0000000000 13.9437055588 30.6557617188 14.1085453033
4.9704923630 52.1549263000 -2.2405009270 16.3745269775 0.0000000000 0.0000000000 13.9437055588 30.6557617188 14.1039896011
4.9431052208 52.1538925171 -2.1728217602 15.4531621933 0.0000000000 0.0000000000 13.9437055588 30.6557617188 14.0962219238
4.9285836220 52.1495666504 -2.2496969700 16.2576904297 0.0000000000 0.0000000000 13.9437055588 30.6557617188 14.0921049118
4.9025716782 52.1519622803 -2.2359616756 15.4014358521 0.0000000000 0.0000000000 13.9437055588 30.6557617188 14.0847301483
4.8896880150 52.1505584717 -2.2929420471 16.1917629242 0.0000000000 0.0000000000 13.9437055588 30.6557617188 14.0810766220
4.8414063454 52.0918159485 -1.0086091757 15.7973756790 0.0000000000 0.0000000000 13.9437055588 30.6557617188 14.0673856735
4.8013806343 52.0256576538 -1.3544349670 16.7689666748 0.0000000000 0.0000000000 13.9437055588 30.6557617188 14.0560369492
4.7577881813 51.9712638855 -1.3509371281 15.9938039780 0.0000000000 0.0000000000 13.9437055588 30.6557617188 14.0436744690
4.7208743095 51.9091377258 -1.5061150789 16.8003902435 0.0000000000 0.0000000000 13.9437055588 30.6557617188 14.0332078934
4.6789374352 51.8601455688 -1.3997522593 15.9593362808 0.0000000000 0.0000000000 13.9437055588 30.6557617188 14.0213165283
4.6439504623 51.8027420044 -1.5832178593 16.7994346619 0.0000000000 0.0000000000 13.9437055588 30.6557617188 14.0113954544
4.6035671234 51.7594108582 -1.4111839533 15.6994581223 0.0000000000 0.0000000000 13.9437055588 30.6557617188 13.9999446869
4.5712523460 51.7062759399 -1.7114925385 16.8411521912 0.0000000000 0.0000000000 13.9437055588 30.6557617188 13.9907798767
4.5330395699 51.6679267883 -1.4892437458 15.6149730682 0.0000000000 0.0000000000 13.9437055588 30.6557617188 13.9799442291
4.5029172897 51.6188659668 -1.7742723227 16.8302841187 0.0000000000 0.0000000000 13.9437055588 30.6557617188 13.9714040756
4.4658093452 51.5853538513 -1.4889882803 15.4900999069 0.0000000000 0.0000000000 13.9437055588 30.6557617188 13.9608812332
4.4382333755 51.5407638550 -1.8550202847 16.7369270325 0.0000000000 0.0000000000 13.9437055588 30.6557617188 13.9530630112
4.4031414986 51.5122756958 -1.5981010199 15.4552993774 0.0000000000 0.0000000000 13.9437055588 30.6557617188 13.9431123734
4.3778853416 51.4706268311 -1.9258840084 16.6392879486 0.0000000000 0.0000000000 13.9437055588 30.6557617188 13.9359502792
4.3442349434 51.4467201233 -1.6438370943 15.3490982056 0.0000000000 0.0000000000 13.9437055588 30.6557617188 13.9264068604
4.3210864067 51.4093818665 -2.0095894337 16.6484031677 0.0000000000 0.0000000000 13.9437055588 30.6557617188 13.9198436737
4.2890849113 51.3901290894 -1.7411211729 15.3500308990 0.0000000000 0.0000000000 13.9437055588 30.6557617188 13.9107685089
4.2681689262 51.3564491272 -2.1023435593 16.6178302765 0.0000000000 0.0000000000 13.9437055588 30.6557617188 13.9048376083
4.2374596596 51.3411979675 -1.7885230780 15.2931852341 0.0000000000 0.0000000000 13.9437055588 30.6557617188 13.8961315155
4.2185344696 51.3114624023 -2.1989467144 16.6299114227 0.0000000000 0.0000000000 13.9437055588 30.6557617188 13.8907651901
4.1896882057 51.3008003235 -1.8874261379 15.2515516281 0.0000000000 0.0000000000 13.9437055588 30.6557617188 13.8825855255
4.1727147102 51.2742118835 -2.2669839859 16.5982494354 0.0000000000 0.0000000000 13.9437055588 30.6557617188 13.8777713776
4.1448526382 51.2674217224 -1.9138556719 15.2300472260 0.0000000000 0.0000000000 13.9437055588 30.6557617188 13.8698711395
4.1299920082 51.2449798584 -2.3173570633 16.5248088837 0.0000000000 0.0000000000 13.9437055588 30.6557617188 13.8656558990
4.1035284996 51.2419815063 -1.9896960258 15.1858377457 0.0000000000 0.0000000000 13.9437055588 30.6557617188 13.8581533432
4.0904140472 51.2225265503 -2.4011199474 16.5647201538 0.0000000000 0.0000000000 13.9437055588 30.6557617188 13.8544330597
4.0655889511 51.2237701416 -2.0657086372 15.1276435852 0.0000000000 0.0000000000 13.9437055588 30.6557617188 13.8473958969
4.0538892746 51.2076797485 -2.3725211620 16.4064083099 0.0000000000 0.0000000000 13.9437055588 30.6557617188 13.8440771103
4.0302629471 51.2125663757 -2.1237421036 15.1379318237 0.0000000000 0.0000000000 13.9437055588 30.6557617188 13.8373785019
4.0202059746 51.1997032166 -2.4289789200 16.3774509430 0.0000000000 0.0000000000 13.9437055588 30.6557617188 13.8345270157
3.9977030754 51.2076110840 -2.1716642380 15.1102056503 0.0000000000 0.0000000000 13.9437055588 30.6557617188 13.8281450272
3.9892444611 51.1980438232 -2.4639065266 16.3303985596 0.0000000000 0.0000000000 13.9437055588 30.6557617188 13.8257455826
3.9679613113 51.2092819214 -2.2195265293 15.0699567795 0.0000000000 0.0000000000 13.9437055588 30.6557617188 13.8197116852
3.9606924057 51.2024116516 -2.4944801331 16.3190402985 0.0000000000 0.0000000000 13.9437055588 30.6557617188 13.8176498413
3.9402287006 51.2166175842 -2.2373909950 15.0329799652 0.0000000000 0.0000000000 13.9437055588 30.6557617188 13.8118467331
3.9345202446 51.2126159668 -2.5428025723 16.2704830170 0.0000000000 0.0000000000 13.9437055588 30.6557617188 13.8102302551
3.9152274132 51.2299308777 -2.3127710819 15.0331678391 0.0000000000 0.0000000000 13.9437055588 30.6557617188 13.8047571182
3.9107358456 51.2285385132 -2.5656321049 16.2430839539 0.0000000000 0.0000000000 13.9437055588 30.6557617188 13.8034839630
3.8923876286 51.2485656738 -2.3320052624 14.9926366806 0.0000000000 0.0000000000 13.9437055588 30.6557617188 13.7982826233
3.8892896175 51.2500343323 -2.6109631062 16.2235183716 0.0000000000 0.0000000000 13.9437055588 30.6557617188 13.7974033356
3.8720712662 51.2727622986 -2.4100742340 15.0039920807 0.0000000000 0.0000000000 13.9437055588 30.6557617188 13.7925214767
3.8701276779 51.2766609192 -2.6051163673 16.1605091095 0.0000000000 0.0000000000 13.9437055588 30.6557617188 13.7919702530
3.8536937237 51.3019676208 -2.4153957367 14.9556522369 0.0000000000 0.0000000000 13.9437055588 30.6557617188 13.7873096466
3.8529949188 51.3082275391 -2.6794438362 16.2044105530 0.0000000000 0.0000000000 13.9437055588 30.6557617188 13.7871112823
3.8376784325 51.3364486694 -2.4876737595 14.9430685043 0.0000000000 0.0000000000 13.9437055588 30.6557617188 13.7827682495
3.8378391266 51.3447952271 -2.6448173523 16.1232624054 0.0000000000 0.0000000000 13.9437055588 30.6557617188 13.7828149796
3.8230931759 51.3745574951 -2.4879486561 14.9141206741 0.0000000000 0.0000000000 13.9437055588 30.6557617188 13.7786331177
3.8245449066 51.3854789734 -2.6960778236 16.1082077026 0.0000000000 0.0000000000 13.9437055588 30.6557617188 13.7790451050
3.8105568886 51.4172210693 -2.5277187824 14.8752365112 0.0000000000 0.0000000000 13.9437055588 30.6557617188 13.7750787735
3.8128273487 51.4295082092 -2.6982061863 16.0828189850 0.0000000000 0.0000000000 13.9437055588 30.6557617188 13.7757225037
3.8027732372 51.4326171875 -2.5728278160 14.9598226547 0.0000000000 0.0000000000 13.9437055588 30.6557617188 13.7728700638
3.8094553947 51.4325180054 -3.1106488705 15.9305334091 0.0000000000 0.0000000000 13.9437055588 30.6557617188 13.7747650146
3.8024194241 51.4426193237 -2.6508049965 14.9116659164 0.0000000000 0.0000000000 13.9437055588 30.6557617188 13.7727708817
3.8098974228 51.4464569092 -3.1434834003 16.0869827271 0.0000000000 0.0000000000 13.9437055588 30.6557617188 13.7748908997
3.8038308620 51.4612579346 -2.6773970127 14.9177522659 0.0000000000 0.0000000000 13.9437055588 30.6557617188 13.7731714249
3.8131399155 51.4699249268 -3.2033307552 16.0491313934 0.0000000000 0.0000000000 13.9437055588 30.6557617188 13.7758111954
3.8077557087 51.4891281128 -2.6671710014 15.0215988159 0.0000000000 0.0000000000 13.9437055588 30.6557617188 13.7742834091
3.8184945583 51.5019569397 -3.2476415634 16.0927543640 0.0000000000 0.0000000000 13.9437055588 30.6557617188 13.7773294449
3.8135354519 51.5249748230 -2.6812140942 15.2213277817 0.0000000000 0.0000000000 13.9437055588 30.6557617188 13.7759218216
3.8249726295 51.5413703918 -3.2015950680 16.0928115845 0.0000000000 0.0000000000 13.9437055588 30.6557617188 13.7791662216
3.8206131458 51.5683364868 -2.6921522617 15.1778402328 0.0000000000 0.0000000000 13.9437055588 30.6557617188 13.7779302597
3.8330807686 51.5878601074 -3.2594354153 16.1257858276 0.0000000000 0.0000000000 13.9437055588 30.6557617188 13.7814655304
3.8286101818 51.6183166504 -2.6525228024 15.1883277893 0.0000000000 0.0000000000 13.9437055588 30.6557617188 13.7801961899
3.8422188759 51.6409835815 -3.2880530357 16.0747871399 0.0000000000 0.0000000000 13.9437055588 30.6557617188 13.7840547562
3.8380088806 51.6743698120 -2.6630637646 15.1939334869 0.0000000000 0.0000000000 13.9437055588 30.6557617188 13.7828626633
3.8522424698 51.7000122070 -3.2651267052 16.0641994476 0.0000000000 0.0000000000 13.9437055588 30.6557617188 13.7868986130
3.8487081528 51.7366294861 -2.6852974892 15.0932626724 0.0000000000 0.0000000000 13.9437055588 30.6557617188 13.7858963013
3.8632707596 51.7641410828 -3.2153639793 15.8820610046 0.0000000000 0.0000000000 13.9437055588 30.6557617188 13.7900247574
3.8596863747 51.8035163879 -2.6500489712 15.0201206207 0.0000000000 0.0000000000 13.9437055588 30.6557617188 13.7890090942
3.8754174709 51.8334579468 -3.2761294842 15.8827390671 0.0000000000 0.0000000000 13.9437055588 30.6557617188 13.7934703827
3.8718678951 51.8753280640 -2.6713335514 15.0399856567 0.0000000000 0.0000000000 13.9437055588 30.6557617188 13.7924642563
3.8873848915 51.9070510864 -3.2080533504 15.9301738739 0.0000000000 0.0000000000 13.9437055588 30.6557617188 13.7968654633
3.8846123219 51.9511871338 -2.7282838821 15.0682783127 0.0000000000 0.0000000000 13.9437055588 30.6557617188 13.7960777283
3.9006590843 51.9843177795 -3.2476775646 15.9623374939 0.0000000000 0.0000000000 13.9437055588 30.6557617188 13.8006267548
3.8976013660 52.0302276611 -2.7114703655 15.1379852295 0.0000000000 0.0000000000 13.9437055588 30.6557617188 13.7997589111
3.9146006107 52.0639343262 -3.2791526318 15.9202337265 0.0000000000 0.0000000000 13.9437055588 30.6557617188 13.8045797348
3.9115898609 52.1116065979 -2.7255165577 15.1417140961 0.0000000000 0.0000000000 13.9437055588 30.6557617188 13.8037281036
3.9285159111 52.1472282410 -3.2784366608 16.0169620514 0.0000000000 0.0000000000 13.9437055588 30.6557617188 13.8085260391
3.9260361195 52.1968460083 -2.7817704678 15.1566934586 0.0000000000 0.0000000000 13.9437055588 30.6557617188 13.8078231812
3.9429273605 52.2335739136 -3.2395050526 15.9338264465 0.0000000000 0.0000000000 13.9437055588 30.6557617188 13.8126125336
3.9403352737 52.2844848633 -2.7650992870 15.2056770325 0.0000000000 0.0000000000 13.9437055588 30.6557617188 13.8118782043
3.9583845139 52.3220024109 -3.3436229229 16.0233154297 0.0000000000 0.0000000000 13.9437055588 30.6557617188 13.8169946671
3.9557828903 52.3745613098 -2.7962145805 15.2238712311 0.0000000000 0.0000000000 13.9437055588 30.6557617188 13.8162574768
3.9732105732 52.4129867554 -3.2742192745 16.0549659729 0.0000000000 0.0000000000 13.9437055588 30.6557617188 13.8212003708
3.9714171886 52.4669265747 -2.8469669819 15.2215948105 0.0000000000 0.0000000000 13.9437055588 30.6557617188 13.8206920624
3.9890108109 52.5061531067 -3.2843947411 16.0151348114 0.0000000000 0.0000000000 13.9437055588 30.6557617188 13.8256807327
3.9869096279 52.5608406067 -2.8558042049 15.3189954758 0.0000000000 0.0000000000 13.9437055588 30.6557617188 13.8250837326
4.0051627159 52.5999221802 -3.2927134037 15.9970407486 0.0000000000 0.0000000000 13.9437055588 30.6557617188 13.8302621841
4.0031971931 52.6558456421 -2.8673093319 15.2757987976 0.0000000000 0.0000000000 13.9437055588 30.6557617188 13.8297023773
4.0214147568 52.6957283020 -3.2777109146 16.0085029602 0.0000000000 0.0000000000 13.9437055588 30.6557617188 13.8348693848
4.0198941231 52.7527351379 -2.9438552856 15.3395051956 0.0000000000 0.0000000000 13.9437055588 30.6557617188 13.8344373703
4.0381298065 52.7930259705 -3.2884182930 16.0262813568 0.0000000000 0.0000000000 13.9437055588 30.6557617188 13.8396091461
4.0362691879 52.8506698608 -2.9000749588 15.3451519012 0.0000000000 0.0000000000 13.9437055588 30.6557617188 13.8390817642
4.0554838181 52.8908424377 -3.3616418839 16.0306739807 0.0000000000 0.0000000000 13.9437055588 30.6557617188 13.8445301056
4.0534696579 52.9495391846 -2.9080562592 15.3055868149 0.0000000000 0.0000000000 13.9437055588 30.6557617188 13.8439588547
4.0722136497 52.9894752502 -3.2966713905 16.0665035248 0.0000000000 0.0000000000 13.9437055588 30.6557617188 13.8492736816
4.0708017349 53.0488739014 -2.9620320797 15.3182058334 0.0000000000 0.0000000000 13.9437055588 30.6557617188 13.8488740921
4.0895385742 53.0895843506 -3.3075425625 16.0640239716 0.0000000000 0.0000000000 13.9437055588 30.6557617188 13.8541860580
4.0879664421 53.1495742798 -2.9653992653 15.3678131104 0.0000000000 0.0000000000 13.9437055588 30.6557617188 13.8537397385
4.1070556641 53.1901130676 -3.3320236206 16.0465583801 0.0000000000 0.0000000000 13.9437055588 30.6557617188 13.8591537476
4.1453576088 53.2346267700 -3.7350342274 15.5154991150 0.0000000000 0.0000000000 13.9437055588 30.6557617188 13.8700132370
4.1979851723 53.2771148682 -3.9285895824 15.1066904068 0.0000000000 0.0000000000 13.9437055588 30.6557617188 13.8849372864
4.2341256142 53.3269538879 -3.6831660271 15.3607549667 0.0000000000 0.0000000000 13.9437055588 30.6557617188 13.8951854706
4.2848706245 53.3738594055 -3.8678565025 15.3792028427 0.0000000000 0.0000000000 13.9437055588 30.6557617188 13.9095735550
4.3176698685 53.4284286499 -3.5640702248 15.3840093613 0.0000000000 0.0000000000 13.9437055588 30.6557617188 13.9188766479
4.3660669327 53.4794845581 -3.7787814140 15.3248682022 0.0000000000 0.0000000000 13.9437055588 30.6557617188 13.9325981140
4.3958740234 53.5383758545 -3.4591329098 15.3931093216 0.0000000000 0.0000000000 13.9437055588 30.6557617188 13.9410505295
4.4422168732 53.5929450989 -3.7208774090 15.2990980148 0.0000000000 0.0000000000 13.9437055588 30.6557617188 13.9541912079
4.4691314697 53.6557502747 -3.3830740452 15.3820562363 0.0000000000 0.0000000000 13.9437055588 30.6557617188 13.9618244171
4.5135712624 53.7135124207 -3.6532015800 15.3001365662 0.0000000000 0.0000000000 13.9437055588 30.6557617188 13.9744243622
4.5380506516 53.7796592712 -3.3404042721 15.4314880371 0.0000000000 0.0000000000 13.9437055588 30.6557617188 13.9813661575
4.5804424286 53.8405151367 -3.6085934639 15.3380022049 0.0000000000 0.0000000000 13.9437055588 30.6557617188 13.9933891296
4.6024003029 53.9093513489 -3.2685890198 15.4444866180 0.0000000000 0.0000000000 13.9437055588 30.6557617188 13.9996128082
4.6433944702 53.9720993042 -3.5936329365 15.3841943741 0.0000000000 0.0000000000 13.9437055588 30.6557617188 14.0112371445
4.6630616188 54.0436973572 -3.2266094685 15.4580793381 0.0000000000 0.0000000000 13.9437055588 30.6557617188 14.0168151855
4.7023210526 54.1083602905 -3.5416398048 15.3857946396 0.0000000000 0.0000000000 13.9437055588 30.6557617188 14.0279455185
4.7200918198 54.1816024780 -3.1679790020 15.4475936890 0.0000000000 0.0000000000 13.9437055588 30.6557617188 14.0329856873
4.7582893372 54.2478904724 -3.5668482780 15.4330739975 0.0000000000 0.0000000000 13.9437055588 30.6557617188 14.0438156128
4.7740812302 54.3226661682 -3.1338686943 15.5317001343 0.0000000000 0.0000000000 13.9437055588 30.6557617188 14.0482950211
4.8111743927 54.3896446228 -3.5778553486 15.5376377106 0.0000000000 0.0000000000 13.9437055588 30.6557617188 14.0588111877
4.8253674507 54.4654884338 -3.1186578274 15.5505695343 0.0000000000 0.0000000000 13.9437055588 30.6557617188 14.0628376007
4.8617973328 54.5334892273 -3.5753564835 15.5384464264 0.0000000000 0.0000000000 13.9437055588 30.6557617188 14.0731678009
4.8745393753 54.6103324890 -3.0751461983 15.5372371674 0.0000000000 0.0000000000 13.9437055588 30.6557617188 14.0767812729
4.9094052315 54.6789855957 -3.5299298763 15.5577497482 0.0000000000 0.0000000000 13.9437055588 30.6557617188 14.0866661072
4.9210495949 54.7561607361 -3.0366618633 15.4834556580 0.0000000000 0.0000000000 13.9437055588 30.6557617188 14.0899696350
4.9553456306 54.8250198364 -3.5269656181 15.5541591644 0.0000000000 0.0000000000 13.9437055588 30.6557617188 14.0996932983
4.9656100273 54.9026641846 -3.0094292164 15.4739665985 0.0000000000 0.0000000000 13.9437055588 30.6557617188 14.1026058197
4.9987668991 54.9715309143 -3.4902465343 15.6216850281 0.0000000000 0.0000000000 13.9437055588 30.6557617188 14.1120071411
5.0082812309 55.0492362976 -2.9978866577 15.5109109879 0.0000000000 0.0000000000 13.9437055588 30.6557617188 14.1147050858
5.0409493446 55.1174430847 -3.5005600452 15.6298437119 0.0000000000 0.0000000000 13.9437055588 30.6557617188 14.1239681244
5.0495839119 55.1950836182 -2.9884879589 15.5299215317 0.0000000000 0.0000000000 13.9437055588 30.6557617188 14.1264162064
5.0813922882 55.2627906799 -3.4766557217 15.6542949677 0.0000000000 0.0000000000 13.9437055588 30.6557617188 14.1354360580
5.0895280838 55.3395233154 -2.9969093800 15.5656957626 0.0000000000 0.0000000000 13.9437055588 30.6557617188 14.1377420425
5.1212038994 55.4066123962 -3.4990615845 15.6606559753 0.0000000000 0.0000000000 13.9437055588 30.6557617188 14.1467247009
5.1283998489 55.4830741882 -2.9702508450 15.5567827225 0.0000000000 0.0000000000 13.9437055588 30.6557617188 14.1487646103
5.1590228081 55.5496406555 -3.4539999962 15.6676464081 0.0000000000 0.0000000000 13.9437055588 30.6557617188 14.1574506760
5.1655054092 55.6253585815 -2.9485218525 15.5709171295 0.0000000000 0.0000000000 13.9437055588 30.6557617188 14.1592874527
5.1963882446 55.6911010742 -3.5044600964 15.6704244614 0.0000000000 0.0000000000 13.9437055588 30.6557617188 14.1680431366
5.2022352219 55.7662353516 -2.9573314190 15.6307268143 0.0000000000 0.0000000000 13.9437055588 30.6557617188 14.1697034836
5.2318820953 55.8318519592 -3.4585466385 15.7552690506 0.0000000000 0.0000000000 13.9437055588 30.6557617188 14.1781101227
5.2375297546 55.9062957764 -2.9704151154 15.6465644836 0.0000000000 0.0000000000 13.9437055588 30.6557617188 14.1797103882
5.2674846649 55.9708862305 -3.5021572113 15.7766084671 0.0000000000 0.0000000000 13.9437055588 30.6557617188 14.1882047653
5.2723355293 56.0449523926 -2.9623401165 15.6825504303 0.0000000000 0.0000000000 13.9437055588 30.6557617188 14.1895799637
5.3011522293 56.1089477539 -3.4477932453 15.8328990936 0.0000000000 0.0000000000 13.9437055588 30.6557617188 14.1977510452
5.3059048653 56.1824493408 -2.9768323898 15.7092733383 0.0000000000 0.0000000000 13.9437055588 30.6557617188 14.1990985870
5.3348746300 56.2452659607 -3.4738824368 15.8416614532 0.0000000000 0.0000000000 13.9437055588 30.6557617188 14.2073135376
5.3389158249 56.3181228638 -2.9656844139 15.7296810150 0.0000000000 0.0000000000 13.9437055588 30.6557617188 14.2084598541
5.3665971756 56.3802871704 -3.3888835907 15.8427438736 0.0000000000 0.0000000000 13.9437055588 30.6557617188 14.2163085938
5.3705487251 56.4525947571 -2.9784038067 15.7505865097 0.0000000000 0.0000000000 13.9437055588 30.6557617188 14.2174301147
5.3986983299 56.5135307312 -3.4490921497 15.8568124771 0.0000000000 0.0000000000 13.9437055588 30.6557617188 14.2254114151
5.4123582840 56.5866928101 -2.8856153488 16.2782840729 0.0000000000 0.0000000000 13.9437055588 30.6557617188 14.2292852402
