     velsurf       thk_regu           glen
     33.1031         3.0247        -0.8170
     33.7371         3.0772        -0.8170
     33.6104         3.0610        -0.8170
     33.5017         3.0499        -0.8170
     33.4033         3.0418        -0.8170
     33.3112         3.0356        -0.8170
     33.2234         3.0310        -0.8170
     33.1389         3.0276        -0.8170
     33.0561         3.0252        -0.8170
     32.9748         3.0236        -0.8170
     32.8947         3.0228        -0.8170
     32.8153         3.0227        -0.8170
     32.7363         3.0232        -0.8170
     32.6577         3.0243        -0.8170
     32.5791         3.0259        -0.8170
     32.5005         3.0281        -0.8170
     32.4218         3.0307        -0.8170
     32.3429         3.0338        -0.8170
     32.2639         3.0374        -0.8170
     32.1844         3.0414        -0.8170
     32.1040         3.0459        -0.8170
     32.0238         3.0508        -0.8170
     31.9433         3.0561        -0.8170
     31.8617         3.0618        -0.8170
     31.7805         3.0680        -0.8170
     31.6982         3.0746        -0.8170
     31.6158         3.0816        -0.8170
     31.5330         3.0890        -0.8170
     31.4492         3.0969        -0.8170
     31.3654         3.1051        -0.8170
     31.2812         3.1138        -0.8170
     31.1965         3.1229        -0.8170
     31.1114         3.1323        -0.8170
     31.0257         3.1422        -0.8170
     30.9398         3.1525        -0.8170
     30.8535         3.1631        -0.8170
     30.7666         3.1741        -0.8170
     30.6794         3.1855        -0.8170
     30.5918         3.1973        -0.8170
     30.5042         3.2094        -0.8170
     30.4161         3.2219        -0.8170
     30.3279         3.2347        -0.8170
     30.2393         3.2479        -0.8170
     30.1498         3.2614        -0.8170
     30.0587         3.2753        -0.8170
     29.9723         3.2895        -0.8170
     29.8841         3.3040        -0.8170
     29.7932         3.3189        -0.8170
     29.7080         3.3340        -0.8170
     29.6194         3.3494        -1.0758
     24.8393         3.3652        -1.0758
     24.7530         3.3745        -1.0758
     24.6445         3.3845        -1.0758
     24.5670         3.3949        -1.0758
     24.4676         3.4058        -1.0758
     24.3743         3.4171        -1.0758
     24.2867         3.4288        -1.0758
     24.1898         3.4407        -1.0758
     24.1046         3.4529        -1.0758
     23.9993         3.4654        -1.0758
     23.9130         3.4781        -1.0758
     23.8300         3.4910        -1.0758
     23.7289         3.5041        -1.0758
     23.6559         3.5174        -1.0758
     23.5534         3.5310        -1.0758
     23.4660         3.5447        -1.0758
     23.3663         3.5585        -1.0758
     23.2809         3.5725        -1.0758
     23.1864         3.5867        -1.0758
     23.1006         3.6010        -1.0758
     23.0270         3.6155        -1.0758
     22.9401         3.6301        -1.0758
     22.8549         3.6448        -1.0758
     22.7729         3.6596        -1.0758
     22.6762         3.6745        -1.0758
     22.5881         3.6896        -1.0758
     22.5082         3.7048        -1.0758
     22.4355         3.7200        -1.0758
     22.3394         3.7355        -1.0758
     22.2703         3.7509        -1.0758
     22.1893         3.7665        -1.0758
     22.1223         3.7821        -1.0758
     21.9969         3.7978        -1.0758
     21.9790         3.8136        -1.0758
     21.8499         3.8296        -1.0758
     21.8258         3.8455        -1.0758
     21.7095         3.8616        -1.0758
     21.6723         3.8777        -1.0758
     21.5471         3.8939        -1.0758
     21.5371         3.9101        -1.0758
     21.4134         3.9264        -1.0758
     21.3909         3.9428        -1.0758
     21.2968         3.9592        -1.0758
     21.2498         3.9756        -1.0758
     21.1408         3.9921        -1.0758
     21.1188         4.0085        -1.0758
     21.0158         4.0251        -1.0758
     20.9910         4.0417        -1.0758
     20.8682         4.0583        -1.0758
     20.8613         4.0749        -1.0323
     20.0624         4.0916        -1.0323
     20.0434         4.1071        -1.0323
     19.9079         4.1236        -1.0323
     19.8944         4.1408        -1.0323
     19.7733         4.1584        -1.0323
     19.7623         4.1764        -1.0323
     19.6445         4.1946        -1.0323
     19.6647         4.2130        -1.0323
     19.4894         4.2317        -1.0323
     19.5332         4.2503        -1.0323
     19.3889         4.2691        -1.0323
     19.3923         4.2879        -1.0323
     19.2553         4.3068        -1.0323
     19.2903         4.3256        -1.0323
     19.1268         4.3446        -1.0323
     19.1693         4.3635        -1.0323
     19.0174         4.3824        -1.0323
     19.0404         4.4012        -1.0323
     18.8964         4.4201        -1.0323
     18.9389         4.4388        -1.0323
     18.7743         4.4577        -1.0323
     18.8168         4.4763        -1.0323
     18.6801         4.4950        -1.0323
     18.6941         4.5136        -1.0323
     18.5553         4.5322        -1.0323
     18.5907         4.5505        -1.0323
     18.4538         4.5691        -1.0323
     18.4784         4.5873        -1.0323
     18.3535         4.6056        -1.0323
     18.3700         4.6236        -1.0323
     18.2586         4.6418        -1.0323
     18.2847         4.6596        -1.0323
     18.1377         4.6776        -1.0323
     18.1884         4.6952        -1.0323
     18.0623         4.7130        -1.0323
     18.0722         4.7304        -1.0323
     17.9738         4.7480        -1.0323
     18.0015         4.7651        -1.0323
     17.8556         4.7825        -1.0323
     17.9148         4.7995        -1.0323
     17.7804         4.8166        -1.0323
     17.7979         4.8333        -1.0323
     17.6936         4.8502        -1.0323
     17.7251         4.8666        -1.0323
     17.5828         4.8834        -1.0323
     17.6489         4.8995        -1.0323
     17.5147         4.9160        -1.0323
     17.5408         4.9319        -1.0323
     17.4304         4.9482        -1.0323
     17.4915         4.9638        -1.4848
     14.8312         4.9798        -1.4848
     14.8335         4.9612        -1.4848
     14.7860         4.9441        -1.4848
     14.8201         4.9284        -1.4848
     14.7287         4.9140        -1.4848
     14.8045         4.9008        -1.4848
     14.7300         4.8888        -1.4848
     14.7775         4.8777        -1.4848
     14.7024         4.8678        -1.4848
     14.7667         4.8589        -1.4848
     14.6879         4.8509        -1.4848
     14.7543         4.8438        -1.4848
     14.6680         4.8377        -1.4848
     14.7471         4.8323        -1.4848
     14.6498         4.8279        -1.4848
     14.7280         4.8240        -1.4848
     14.6150         4.8211        -1.4848
     14.7424         4.8186        -1.4848
     14.6095         4.8171        -1.4848
     14.6927         4.8156        -1.4848
     14.5885         4.8151        -1.4848
     14.6811         4.8147        -1.4848
     14.5720         4.8152        -1.4848
     14.6575         4.8155        -1.4848
     14.5578         4.8170        -1.4848
     14.6439         4.8180        -1.4848
     14.5333         4.8201        -1.4848
     14.6083         4.8217        -1.4848
     14.5104         4.8243        -1.4848
     14.5930         4.8265        -1.4848
     14.4999         4.8297        -1.4848
     14.5880         4.8322        -1.4848
     14.4711         4.8357        -1.4848
     14.5619         4.8387        -1.4848
     14.4548         4.8425        -1.4848
     14.5459         4.8457        -1.4848
     14.4360         4.8499        -1.4848
     14.5297         4.8532        -1.4848
     14.4210         4.8576        -1.4848
     14.5123         4.8611        -1.4848
     14.4015         4.8655        -1.4848
     14.5005         4.8692        -1.4848
     14.3899         4.8739        -1.4848
     14.4754         4.8776        -1.4848
     14.3701         4.8822        -1.4848
     14.4703         4.8860        -1.4848
     14.3546         4.8908        -1.4848
     14.4584         4.8945        -1.4848
     14.3411         4.8994        -1.4848
     14.4330         4.9030        -1.3487
     12.9064         4.9078        -1.3487
     12.9849         4.8824        -1.3487
     12.8932         4.8587        -1.3487
     12.9839         4.8352        -1.3487
     12.9097         4.8135        -1.3487
     12.9617         4.7920        -1.3487
     12.9143         4.7720        -1.3487
     12.9853         4.7522        -1.3487
     12.9325         4.7340        -1.3487
     12.9803         4.7157        -1.3487
     12.9542         4.6991        -1.3487
     12.9933         4.6825        -1.3487
     12.9630         4.6674        -1.3487
     13.0127         4.6523        -1.3487
     12.9744         4.6387        -1.3487
     13.0224         4.6250        -1.3487
     12.9979         4.6129        -1.3487
     13.0327         4.6006        -1.3487
     13.0047         4.5899        -1.3487
     13.0523         4.5789        -1.3487
     13.0186         4.5695        -1.3487
     13.0536         4.5597        -1.3487
     13.0301         4.5516        -1.3487
     13.0748         4.5429        -1.3487
     13.0449         4.5360        -1.3487
     13.0688         4.5284        -1.3487
     13.0523         4.5224        -1.3487
     13.0819         4.5158        -1.3487
     13.0581         4.5108        -1.3487
     13.0838         4.5050        -1.3487
     13.0692         4.5009        -1.3487
     13.0897         4.4959        -1.3487
     13.0722         4.4924        -1.3487
     13.0967         4.4880        -1.3487
     13.0745         4.4853        -1.3487
     13.1036         4.4815        -1.3487
     13.0851         4.4792        -1.3487
     13.0916         4.4760        -1.3487
     13.0881         4.4742        -1.3487
     13.1069         4.4714        -1.3487
     13.0847         4.4701        -1.3487
     13.1105         4.4676        -1.3487
     13.0970         4.4667        -1.3487
     13.1001         4.4646        -1.3487
     13.0963         4.4639        -1.3487
     13.1111         4.4621        -1.3487
     13.0863         4.4617        -1.3487
     13.1165         4.4601        -1.3487
     13.1020         4.4599        -1.3487
     13.0968         4.4586        -1.3490
     12.1986         4.4585        -1.3490
     12.1230         4.4251        -1.3490
     12.1186         4.3931        -1.3490
     12.1044         4.3619        -1.3490
     12.0933         4.3317        -1.3490
     12.0859         4.3022        -1.3490
     12.0981         4.2740        -1.3490
     12.0940         4.2463        -1.3490
     12.0936         4.2199        -1.3490
     12.1027         4.1940        -1.3490
     12.1014         4.1694        -1.3490
     12.1053         4.1452        -1.3490
     12.1167         4.1224        -1.3490
     12.1136         4.1000        -1.3490
     12.1511         4.0789        -1.3490
     12.1339         4.0581        -1.3490
     12.1475         4.0389        -1.3490
     12.1380         4.0199        -1.3490
     12.1741         4.0025        -1.3490
     12.1516         3.9852        -1.3490
     12.1799         3.9694        -1.3490
     12.1697         3.9537        -1.3490
     12.2049         3.9395        -1.3490
     12.1787         3.9254        -1.3490
     12.2034         3.9127        -1.3490
     12.1936         3.9001        -1.3490
     12.2381         3.8889        -1.3490
     12.2126         3.8774        -1.3490
     12.2407         3.8676        -1.3490
     12.2249         3.8573        -1.3490
     12.2676         3.8488        -1.3490
     12.2347         3.8397        -1.3490
     12.2661         3.8321        -1.3490
     12.2524         3.8241        -1.3490
     12.2809         3.8177        -1.3490
     12.2523         3.8107        -1.3490
     12.2962         3.8052        -1.3490
     12.2574         3.7991        -1.3490
     12.2948         3.7945        -1.3490
     12.2776         3.7892        -1.3490
     12.3055         3.7852        -1.3490
     12.2758         3.7807        -1.3490
     12.3145         3.7775        -1.3490
     12.2802         3.7735        -1.3490
     12.3141         3.7710        -1.3490
     12.2877         3.7676        -1.3490
     12.3207         3.7655        -1.3490
     12.2860         3.7627        -1.3490
     12.3281         3.7610        -1.3490
     12.2844         3.7585        -1.0704
     11.9537         3.7573        -1.0704
     11.9057         3.7422        -1.0704
     11.9257         3.7285        -1.0704
     11.9033         3.7153        -1.0704
     11.9432         3.7035        -1.0704
     11.8973         3.6922        -1.0704
     11.9508         3.6821        -1.0704
     11.9037         3.6723        -1.0704
     11.9567         3.6637        -1.0704
     11.9092         3.6554        -1.0704
     11.9530         3.6483        -1.0704
     11.9122         3.6413        -1.0704
     11.9680         3.6353        -1.0704
     11.9208         3.6292        -1.0704
     11.9644         3.6243        -1.0704
     11.9245         3.6193        -1.0704
     11.9740         3.6153        -1.0704
     11.9236         3.6110        -1.0704
     11.9761         3.6079        -1.0704
     11.9345         3.6042        -1.0704
     11.9757         3.6018        -1.0704
     11.9347         3.5988        -1.0704
     11.9802         3.5970        -1.0704
     11.9323         3.5944        -1.0704
     11.9849         3.5932        -1.0704
     11.9372         3.5910        -1.0704
     11.9780         3.5901        -1.0704
     11.9381         3.5884        -1.0704
     11.9879         3.5877        -1.0704
     11.9342         3.5863        -1.0704
     11.9872         3.5860        -1.0704
     11.9401         3.5847        -1.0704
     11.9858         3.5846        -1.0704
     11.9381         3.5837        -1.0704
     11.9880         3.5837        -1.0704
     11.9382         3.5829        -1.0704
     11.9892         3.5830        -1.0704
     11.9396         3.5823        -1.0704
     11.9865         3.5826        -1.0704
     11.9400         3.5821        -1.0704
     11.9875         3.5823        -1.0704
     11.9354         3.5819        -1.0704
     11.9872         3.5823        -1.0704
     11.9433         3.5819        -1.0704
     11.9829         3.5823        -1.0704
     11.9366         3.5820        -1.0704
     11.9889         3.5825        -1.0704
     11.9371         3.5822        -1.0704
     11.9849         3.5827        -1.0704
     11.9460         3.5824        -1.1306
     11.6305         3.5829        -1.1306
     11.5715         3.5607        -1.1306
     11.5709         3.5402        -1.1306
     11.5860         3.5213        -1.1306
     11.5663         3.5042        -1.1306
     11.5884         3.4884        -1.1306
     11.6054         3.4744        -1.1306
     11.5891         3.4616        -1.1306
     11.6071         3.4505        -1.1306
     11.6059         3.4404        -1.1306
     11.6099         3.4319        -1.1306
     11.6138         3.4242        -1.1306
     11.6376         3.4179        -1.1306
     11.6156         3.4118        -1.1306
     11.6360         3.4071        -1.1306
     11.6314         3.4026        -1.1306
     11.6354         3.3993        -1.1306
     11.6311         3.3958        -1.1306
     11.6528         3.3935        -1.1306
     11.6309         3.3909        -1.1306
     11.6474         3.3892        -1.1306
     11.6383         3.3873        -1.1306
     11.6463         3.3863        -1.1306
     11.6417         3.3848        -1.1306
     11.6605         3.3841        -1.1306
     11.6337         3.3830        -1.1306
     11.6518         3.3825        -1.1306
     11.6454         3.3817        -1.1306
     11.6469         3.3815        -1.1306
     11.6428         3.3808        -1.1306
     11.6622         3.3808        -1.1306
     11.6382         3.3803        -1.1306
     11.6552         3.3802        -1.1306
     11.6459         3.3799        -1.1306
     11.6507         3.3800        -1.1306
     11.6446         3.3797        -1.1306
     11.6637         3.3798        -1.1306
     11.6396         3.3796        -1.1306
     11.6543         3.3797        -1.1306
     11.6462         3.3795        -1.1306
     11.6523         3.3797        -1.1306
     11.6457         3.3795        -1.1306
     11.6628         3.3797        -1.1306
     11.6391         3.3796        -1.1306
     11.6566         3.3797        -1.1306
     11.6465         3.3797        -1.1306
     11.6501         3.3799        -1.1306
     11.6439         3.3798        -1.1306
     11.6645         3.3800        -1.1306
     11.6399         3.3798        -0.9656
     11.7761         3.3801        -0.9656
     11.7647         3.3944        -0.9656
     11.7202         3.4086        -0.9656
     11.7165         3.4211        -0.9656
     11.6886         3.4324        -0.9656
     11.6766         3.4418        -0.9656
     11.6773         3.4506        -0.9656
     11.6516         3.4572        -0.9656
     11.6647         3.4638        -0.9656
     11.6352         3.4687        -0.9656
     11.6493         3.4736        -0.9656
     11.6294         3.4770        -0.9656
     11.6414         3.4809        -0.9656
     11.6196         3.4831        -0.9656
     11.6334         3.4860        -0.9656
     11.6073         3.4880        -0.9656
     11.6320         3.4902        -0.9656
     11.6147         3.4913        -0.9656
     11.6249         3.4933        -0.9656
     11.6042         3.4941        -0.9656
     11.6285         3.4956        -0.9656
     11.6014         3.4963        -0.9656
     11.6244         3.4975        -0.9656
     11.6023         3.4979        -0.9656
     11.6200         3.4991        -0.9656
     11.6017         3.4992        -0.9656
     11.6096         3.5002        -0.9656
     11.5928         3.5006        -0.9656
     11.6205         3.5014        -0.9656
     11.6000         3.5015        -0.9656
     11.6147         3.5023        -0.9656
     11.5975         3.5022        -0.9656
     11.6180         3.5029        -0.9656
     11.5935         3.5030        -0.9656
     11.6116         3.5035        -0.9656
     11.5958         3.5036        -0.9656
     11.6104         3.5042        -0.9656
     11.5992         3.5040        -0.9656
     11.6042         3.5047        -0.9656
     11.5884         3.5048        -0.9656
     11.6173         3.5052        -0.9656
     11.5963         3.5051        -0.9656
     11.6100         3.5057        -0.9656
     11.5956         3.5054        -0.9656
     11.6087         3.5059        -0.9656
     11.5906         3.5059        -0.9656
     11.6100         3.5063        -0.9656
     11.5922         3.5062        -0.9656
     11.6086         3.5067        -0.9656
     11.5963         3.5064        -1.1034
     11.3309         3.5069        -1.1034
     11.3259         3.4897        -1.1034
     11.3215         3.4744        -1.1034
     11.3421         3.4608        -1.1034
     11.3005         3.4492        -1.1034
     11.3462         3.4394        -1.1034
     11.3280         3.4310        -1.1034
     11.3397         3.4239        -1.1034
     11.3580         3.4181        -1.1034
     11.3538         3.4127        -1.1034
     11.3590         3.4088        -1.1034
     11.3504         3.4051        -1.1034
     11.3907         3.4026        -1.1034
     11.3445         3.3997        -1.1034
     11.4100         3.3984        -1.1034
     11.3547         3.3961        -1.1034
     11.3954         3.3955        -1.1034
     11.3607         3.3939        -1.1034
     11.4148         3.3935        -1.1034
     11.3452         3.3923        -1.1034
     11.4102         3.3924        -1.1034
     11.3650         3.3913        -1.1034
     11.4015         3.3916        -1.1034
     11.3619         3.3908        -1.1034
     11.4099         3.3911        -1.1034
     11.3544         3.3904        -1.1034
     11.4134         3.3907        -1.1034
     11.3647         3.3901        -1.1034
     11.3980         3.3905        -1.1034
     11.3669         3.3900        -1.1034
     11.4162         3.3903        -1.1034
     11.3479         3.3898        -1.1034
     11.4123         3.3903        -1.1034
     11.3628         3.3898        -1.1034
     11.4092         3.3902        -1.1034
     11.3615         3.3898        -1.1034
     11.4059         3.3901        -1.1034
     11.3624         3.3897        -1.1034
     11.4152         3.3902        -1.1034
     11.3579         3.3897        -1.1034
     11.4047         3.3901        -1.1034
     11.3630         3.3897        -1.1034
     11.4168         3.3901        -1.1034
     11.3562         3.3897        -1.1034
     11.4058         3.3901        -1.1034
     11.3698         3.3897        -1.1034
     11.4062         3.3902        -1.1034
     11.3581         3.3897        -1.1034
     11.4124         3.3901        -1.1034
     11.3531         3.3897        -0.9730
     11.5172         3.3902        -0.9730
     11.4458         3.4011        -0.9730
     11.4659         3.4124        -0.9730
     11.4107         3.4214        -0.9730
     11.4479         3.4299        -0.9730
     11.3860         3.4362        -0.9730
     11.4348         3.4424        -0.9730
     11.3724         3.4468        -0.9730
     11.4148         3.4514        -0.9730
     11.3706         3.4545        -0.9730
     11.4098         3.4579        -0.9730
     11.3566         3.4599        -0.9730
     11.4134         3.4627        -0.9730
     11.3514         3.4640        -0.9730
     11.4019         3.4660        -0.9730
     11.3545         3.4671        -0.9730
     11.4020         3.4688        -0.9730
     11.3394         3.4694        -0.9730
     11.4059         3.4708        -0.9730
     11.3455         3.4712        -0.9730
     11.3948         3.4723        -0.9730
     11.3443         3.4726        -0.9730
     11.3986         3.4736        -0.9730
     11.3363         3.4737        -0.9730
     11.3993         3.4747        -0.9730
     11.3416         3.4746        -0.9730
     11.3911         3.4754        -0.9730
     11.3440         3.4754        -0.9730
     11.3958         3.4761        -0.9730
     11.3292         3.4760        -0.9730
     11.3985         3.4767        -0.9730
     11.3388         3.4766        -0.9730
     11.3889         3.4772        -0.9730
     11.3419         3.4771        -0.9730
     11.3929         3.4777        -0.9730
     11.3317         3.4775        -0.9730
     11.3953         3.4782        -0.9730
     11.3381         3.4779        -0.9730
     11.3868         3.4785        -0.9730
     11.3399         3.4783        -0.9730
     11.3913         3.4789        -0.9730
     11.3357         3.4786        -0.9730
     11.3911         3.4791        -0.9730
     11.3398         3.4789        -0.9730
     11.3817         3.4794        -0.9730
     11.3434         3.4792        -0.9730
     11.3905         3.4797        -0.9730
     11.3308         3.4793        -0.9730
     11.3933         3.4799        -0.9730
     11.3340         3.4795        -1.0768
     11.1752         3.4800        -1.0768
     11.1240         3.4610        -1.0768
     11.1406         3.4445        -1.0768
     11.1340         3.4299        -1.0768
     11.1619         3.4179        -1.0768
     11.1433         3.4072        -1.0768
     11.1840         3.3990        -1.0768
     11.1494         3.3913        -1.0768
     11.2141         3.3860        -1.0768
     11.1575         3.3806        -1.0768
     11.2218         3.3772        -1.0768
     11.1574         3.3735        -1.0768
     11.2254         3.3717        -1.0768
     11.1657         3.3690        -1.0768
     11.2258         3.3681        -1.0768
     11.1645         3.3662        -1.0768
     11.2291         3.3658        -1.0768
     11.1658         3.3644        -1.0768
     11.2311         3.3644        -1.0768
     11.1663         3.3632        -1.0768
     11.2298         3.3634        -1.0768
     11.1686         3.3625        -1.0768
     11.2320         3.3628        -1.0768
     11.1674         3.3619        -1.0768
     11.2319         3.3624        -1.0768
     11.1708         3.3615        -1.0768
     11.2311         3.3620        -1.0768
     11.1688         3.3613        -1.0768
     11.2327         3.3617        -1.0768
     11.1682         3.3610        -1.0768
     11.2337         3.3615        -1.0768
     11.1701         3.3608        -1.0768
     11.2306         3.3613        -1.0768
     11.1708         3.3606        -1.0768
     11.2341         3.3611        -1.0768
     11.1678         3.3605        -1.0768
     11.2331         3.3610        -1.0768
     11.1718         3.3603        -1.0768
     11.2320         3.3608        -1.0768
     11.1707         3.3602        -1.0768
     11.2332         3.3607        -1.0768
     11.1679         3.3601        -1.0768
     11.2344         3.3607        -1.0768
     11.1712         3.3600        -1.0768
     11.2304         3.3605        -1.0768
     11.1711         3.3599        -1.0768
     11.2344         3.3604        -1.0768
     11.1680         3.3598        -1.0768
     11.2338         3.3604        -1.0768
     11.1725         3.3597        -0.9555
     11.3668         3.3603        -0.9555
     11.2867         3.3721        -0.9555
     11.3254         3.3843        -0.9555
     11.2479         3.3939        -0.9555
     11.3037         3.4029        -0.9555
     11.2232         3.4093        -0.9555
     11.2820         3.4157        -0.9555
     11.2151         3.4199        -0.9555
     11.2664         3.4246        -0.9555
     11.2044         3.4276        -0.9555
     11.2666         3.4310        -0.9555
     11.1909         3.4329        -0.9555
     11.2620         3.4355        -0.9555
     11.1922         3.4368        -0.9555
     11.2503         3.4388        -0.9555
     11.1877         3.4396        -0.9555
     11.2541         3.4412        -0.9555
     11.1782         3.4416        -0.9555
     11.2516         3.4430        -0.9555
     11.1834         3.4431        -0.9555
     11.2432         3.4443        -0.9555
     11.1813         3.4444        -0.9555
     11.2490         3.4454        -0.9555
     11.1739         3.4453        -0.9555
     11.2478         3.4462        -0.9555
     11.1793         3.4460        -0.9555
     11.2408         3.4468        -0.9555
     11.1778         3.4466        -0.9555
     11.2471         3.4474        -0.9555
     11.1713         3.4471        -0.9555
     11.2462         3.4479        -0.9555
     11.1784         3.4475        -0.9555
     11.2390         3.4482        -0.9555
     11.1763         3.4479        -0.9555
     11.2462         3.4486        -0.9555
     11.1705         3.4482        -0.9555
     11.2448         3.4489        -0.9555
     11.1763         3.4484        -0.9555
     11.2386         3.4491        -0.9555
     11.1763         3.4487        -0.9555
     11.2452         3.4494        -0.9555
     11.1698         3.4489        -0.9555
     11.2447         3.4496        -0.9555
     11.1772         3.4490        -0.9555
     11.2377         3.4497        -0.9555
     11.1752         3.4492        -0.9555
     11.2451         3.4499        -0.9555
     11.1696         3.4494        -0.9555
     11.2437         3.4500        -0.9555
     11.1763         3.4495        -1.0473
     11.0574         3.4501        -1.0473
     10.9884         3.4336        -1.0473
     11.0199         3.4198        -1.0473
     11.0006         3.4077        -1.0473
     11.0271         3.3982        -1.0473
     11.0069         3.3899        -1.0473
     11.0759         3.3840        -1.0473
     11.0163         3.3780        -1.0473
     11.0920         3.3747        -1.0473
     11.0243         3.3706        -1.0473
     11.0951         3.3687        -1.0473
     11.0273         3.3659        -1.0473
     11.1017         3.3652        -1.0473
     11.0277         3.3631        -1.0473
     11.1041         3.3629        -1.0473
     11.0310         3.3614        -1.0473
     11.1047         3.3615        -1.0473
     11.0310         3.3602        -1.0473
     11.1063         3.3606        -1.0473
     11.0330         3.3594        -1.0473
     11.1068         3.3599        -1.0473
     11.0317         3.3589        -1.0473
     11.1069         3.3593        -1.0473
     11.0331         3.3584        -1.0473
     11.1076         3.3589        -1.0473
     11.0313         3.3580        -1.0473
     11.1082         3.3585        -1.0473
     11.0339         3.3577        -1.0473
     11.1077         3.3582        -1.0473
     11.0326         3.3574        -1.0473
     11.1086         3.3580        -1.0473
     11.0340         3.3571        -1.0473
     11.1087         3.3578        -1.0473
     11.0328         3.3569        -1.0473
     11.1095         3.3575        -1.0473
     11.0348         3.3567        -1.0473
     11.1090         3.3573        -1.0473
     11.0333         3.3565        -1.0473
     11.1102         3.3572        -1.0473
     11.0353         3.3564        -1.0473
     11.1090         3.3570        -1.0473
     11.0337         3.3562        -1.0473
     11.1104         3.3568        -1.0473
     11.0349         3.3561        -1.0473
     11.1098         3.3568        -1.0473
     11.0340         3.3559        -1.0473
     11.1102         3.3566        -1.0473
     11.0359         3.3559        -1.0473
     11.1104         3.3565        -1.0473
     11.0339         3.3557        -0.9371
     11.2602         3.3564        -0.9371
     11.1665         3.3713        -0.9371
     11.2119         3.3865        -0.9371
     11.1271         3.3985        -0.9371
     11.1802         3.4094        -0.9371
     11.0993         3.4173        -0.9371
     11.1626         3.4250        -0.9371
     11.0834         3.4301        -0.9371
     11.1502         3.4356        -0.9371
     11.0713         3.4390        -0.9371
     11.1409         3.4430        -0.9371
     11.0717         3.4453        -0.9371
     11.1375         3.4482        -0.9371
     11.0605         3.4496        -0.9371
     11.1325         3.4519        -0.9371
     11.0585         3.4527        -0.9371
     11.1283         3.4546        -0.9371
     11.0584         3.4551        -0.9371
     11.1296         3.4565        -0.9371
     11.0532         3.4568        -0.9371
     11.1270         3.4581        -0.9371
     11.0532         3.4581        -0.9371
     11.1241         3.4593        -0.9371
     11.0543         3.4592        -0.9371
     11.1254         3.4602        -0.9371
     11.0489         3.4599        -0.9371
     11.1248         3.4608        -0.9371
     11.0525         3.4605        -0.9371
     11.1216         3.4616        -0.9371
     11.0519         3.4611        -0.9371
     11.1243         3.4619        -0.9371
     11.0491         3.4615        -0.9371
     11.1212         3.4624        -0.9371
     11.0491         3.4618        -0.9371
     11.1208         3.4628        -0.9371
     11.0500         3.4623        -0.9371
     11.1226         3.4630        -0.9371
     11.0475         3.4625        -0.9371
     11.1205         3.4633        -0.9371
     11.0502         3.4628        -0.9371
     11.1194         3.4637        -0.9371
     11.0484         3.4631        -0.9371
     11.1223         3.4637        -0.9371
     11.0476         3.4632        -0.9371
     11.1193         3.4640        -0.9371
     11.0475         3.4633        -0.9371
     11.1194         3.4642        -0.9371
     11.0513         3.4636        -0.9371
     11.1214         3.4643        -0.9371
     11.0464         3.4637        -1.0376
     10.9175         3.4644        -1.0376
     10.8438         3.4448        -1.0376
     10.8653         3.4287        -1.0376
     10.8497         3.4149        -1.0376
     10.8864         3.4038        -1.0376
     10.8572         3.3942        -1.0376
     10.9091         3.3874        -1.0376
     10.8762         3.3807        -1.0376
     10.9282         3.3766        -1.0376
     10.8794         3.3722        -1.0376
     10.9558         3.3698        -1.0376
     10.8856         3.3666        -1.0376
     10.9632         3.3654        -1.0376
     10.8898         3.3630        -1.0376
     10.9642         3.3626        -1.0376
     10.8954         3.3609        -1.0376
     10.9682         3.3608        -1.0376
     10.8914         3.3595        -1.0376
     10.9690         3.3597        -1.0376
     10.8978         3.3585        -1.0376
     10.9687         3.3589        -1.0376
     10.8935         3.3579        -1.0376
     10.9697         3.3583        -1.0376
     10.8981         3.3574        -1.0376
     10.9712         3.3578        -1.0376
     10.8945         3.3569        -1.0376
     10.9704         3.3574        -1.0376
     10.8992         3.3566        -1.0376
     10.9706         3.3571        -1.0376
     10.8944         3.3562        -1.0376
     10.9716         3.3568        -1.0376
     10.8997         3.3560        -1.0376
     10.9720         3.3565        -1.0376
     10.8949         3.3557        -1.0376
     10.9718         3.3563        -1.0376
     10.9008         3.3555        -1.0376
     10.9719         3.3561        -1.0376
     10.8956         3.3553        -1.0376
     10.9720         3.3559        -1.0376
     10.8998         3.3551        -1.0376
     10.9726         3.3557        -1.0376
     10.8973         3.3550        -1.0376
     10.9717         3.3556        -1.0376
     10.9006         3.3548        -1.0376
     10.9729         3.3554        -1.0376
     10.8958         3.3547        -1.0376
     10.9727         3.3553        -1.0376
     10.9019         3.3546        -1.0376
     10.9723         3.3553        -1.0376
     10.8973         3.3545        -0.9140
     11.1831         3.3552        -0.9140
     11.0812         3.3744        -0.9140
     11.1233         3.3938        -0.9140
     11.0283         3.4089        -0.9140
     11.0785         3.4229        -0.9140
     10.9967         3.4328        -0.9140
     11.0550         3.4428        -0.9140
     10.9760         3.4494        -0.9140
     11.0415         3.4564        -0.9140
     10.9612         3.4607        -0.9140
     11.0309         3.4658        -0.9140
     10.9497         3.4685        -0.9140
     11.0234         3.4725        -0.9140
     10.9478         3.4742        -0.9140
     11.0200         3.4769        -0.9140
     10.9418         3.4782        -0.9140
     11.0152         3.4804        -0.9140
     10.9365         3.4811        -0.9140
     11.0129         3.4829        -0.9140
     10.9386         3.4833        -0.9140
     11.0115         3.4846        -0.9140
     10.9345         3.4849        -0.9140
     11.0120         3.4861        -0.9140
     10.9325         3.4860        -0.9140
     11.0090         3.4872        -0.9140
     10.9346         3.4870        -0.9140
     11.0081         3.4879        -0.9140
     10.9324         3.4877        -0.9140
     11.0097         3.4887        -0.9140
     10.9292         3.4882        -0.9140
     11.0073         3.4892        -0.9140
     10.9335         3.4888        -0.9140
     11.0062         3.4895        -0.9140
     10.9303         3.4892        -0.9140
     11.0082         3.4900        -0.9140
     10.9290         3.4894        -0.9140
     11.0059         3.4904        -0.9140
     10.9317         3.4899        -0.9140
     11.0056         3.4905        -0.9140
     10.9299         3.4901        -0.9140
     11.0076         3.4909        -0.9140
     10.9270         3.4902        -0.9140
     11.0053         3.4911        -0.9140
     10.9316         3.4906        -0.9140
     11.0044         3.4912        -0.9140
     10.9287         3.4907        -0.9140
     11.0066         3.4914        -0.9140
     10.9276         3.4908        -0.9140
     11.0046         3.4916        -0.9140
     10.9304         3.4911        -1.0374
     10.7918         3.4916        -1.0374
     10.7057         3.4678        -1.0374
     10.7218         3.4480        -1.0374
     10.7115         3.4309        -1.0374
     10.7333         3.4169        -1.0374
     10.7203         3.4051        -1.0374
     10.7503         3.3958        -1.0374
     10.7398         3.3878        -1.0374
     10.7884         3.3820        -1.0374
     10.7420         3.3762        -1.0374
     10.7880         3.3726        -1.0374
     10.7522         3.3689        -1.0374
     10.8119         3.3667        -1.0374
     10.7529         3.3637        -1.0374
     10.8142         3.3626        -1.0374
     10.7602         3.3605        -1.0374
     10.8537         3.3598        -1.0374
     10.7588         3.3579        -1.0374
     10.8459         3.3577        -1.0374
     10.7650         3.3563        -1.0374
     10.8560         3.3564        -1.0374
     10.7623         3.3551        -1.0374
     10.8571         3.3554        -1.0374
     10.7676         3.3543        -1.0374
     10.8565         3.3547        -1.0374
     10.7655         3.3536        -1.0374
     10.8580         3.3541        -1.0374
     10.7679         3.3531        -1.0374
     10.8595         3.3536        -1.0374
     10.7650         3.3527        -1.0374
     10.8599         3.3533        -1.0374
     10.7692         3.3523        -1.0374
     10.8591         3.3529        -1.0374
     10.7668         3.3520        -1.0374
     10.8606         3.3526        -1.0374
     10.7683         3.3517        -1.0374
     10.8606         3.3523        -1.0374
     10.7677         3.3514        -1.0374
     10.8598         3.3521        -1.0374
     10.7698         3.3512        -1.0374
     10.8613         3.3518        -1.0374
     10.7667         3.3510        -1.0374
     10.8614         3.3517        -1.0374
     10.7706         3.3508        -1.0374
     10.8604         3.3516        -1.0374
     10.7680         3.3507        -1.0374
     10.8618         3.3514        -1.0374
     10.7694         3.3506        -1.0374
     10.8617         3.3513        -1.0374
     10.7698         3.3504        -0.8875
     11.2003         3.3511        -0.8875
     11.0743         3.3755        -0.8875
     11.1055         3.4000        -0.8875
     11.0040         3.4196        -0.8875
     11.0507         3.4380        -0.8875
     10.9497         3.4514        -0.8875
     11.0162         3.4647        -0.8875
     10.9218         3.4740        -0.8875
     10.9914         3.4838        -0.8875
     10.9021         3.4901        -0.8875
     10.9741         3.4974        -0.8875
     10.8897         3.5016        -0.8875
     10.9650         3.5069        -0.8875
     10.8772         3.5096        -0.8875
     10.9569         3.5139        -0.8875
     10.8751         3.5156        -0.8875
     10.9502         3.5189        -0.8875
     10.8665         3.5200        -0.8875
     10.9491         3.5226        -0.8875
     10.8647         3.5233        -0.8875
     10.9438         3.5253        -0.8875
     10.8625         3.5257        -0.8875
     10.9420         3.5275        -0.8875
     10.8608         3.5276        -0.8875
     10.9416         3.5290        -0.8875
     10.8571         3.5289        -0.8875
     10.9403         3.5302        -0.8875
     10.8604         3.5300        -0.8875
     10.9369         3.5312        -0.8875
     10.8557         3.5307        -0.8875
     10.9400         3.5319        -0.8875
     10.8566         3.5314        -0.8875
     10.9392         3.5325        -0.8875
     10.8542         3.5319        -0.8875
     10.9362         3.5330        -0.8875
     10.8583         3.5324        -0.8875
     10.9369         3.5333        -0.8875
     10.8514         3.5327        -0.8875
     10.9393         3.5337        -0.8875
     10.8569         3.5331        -0.8875
     10.9344         3.5340        -0.8875
     10.8532         3.5333        -0.8875
     10.9372         3.5342        -0.8875
     10.8548         3.5336        -0.8875
     10.9361         3.5345        -0.8875
     10.8523         3.5338        -0.8875
     10.9355         3.5347        -0.8875
     10.8564         3.5340        -0.8875
     10.9357         3.5349        -0.8875
     10.8500         3.5342        -1.0545
     10.7306         3.5350        -1.0545
     10.6259         3.5051        -1.0545
     10.6218         3.4795        -1.0545
     10.6332         3.4574        -1.0545
     10.6364         3.4382        -1.0545
     10.6411         3.4221        -1.0545
     10.6448         3.4083        -1.0545
     10.6574         3.3969        -1.0545
     10.6526         3.3874        -1.0545
     10.6692         3.3795        -1.0545
     10.6700         3.3726        -1.0545
     10.6754         3.3672        -1.0545
     10.6813         3.3626        -1.0545
     10.6839         3.3585        -1.0545
     10.6903         3.3555        -1.0545
     10.6950         3.3527        -1.0545
     10.6901         3.3504        -1.0545
     10.6959         3.3488        -1.0545
     10.6907         3.3472        -1.0545
     10.7016         3.3459        -1.0545
     10.6920         3.3449        -1.0545
     10.6966         3.3442        -1.0545
     10.6998         3.3434        -1.0545
     10.6971         3.3429        -1.0545
     10.7082         3.3424        -1.0545
     10.6966         3.3418        -1.0545
     10.7216         3.3416        -1.0545
     10.6973         3.3410        -1.0545
     10.7078         3.3409        -1.0545
     10.6951         3.3407        -1.0545
     10.7125         3.3405        -1.0545
     10.7013         3.3401        -1.0545
     10.7348         3.3401        -1.0545
     10.6945         3.3393        -1.0545
     10.7184         3.3394        -1.0545
     10.7010         3.3392        -1.0545
     10.7275         3.3392        -1.0545
     10.6999         3.3385        -1.0545
     10.7443         3.3387        -1.0545
     10.6984         3.3380        -1.0545
     10.7422         3.3382        -1.0545
     10.6992         3.3376        -1.0545
     10.7302         3.3378        -1.0545
     10.7033         3.3374        -1.0545
     10.7776         3.3377        -1.0545
     10.6950         3.3365        -1.0545
     10.7427         3.3369        -1.0545
     10.6992         3.3366        -1.0545
     10.7584         3.3369        -1.0545
     10.6973         3.3361        -0.8526
     11.3294         3.3366        -0.8526
     11.1822         3.3665        -0.8526
     11.1979         3.3961        -0.8526
     11.0744         3.4213        -0.8526
     11.1041         3.4449        -0.8526
     10.9947         3.4634        -0.8526
     11.0511         3.4818        -0.8526
     10.9458         3.4953        -0.8526
     11.0070         3.5094        -0.8526
     10.9118         3.5192        -0.8526
     10.9582         3.5300        -0.8526
     10.8891         3.5375        -0.8526
     10.9613         3.5458        -0.8526
     10.8672         3.5506        -0.8526
     10.9217         3.5570        -0.8526
     10.8615         3.5610        -0.8526
     10.9042         3.5660        -0.8526
     10.8505         3.5688        -0.8526
     10.9016         3.5726        -0.8526
     10.8419         3.5746        -0.8526
     10.8953         3.5777        -0.8526
     10.8390         3.5789        -0.8526
     10.8797         3.5814        -0.8526
     10.8356         3.5825        -0.8526
     10.8748         3.5844        -0.8526
     10.8299         3.5852        -0.8526
     10.8727         3.5867        -0.8526
     10.8302         3.5872        -0.8526
     10.8721         3.5885        -0.8526
     10.8289         3.5887        -0.8526
     10.8702         3.5898        -0.8526
     10.8249         3.5899        -0.8526
     10.8683         3.5909        -0.8526
     10.8280         3.5907        -0.8526
     10.8558         3.5916        -0.8526
     10.8270         3.5916        -0.8526
     10.8578         3.5924        -0.8526
     10.8209         3.5922        -0.8526
     10.8625         3.5929        -0.8526
     10.8269         3.5927        -0.8526
     10.8534         3.5934        -0.8526
     10.8252         3.5932        -0.8526
     10.8548         3.5938        -0.8526
     10.8186         3.5937        -0.8526
     10.8614         3.5942        -0.8526
     10.8251         3.5938        -0.8526
     10.8621         3.5945        -0.8526
     10.8227         3.5941        -0.8526
     10.8533         3.5947        -0.8526
     10.8206         3.5944        -1.0941
     10.6789         3.5949        -1.0941
     10.5963         3.5577        -1.0941
     10.5865         3.5240        -1.0941
     10.5829         3.4937        -1.0941
     10.5710         3.4667        -1.0941
     10.5656         3.4427        -1.0941
     10.5748         3.4216        -1.0941
     10.5791         3.4031        -1.0941
     10.5734         3.3871        -1.0941
     10.5907         3.3731        -1.0941
     10.5998         3.3613        -1.0941
     10.5919         3.3509        -1.0941
     10.6140         3.3421        -1.0941
     10.6126         3.3343        -1.0941
     10.6193         3.3280        -1.0941
     10.6206         3.3221        -1.0941
     10.6338         3.3177        -1.0941
     10.6203         3.3133        -1.0941
     10.6452         3.3099        -1.0941
     10.6270         3.3069        -1.0941
     10.6393         3.3046        -1.0941
     10.6399         3.3021        -1.0941
     10.6517         3.3006        -1.0941
     10.6276         3.2986        -1.0941
     10.6595         3.2976        -1.0941
     10.6400         3.2962        -1.0941
     10.6440         3.2955        -1.0941
     10.6457         3.2945        -1.0941
     10.6622         3.2941        -1.0941
     10.6355         3.2931        -1.0941
     10.6610         3.2928        -1.0941
     10.6436         3.2922        -1.0941
     10.6554         3.2921        -1.0941
     10.6509         3.2913        -1.0941
     10.6647         3.2914        -1.0941
     10.6380         3.2907        -1.0941
     10.6679         3.2907        -1.0941
     10.6444         3.2903        -1.0941
     10.6518         3.2905        -1.0941
     10.6482         3.2899        -1.0941
     10.6695         3.2901        -1.0941
     10.6394         3.2895        -1.0941
     10.6643         3.2896        -1.0941
     10.6439         3.2893        -1.0941
     10.6576         3.2895        -1.0941
     10.6498         3.2890        -1.0941
     10.6682         3.2893        -1.0941
     10.6397         3.2887        -1.0941
     10.6673         3.2889        -1.0941
     10.6458         3.2885        -0.7951
     11.6202         3.2888        -0.7951
     11.5594         3.3248        -0.7951
     11.4132         3.3598        -0.7951
     11.3943         3.3929        -0.7951
     11.2548         3.4226        -0.7951
     11.2751         3.4502        -0.7951
     11.1548         3.4737        -0.7951
     11.1861         3.4963        -0.7951
     11.0696         3.5149        -0.7951
     11.1027         3.5332        -0.7951
     11.0144         3.5484        -0.7951
     11.0398         3.5632        -0.7951
     10.9746         3.5752        -0.7951
     11.0124         3.5870        -0.7951
     10.9404         3.5961        -0.7951
     10.9751         3.6056        -0.7951
     10.9218         3.6129        -0.7951
     10.9538         3.6205        -0.7951
     10.9041         3.6260        -0.7951
     10.9294         3.6320        -0.7951
     10.8904         3.6365        -0.7951
     10.9249         3.6413        -0.7951
     10.8813         3.6445        -0.7951
     10.9065         3.6483        -0.7951
     10.8763         3.6509        -0.7951
     10.9059         3.6540        -0.7951
     10.8675         3.6558        -0.7951
     10.8977         3.6583        -0.7951
     10.8678         3.6597        -0.7951
     10.8913         3.6616        -0.7951
     10.8639         3.6627        -0.7951
     10.8906         3.6643        -0.7951
     10.8599         3.6650        -0.7951
     10.8895         3.6664        -0.7951
     10.8592         3.6669        -0.7951
     10.8839         3.6679        -0.7951
     10.8590         3.6683        -0.7951
     10.8845         3.6692        -0.7951
     10.8546         3.6694        -0.7951
     10.8874         3.6702        -0.7951
     10.8557         3.6702        -0.7951
     10.8796         3.6709        -0.7951
     10.8562         3.6710        -0.7951
     10.8812         3.6716        -0.7951
     10.8530         3.6715        -0.7951
     10.8829         3.6722        -0.7951
     10.8552         3.6720        -0.7951
     10.8794         3.6725        -0.7951
     10.8540         3.6724        -0.7951
     10.8817         3.6729        -1.1532
     10.7713         3.6728        -1.1532
     10.7165         3.6303        -1.1532
     10.6722         3.5908        -1.1532
     10.6326         3.5545        -1.1532
     10.6139         3.5208        -1.1532
     10.6023         3.4901        -1.1532
     10.5711         3.4624        -1.1532
     10.5792         3.4371        -1.1532
     10.5693         3.4146        -1.1532
     10.5600         3.3941        -1.1532
     10.5635         3.3762        -1.1532
     10.5776         3.3599        -1.1532
     10.5607         3.3459        -1.1532
     10.5877         3.3327        -1.1532
     10.5787         3.3221        -1.1532
     10.5863         3.3117        -1.1532
     10.5975         3.3034        -1.1532
     10.6031         3.2954        -1.1532
     10.5897         3.2889        -1.1532
     10.6221         3.2825        -1.1532
     10.6115         3.2779        -1.1532
     10.6185         3.2727        -1.1532
     10.6203         3.2691        -1.1532
     10.6307         3.2654        -1.1532
     10.6184         3.2627        -1.1532
     10.6387         3.2594        -1.1532
     10.6336         3.2579        -1.1532
     10.6381         3.2551        -1.1532
     10.6412         3.2538        -1.1532
     10.6316         3.2519        -1.1532
     10.6297         3.2510        -1.1532
     10.6513         3.2493        -1.1532
     10.6510         3.2489        -1.1532
     10.6353         3.2474        -1.1532
     10.6535         3.2470        -1.1532
     10.6459         3.2460        -1.1532
     10.6444         3.2457        -1.1532
     10.6494         3.2446        -1.1532
     10.6546         3.2448        -1.1532
     10.6445         3.2439        -1.1532
     10.6566         3.2439        -1.1532
     10.6438         3.2433        -1.1532
     10.6486         3.2434        -1.1532
     10.6577         3.2425        -1.1532
     10.6683         3.2429        -1.1532
     10.6416         3.2420        -1.1532
     10.6574         3.2423        -1.1532
     10.6516         3.2419        -1.1532
     10.6501         3.2421        -1.1532
     10.6522         3.2413        -0.7372
     12.0496         3.2419        -0.7372
     11.9295         3.2802        -0.7372
     11.7736         3.3179        -0.7372
     11.7010         3.3544        -0.7372
     11.5579         3.3882        -0.7372
     11.5300         3.4202        -0.7372
     11.4042         3.4486        -0.7372
     11.3948         3.4758        -0.7372
     11.2790         3.4995        -0.7372
     11.2944         3.5226        -0.7372
     11.1925         3.5421        -0.7372
     11.2153         3.5616        -0.7372
     11.1234         3.5775        -0.7372
     11.1323         3.5939        -0.7372
     11.0748         3.6075        -0.7372
     11.0803         3.6211        -0.7372
     11.0332         3.6322        -0.7372
     11.0494         3.6433        -0.7372
     11.0051         3.6521        -0.7372
     11.0169         3.6614        -0.7372
     10.9819         3.6686        -0.7372
     10.9941         3.6762        -0.7372
     10.9645         3.6819        -0.7372
     10.9820         3.6881        -0.7372
     10.9501         3.6925        -0.7372
     10.9638         3.6977        -0.7372
     10.9439         3.7013        -0.7372
     10.9528         3.7055        -0.7372
     10.9306         3.7083        -0.7372
     10.9509         3.7118        -0.7372
     10.9248         3.7139        -0.7372
     10.9429         3.7168        -0.7372
     10.9203         3.7184        -0.7372
     10.9366         3.7208        -0.7372
     10.9165         3.7220        -0.7372
     10.9364         3.7240        -0.7372
     10.9113         3.7249        -0.7372
     10.9329         3.7266        -0.7372
     10.9126         3.7272        -0.7372
     10.9278         3.7286        -0.7372
     10.9069         3.7291        -0.7372
     10.9311         3.7302        -0.7372
     10.9067         3.7305        -0.7372
     10.9248         3.7315        -0.7372
     10.9065         3.7317        -0.7372
     10.9243         3.7326        -0.7372
     10.9050         3.7327        -0.7372
     10.9266         3.7334        -0.7372
     10.9024         3.7334        -0.7372
     10.9233         3.7341        -1.2055
     10.9663         3.7340        -1.2055
     10.8662         3.6899        -1.2055
     10.8209         3.6485        -1.2055
     10.7396         3.6098        -1.2055
     10.7216         3.5737        -1.2055
     10.6665         3.5404        -1.2055
     10.6417         3.5096        -1.2055
     10.6202         3.4813        -1.2055
     10.6144         3.4555        -1.2055
     10.5802         3.4320        -1.2055
     10.5891         3.4105        -1.2055
     10.5811         3.3911        -1.2055
     10.5802         3.3736        -1.2055
     10.5671         3.3579        -1.2055
     10.5956         3.3434        -1.2055
     10.5649         3.3309        -1.2055
     10.5921         3.3192        -1.2055
     10.5886         3.3092        -1.2055
     10.5966         3.2999        -1.2055
     10.5859         3.2920        -1.2055
     10.6169         3.2845        -1.2055
     10.5898         3.2785        -1.2055
     10.6145         3.2724        -1.2055
     10.6123         3.2678        -1.2055
     10.6161         3.2631        -1.2055
     10.6023         3.2594        -1.2055
     10.6345         3.2558        -1.2055
     10.6130         3.2531        -1.2055
     10.6292         3.2500        -1.2055
     10.6247         3.2481        -1.2055
     10.6302         3.2457        -1.2055
     10.6189         3.2440        -1.2055
     10.6448         3.2423        -1.2055
     10.6295         3.2411        -1.2055
     10.6331         3.2394        -1.2055
     10.6384         3.2388        -1.2055
     10.6384         3.2374        -1.2055
     10.6261         3.2369        -1.2055
     10.6487         3.2359        -1.2055
     10.6333         3.2355        -1.2055
     10.6384         3.2345        -1.2055
     10.6435         3.2345        -1.2055
     10.6404         3.2336        -1.2055
     10.6287         3.2335        -1.2055
     10.6526         3.2329        -1.2055
     10.6404         3.2329        -1.2055
     10.6397         3.2321        -1.2055
     10.6444         3.2323        -1.2055
     10.6433         3.2318        -1.2055
     10.6295         3.2319        -0.7052
     12.2116         3.2314        -0.7052
     12.0728         3.2689        -0.7052
     11.9040         3.3057        -0.7052
     11.8201         3.3417        -0.7052
     11.6698         3.3752        -0.7052
     11.6298         3.4073        -0.7052
     11.4931         3.4360        -0.7052
     11.4700         3.4636        -0.7052
     11.3626         3.4880        -0.7052
     11.3506         3.5116        -0.7052
     11.2608         3.5321        -0.7052
     11.2684         3.5523        -0.7052
     11.1706         3.5694        -0.7052
     11.1837         3.5866        -0.7052
     11.1176         3.6011        -0.7052
     11.1207         3.6155        -0.7052
     11.0705         3.6275        -0.7052
     11.0719         3.6395        -0.7052
     11.0360         3.6495        -0.7052
     11.0448         3.6594        -0.7052
     11.0042         3.6673        -0.7052
     11.0207         3.6757        -0.7052
     10.9910         3.6820        -0.7052
     10.9929         3.6889        -0.7052
     10.9719         3.6941        -0.7052
     10.9836         3.6999        -0.7052
     10.9593         3.7041        -0.7052
     10.9728         3.7088        -0.7052
     10.9484         3.7122        -0.7052
     10.9613         3.7162        -0.7052
     10.9434         3.7188        -0.7052
     10.9562         3.7222        -0.7052
     10.9332         3.7242        -0.7052
     10.9511         3.7270        -0.7052
     10.9314         3.7286        -0.7052
     10.9439         3.7310        -0.7052
     10.9254         3.7322        -0.7052
     10.9414         3.7342        -0.7052
     10.9211         3.7352        -0.7052
     10.9414         3.7369        -0.7052
     10.9177         3.7375        -0.7052
     10.9352         3.7390        -0.7052
     10.9206         3.7394        -0.7052
     10.9346         3.7407        -0.7052
     10.9148         3.7410        -0.7052
     10.9345         3.7421        -0.7052
     10.9142         3.7422        -0.7052
     10.9321         3.7432        -0.7052
     10.9137         3.7433        -0.7052
     10.9307         3.7441        -1.2096
     10.9559         3.7441        -1.2096
     10.8667         3.7024        -1.2096
     10.8134         3.6634        -1.2096
     10.7504         3.6268        -1.2096
     10.7262         3.5931        -1.2096
     10.6667         3.5618        -1.2096
     10.6579         3.5331        -1.2096
     10.6343         3.5068        -1.2096
     10.6106         3.4828        -1.2096
     10.6032         3.4607        -1.2096
     10.6016         3.4410        -1.2096
     10.5807         3.4228        -1.2096
     10.5921         3.4064        -1.2096
     10.5846         3.3917        -1.2096
     10.5860         3.3786        -1.2096
     10.5841         3.3667        -1.2096
     10.5980         3.3562        -1.2096
     10.5791         3.3471        -1.2096
     10.5988         3.3386        -1.2096
     10.5998         3.3314        -1.2096
     10.6037         3.3251        -1.2096
     10.5955         3.3192        -1.2096
     10.6171         3.3141        -1.2096
     10.5991         3.3099        -1.2096
     10.6129         3.3058        -1.2096
     10.6140         3.3024        -1.2096
     10.6175         3.2995        -1.2096
     10.6094         3.2967        -1.2096
     10.6297         3.2944        -1.2096
     10.6108         3.2924        -1.2096
     10.6248         3.2904        -1.2096
     10.6220         3.2888        -1.2096
     10.6260         3.2875        -1.2096
     10.6190         3.2860        -1.2096
     10.6324         3.2851        -1.2096
     10.6203         3.2842        -1.2096
     10.6288         3.2832        -1.2096
     10.6283         3.2824        -1.2096
     10.6247         3.2818        -1.2096
     10.6215         3.2811        -1.2096
     10.6405         3.2807        -1.2096
     10.6253         3.2802        -1.2096
     10.6263         3.2796        -1.2096
     10.6294         3.2793        -1.2096
     10.6333         3.2790        -1.2096
     10.6226         3.2786        -1.2096
     10.6423         3.2784        -1.2096
     10.6259         3.2782        -1.2096
     10.6295         3.2778        -1.2096
     10.6338         3.2778        -0.7194
     11.9118         3.2776        -0.7194
     11.8082         3.3118        -0.7194
     11.6573         3.3450        -0.7194
     11.5892         3.3772        -0.7194
     11.4598         3.4065        -0.7194
     11.4327         3.4345        -0.7194
     11.3059         3.4591        -0.7194
     11.3075         3.4832        -0.7194
     11.2057         3.5037        -0.7194
     11.1979         3.5240        -0.7194
     11.1203         3.5412        -0.7194
     11.1192         3.5583        -0.7194
     11.0542         3.5726        -0.7194
     11.0641         3.5869        -0.7194
     11.0022         3.5984        -0.7194
     11.0051         3.6101        -0.7194
     10.9728         3.6197        -0.7194
     10.9713         3.6292        -0.7194
     10.9393         3.6366        -0.7194
     10.9552         3.6445        -0.7194
     10.9161         3.6503        -0.7194
     10.9268         3.6567        -0.7194
     10.9074         3.6615        -0.7194
     10.9104         3.6668        -0.7194
     10.8895         3.6706        -0.7194
     10.9103         3.6750        -0.7194
     10.8778         3.6779        -0.7194
     10.8928         3.6817        -0.7194
     10.8763         3.6840        -0.7194
     10.8856         3.6872        -0.7194
     10.8645         3.6889        -0.7194
     10.8892         3.6917        -0.7194
     10.8606         3.6929        -0.7194
     10.8751         3.6953        -0.7194
     10.8622         3.6962        -0.7194
     10.8727         3.6983        -0.7194
     10.8529         3.6990        -0.7194
     10.8752         3.7007        -0.7194
     10.8545         3.7012        -0.7194
     10.8694         3.7027        -0.7194
     10.8490         3.7029        -0.7194
     10.8689         3.7044        -0.7194
     10.8528         3.7044        -0.7194
     10.8645         3.7056        -0.7194
     10.8519         3.7057        -0.7194
     10.8623         3.7068        -0.7194
     10.8488         3.7066        -0.7194
     10.8645         3.7076        -0.7194
     10.8495         3.7075        -0.7194
     10.8647         3.7083        -1.1606
     10.8034         3.7081        -1.1606
     10.7359         3.6724        -1.1606
     10.7051         3.6393        -1.1606
     10.6734         3.6091        -1.1606
     10.6474         3.5814        -1.1606
     10.6216         3.5560        -1.1606
     10.6139         3.5332        -1.1606
     10.5992         3.5125        -1.1606
     10.5937         3.4938        -1.1606
     10.5829         3.4770        -1.1606
     10.5857         3.4620        -1.1606
     10.5795         3.4486        -1.1606
     10.5808         3.4368        -1.1606
     10.5728         3.4266        -1.1606
     10.5794         3.4174        -1.1606
     10.5813         3.4097        -1.1606
     10.5782         3.4026        -1.1606
     10.5804         3.3968        -1.1606
     10.5895         3.3915        -1.1606
     10.5798         3.3872        -1.1606
     10.5878         3.3832        -1.1606
     10.5903         3.3800        -1.1606
     10.5868         3.3770        -1.1606
     10.5891         3.3747        -1.1606
     10.5965         3.3724        -1.1606
     10.5873         3.3706        -1.1606
     10.5944         3.3689        -1.1606
     10.5966         3.3675        -1.1606
     10.5924         3.3662        -1.1606
     10.5946         3.3652        -1.1606
     10.6008         3.3642        -1.1606
     10.5919         3.3634        -1.1606
     10.5980         3.3626        -1.1606
     10.6004         3.3620        -1.1606
     10.5945         3.3613        -1.1606
     10.5974         3.3610        -1.1606
     10.6036         3.3604        -1.1606
     10.5947         3.3600        -1.1606
     10.5998         3.3596        -1.1606
     10.6025         3.3594        -1.1606
     10.5971         3.3589        -1.1606
     10.5995         3.3588        -1.1606
     10.6050         3.3584        -1.1606
     10.5962         3.3583        -1.1606
     10.6016         3.3580        -1.1606
     10.6040         3.3579        -1.1606
     10.5979         3.3576        -1.1606
     10.6004         3.3576        -1.1606
     10.6063         3.3574        -1.1606
     10.5972         3.3573        -0.7664
     11.4587         3.3571        -0.7664
     11.4012         3.3860        -0.7664
     11.2705         3.4129        -0.7664
     11.2510         3.4386        -0.7664
     11.1279         3.4610        -0.7664
     11.1319         3.4826        -0.7664
     11.0339         3.5004        -0.7664
     11.0424         3.5183        -0.7664
     10.9574         3.5328        -0.7664
     10.9842         3.5476        -0.7664
     10.8942         3.5588        -0.7664
     10.9271         3.5711        -0.7664
     10.8594         3.5799        -0.7664
     10.8746         3.5898        -0.7664
     10.8192         3.5971        -0.7664
     10.8456         3.6050        -0.7664
     10.8097         3.6105        -0.7664
     10.8058         3.6167        -0.7664
     10.7875         3.6211        -0.7664
     10.8008         3.6261        -0.7664
     10.7629         3.6295        -0.7664
     10.7905         3.6336        -0.7664
     10.7678         3.6359        -0.7664
     10.7700         3.6393        -0.7664
     10.7573         3.6412        -0.7664
     10.7727         3.6440        -0.7664
     10.7386         3.6454        -0.7664
     10.7712         3.6479        -0.7664
     10.7516         3.6487        -0.7664
     10.7542         3.6508        -0.7664
     10.7436         3.6515        -0.7664
     10.7612         3.6533        -0.7664
     10.7287         3.6538        -0.7664
     10.7618         3.6555        -0.7664
     10.7422         3.6556        -0.7664
     10.7464         3.6571        -0.7664
     10.7372         3.6573        -0.7664
     10.7547         3.6585        -0.7664
     10.7226         3.6585        -0.7664
     10.7573         3.6598        -0.7664
     10.7382         3.6595        -0.7664
     10.7427         3.6606        -0.7664
     10.7320         3.6605        -0.7664
     10.7516         3.6614        -0.7664
     10.7195         3.6612        -0.7664
     10.7538         3.6623        -0.7664
     10.7360         3.6618        -0.7664
     10.7401         3.6626        -0.7664
     10.7316         3.6623        -0.7664
     10.7495         3.6631        -1.0997
     10.6445         3.6628        -1.0997
     10.6245         3.6346        -1.0997
     10.6035         3.6090        -1.0997
     10.5783         3.5859        -1.0997
     10.5632         3.5650        -1.0997
     10.5597         3.5464        -1.0997
     10.5410         3.5299        -1.0997
     10.5391         3.5153        -1.0997
     10.5377         3.5023        -1.0997
     10.5252         3.4911        -1.0997
     10.5249         3.4813        -1.0997
     10.5319         3.4730        -1.0997
     10.5131         3.4656        -1.0997
     10.5217         3.4595        -1.0997
     10.5234         3.4541        -1.0997
     10.5118         3.4498        -1.0997
     10.5142         3.4459        -1.0997
     10.5254         3.4429        -1.0997
     10.5055         3.4401        -1.0997
     10.5210         3.4381        -1.0997
     10.5192         3.4361        -1.0997
     10.5121         3.4348        -1.0997
     10.5134         3.4334        -1.0997
     10.5262         3.4325        -1.0997
     10.5040         3.4315        -1.0997
     10.5207         3.4310        -1.0997
     10.5238         3.4301        -1.0997
     10.5121         3.4298        -1.0997
     10.5162         3.4292        -1.0997
     10.5284         3.4290        -1.0997
     10.5082         3.4285        -1.0997
     10.5198         3.4284        -1.0997
     10.5266         3.4279        -1.0997
     10.5115         3.4279        -1.0997
     10.5176         3.4275        -1.0997
     10.5302         3.4275        -1.0997
     10.5115         3.4271        -1.0997
     10.5193         3.4271        -1.0997
     10.5259         3.4267        -1.0997
     10.5175         3.4268        -1.0997
     10.5139         3.4264        -1.0997
     10.5297         3.4265        -1.0997
     10.5129         3.4262        -1.0997
     10.5208         3.4262        -1.0997
     10.5259         3.4259        -1.0997
     10.5214         3.4260        -1.0997
     10.5192         3.4257        -1.0997
     10.5279         3.4257        -1.0997
     10.5136         3.4257        -1.0997
     10.5268         3.4257        -0.8107
     11.1003         3.4253        -0.8107
     11.0530         3.4477        -0.8107
     10.9704         3.4678        -0.8107
     10.9456         3.4867        -0.8107
     10.8659         3.5025        -0.8107
     10.8637         3.5177        -0.8107
     10.8014         3.5300        -0.8107
     10.7836         3.5422        -0.8107
     10.7377         3.5522        -0.8107
     10.7303         3.5620        -0.8107
     10.7013         3.5699        -0.8107
     10.6916         3.5773        -0.8107
     10.6691         3.5835        -0.8107
     10.6608         3.5893        -0.8107
     10.6530         3.5938        -0.8107
     10.6471         3.5982        -0.8107
     10.6305         3.6016        -0.8107
     10.6303         3.6049        -0.8107
     10.6251         3.6076        -0.8107
     10.6172         3.6101        -0.8107
     10.6145         3.6119        -0.8107
     10.6168         3.6140        -0.8107
     10.6058         3.6153        -0.8107
     10.6070         3.6169        -0.8107
     10.6053         3.6182        -0.8107
     10.5999         3.6194        -0.8107
     10.6008         3.6202        -0.8107
     10.6044         3.6213        -0.8107
     10.5937         3.6220        -0.8107
     10.5975         3.6229        -0.8107
     10.5975         3.6236        -0.8107
     10.5934         3.6244        -0.8107
     10.5933         3.6248        -0.8107
     10.5964         3.6256        -0.8107
     10.5890         3.6259        -0.8107
     10.5982         3.6265        -0.8107
     10.5864         3.6269        -0.8107
     10.5936         3.6275        -0.8107
     10.5845         3.6276        -0.8107
     10.6002         3.6282        -0.8107
     10.5853         3.6283        -0.8107
     10.5899         3.6287        -0.8107
     10.5906         3.6290        -0.8107
     10.5903         3.6293        -0.8107
     10.5817         3.6294        -0.8107
     10.5972         3.6299        -0.8107
     10.5845         3.6298        -0.8107
     10.5880         3.6301        -0.8107
     10.5885         3.6303        -0.8107
     10.5901         3.6305        -1.0502
     10.5416         3.6304        -1.0502
     10.5183         3.6098        -1.0502
     10.5013         3.5914        -1.0502
     10.4852         3.5747        -1.0502
     10.4745         3.5603        -1.0502
     10.4583         3.5474        -1.0502
     10.4540         3.5365        -1.0502
     10.4471         3.5270        -1.0502
     10.4330         3.5187        -1.0502
     10.4329         3.5116        -1.0502
     10.4339         3.5057        -1.0502
     10.4196         3.5005        -1.0502
     10.4232         3.4963        -1.0502
     10.4221         3.4929        -1.0502
     10.4117         3.4900        -1.0502
     10.4144         3.4878        -1.0502
     10.4176         3.4860        -1.0502
     10.3994         3.4845        -1.0502
     10.4170         3.4836        -1.0502
     10.4025         3.4827        -1.0502
     10.4028         3.4822        -1.0502
     10.4060         3.4817        -1.0502
     10.4104         3.4815        -1.0502
     10.3893         3.4811        -1.0502
     10.4109         3.4812        -1.0502
     10.4024         3.4810        -1.0502
     10.3979         3.4810        -1.0502
     10.4013         3.4809        -1.0502
     10.4084         3.4810        -1.0502
     10.3917         3.4808        -1.0502
     10.4111         3.4809        -1.0502
     10.3988         3.4808        -1.0502
     10.3997         3.4808        -1.0502
     10.4050         3.4807        -1.0502
     10.4104         3.4808        -1.0502
     10.3876         3.4805        -1.0502
     10.4127         3.4807        -1.0502
     10.4034         3.4805        -1.0502
     10.4003         3.4804        -1.0502
     10.4034         3.4803        -1.0502
     10.4117         3.4804        -1.0502
     10.3880         3.4802        -1.0502
     10.4149         3.4803        -1.0502
     10.4046         3.4801        -1.0502
     10.4022         3.4801        -1.0502
     10.4055         3.4800        -1.0502
     10.4186         3.4801        -1.0502
     10.3904         3.4799        -1.0502
     10.4150         3.4800        -1.0502
     10.4077         3.4798        -0.8453
     10.8282         3.4799        -0.8453
     10.8024         3.4961        -0.8453
     10.7242         3.5102        -0.8453
     10.7193         3.5237        -0.8453
     10.6516         3.5342        -0.8453
     10.6406         3.5447        -0.8453
     10.5862         3.5530        -0.8453
     10.5785         3.5612        -0.8453
     10.5548         3.5678        -0.8453
     10.5251         3.5741        -0.8453
     10.5209         3.5793        -0.8453
     10.5093         3.5839        -0.8453
     10.5017         3.5875        -0.8453
     10.4815         3.5910        -0.8453
     10.4804         3.5938        -0.8453
     10.4693         3.5963        -0.8453
     10.4742         3.5981        -0.8453
     10.4517         3.6000        -0.8453
     10.4607         3.6014        -0.8453
     10.4567         3.6027        -0.8453
     10.4590         3.6036        -0.8453
     10.4469         3.6048        -0.8453
     10.4510         3.6053        -0.8453
     10.4473         3.6062        -0.8453
     10.4457         3.6068        -0.8453
     10.4439         3.6074        -0.8453
     10.4474         3.6079        -0.8453
     10.4367         3.6086        -0.8453
     10.4450         3.6088        -0.8453
     10.4387         3.6095        -0.8453
     10.4378         3.6099        -0.8453
     10.4383         3.6104        -0.8453
     10.4443         3.6107        -0.8453
     10.4327         3.6113        -0.8453
     10.4396         3.6114        -0.8453
     10.4388         3.6119        -0.8453
     10.4365         3.6122        -0.8453
     10.4355         3.6125        -0.8453
     10.4407         3.6127        -0.8453
     10.4317         3.6132        -0.8453
     10.4397         3.6131        -0.8453
     10.4312         3.6136        -0.8453
     10.4333         3.6137        -0.8453
     10.4334         3.6140        -0.8453
     10.4398         3.6141        -0.8453
     10.4291         3.6145        -0.8453
     10.4366         3.6143        -0.8453
     10.4339         3.6146        -0.8453
     10.4324         3.6148        -0.8453
     10.4331         3.6150        -1.0163
     10.4445         3.6149        -1.0163
     10.4048         3.6000        -1.0163
     10.3935         3.5867        -1.0163
     10.3704         3.5752        -1.0163
     10.3596         3.5652        -1.0163
     10.3422         3.5567        -1.0163
     10.3347         3.5495        -1.0163
     10.3229         3.5434        -1.0163
     10.3184         3.5379        -1.0163
     10.3107         3.5337        -1.0163
     10.2999         3.5299        -1.0163
     10.2925         3.5271        -1.0163
     10.2895         3.5247        -1.0163
     10.2902         3.5232        -1.0163
     10.2873         3.5215        -1.0163
     10.2736         3.5208        -1.0163
     10.2758         3.5201        -1.0163
     10.2847         3.5198        -1.0163
     10.2683         3.5194        -1.0163
     10.2630         3.5196        -1.0163
     10.2703         3.5195        -1.0163
     10.2706         3.5199        -1.0163
     10.2550         3.5199        -1.0163
     10.2766         3.5204        -1.0163
     10.2598         3.5203        -1.0163
     10.2575         3.5209        -1.0163
     10.2657         3.5208        -1.0163
     10.2664         3.5212        -1.0163
     10.2536         3.5211        -1.0163
     10.2748         3.5215        -1.0163
     10.2587         3.5212        -1.0163
     10.2627         3.5216        -1.0163
     10.2665         3.5214        -1.0163
     10.2665         3.5217        -1.0163
     10.2526         3.5214        -1.0163
     10.2767         3.5218        -1.0163
     10.2596         3.5213        -1.0163
     10.2612         3.5217        -1.0163
     10.2699         3.5213        -1.0163
     10.2671         3.5216        -1.0163
     10.2525         3.5212        -1.0163
     10.2783         3.5216        -1.0163
     10.2597         3.5212        -1.0163
     10.2638         3.5215        -1.0163
     10.2700         3.5213        -1.0163
     10.2680         3.5214        -1.0163
     10.2524         3.5211        -1.0163
     10.2837         3.5215        -1.0163
     10.2634         3.5210        -1.0163
     10.2575         3.5213        -0.8724
     10.5820         3.5211        -0.8724
     10.5563         3.5315        -0.8724
     10.4717         3.5400        -0.8724
     10.4902         3.5482        -0.8724
     10.4250         3.5540        -0.8724
     10.3946         3.5603        -0.8724
     10.3848         3.5650        -0.8724
     10.3590         3.5697        -0.8724
     10.3331         3.5733        -0.8724
     10.3408         3.5769        -0.8724
     10.3125         3.5792        -0.8724
     10.3022         3.5820        -0.8724
     10.3129         3.5834        -0.8724
     10.2997         3.5851        -0.8724
     10.2789         3.5859        -0.8724
     10.2864         3.5874        -0.8724
     10.2872         3.5877        -0.8724
     10.2824         3.5885        -0.8724
     10.2756         3.5886        -0.8724
     10.2676         3.5894        -0.8724
     10.2707         3.5894        -0.8724
     10.2789         3.5900        -0.8724
     10.2718         3.5898        -0.8724
     10.2657         3.5904        -0.8724
     10.2715         3.5903        -0.8724
     10.2743         3.5908        -0.8724
     10.2643         3.5907        -0.8724
     10.2713         3.5913        -0.8724
     10.2664         3.5912        -0.8724
     10.2609         3.5919        -0.8724
     10.2677         3.5918        -0.8724
     10.2704         3.5924        -0.8724
     10.2616         3.5923        -0.8724
     10.2702         3.5929        -0.8724
     10.2650         3.5927        -0.8724
     10.2654         3.5934        -0.8724
     10.2654         3.5932        -0.8724
     10.2691         3.5938        -0.8724
     10.2618         3.5936        -0.8724
     10.2663         3.5943        -0.8724
     10.2631         3.5940        -0.8724
     10.2654         3.5946        -0.8724
     10.2620         3.5944        -0.8724
     10.2668         3.5949        -0.8724
     10.2586         3.5947        -0.8724
     10.2634         3.5953        -0.8724
     10.2636         3.5950        -0.8724
     10.2629         3.5956        -0.8724
     10.2628         3.5953        -0.8724
     10.2667         3.5957        -0.9828
     10.3218         3.5954        -0.9828
     10.2945         3.5866        -0.9828
     10.2722         3.5789        -0.9828
     10.2404         3.5727        -0.9828
     10.2228         3.5677        -0.9828
     10.2194         3.5636        -0.9828
     10.2000         3.5603        -0.9828
     10.1743         3.5577        -0.9828
     10.1803         3.5557        -0.9828
     10.1737         3.5543        -0.9828
     10.1440         3.5531        -0.9828
     10.1568         3.5527        -0.9828
     10.1518         3.5523        -0.9828
     10.1286         3.5524        -0.9828
     10.1346         3.5526        -0.9828
     10.1421         3.5531        -0.9828
     10.1081         3.5534        -0.9828
     10.1300         3.5543        -0.9828
     10.1253         3.5548        -0.9828
     10.1078         3.5556        -0.9828
     10.1159         3.5562        -0.9828
     10.1252         3.5571        -0.9828
     10.0938         3.5575        -0.9828
     10.1170         3.5584        -0.9828
     10.1168         3.5587        -0.9828
     10.0990         3.5594        -0.9828
     10.1123         3.5596        -0.9828
     10.1209         3.5601        -0.9828
     10.0929         3.5602        -0.9828
     10.1162         3.5607        -0.9828
     10.1166         3.5607        -0.9828
     10.0969         3.5610        -0.9828
     10.1101         3.5610        -0.9828
     10.1209         3.5613        -0.9828
     10.0910         3.5611        -0.9828
     10.1147         3.5615        -0.9828
     10.1161         3.5613        -0.9828
     10.0980         3.5616        -0.9828
     10.1077         3.5614        -0.9828
     10.1230         3.5616        -0.9828
     10.0905         3.5614        -0.9828
     10.1149         3.5617        -0.9828
     10.1163         3.5615        -0.9828
     10.1030         3.5617        -0.9828
     10.1068         3.5615        -0.9828
     10.1262         3.5617        -0.9828
     10.0903         3.5614        -0.9828
     10.1169         3.5617        -0.9828
     10.1189         3.5615        -0.9828
     10.1003         3.5616        -0.8962
     10.3236         3.5614        -0.8962
     10.3201         3.5659        -0.8962
     10.2324         3.5690        -0.8962
     10.2355         3.5724        -0.8962
     10.2040         3.5745        -0.8962
     10.1763         3.5767        -0.8962
     10.1653         3.5781        -0.8962
     10.1594         3.5795        -0.8962
     10.1290         3.5802        -0.8962
     10.1290         3.5812        -0.8962
     10.1212         3.5813        -0.8962
     10.1077         3.5818        -0.8962
     10.1157         3.5815        -0.8962
     10.1051         3.5816        -0.8962
     10.0816         3.5812        -0.8962
     10.1014         3.5815        -0.8962
     10.1034         3.5806        -0.8962
     10.0845         3.5805        -0.8962
     10.0815         3.5799        -0.8962
     10.0951         3.5801        -0.8962
     10.0811         3.5793        -0.8962
     10.0929         3.5795        -0.8962
     10.0835         3.5787        -0.8962
     10.0799         3.5791        -0.8962
     10.0885         3.5787        -0.8962
     10.0897         3.5789        -0.8962
     10.0704         3.5785        -0.8962
     10.0881         3.5791        -0.8962
     10.0862         3.5787        -0.8962
     10.0761         3.5792        -0.8962
     10.0860         3.5791        -0.8962
     10.0808         3.5795        -0.8962
     10.0725         3.5794        -0.8962
     10.0849         3.5800        -0.8962
     10.0858         3.5797        -0.8962
     10.0750         3.5802        -0.8962
     10.0846         3.5801        -0.8962
     10.0833         3.5805        -0.8962
     10.0728         3.5803        -0.8962
     10.0809         3.5809        -0.8962
     10.0813         3.5807        -0.8962
     10.0736         3.5812        -0.8962
     10.0834         3.5810        -0.8962
     10.0838         3.5813        -0.8962
     10.0721         3.5811        -0.8962
     10.0836         3.5817        -0.8962
     10.0838         3.5812        -0.8962
     10.0729         3.5817        -0.8962
     10.0830         3.5815        -0.8962
     10.0815         3.5819        -0.9579
     10.1959         3.5816        -0.9579
     10.1725         3.5773        -0.9579
     10.1415         3.5737        -0.9579
     10.1134         3.5711        -0.9579
     10.0936         3.5692        -0.9579
     10.0785         3.5682        -0.9579
     10.0535         3.5675        -0.9579
     10.0506         3.5675        -0.9579
     10.0290         3.5676        -0.9579
     10.0220         3.5683        -0.9579
     10.0122         3.5690        -0.9579
     10.0076         3.5700        -0.9579
      9.9911         3.5711        -0.9579
      9.9941         3.5724        -0.9579
      9.9851         3.5736        -0.9579
      9.9783         3.5750        -0.9579
      9.9740         3.5762        -0.9579
      9.9749         3.5776        -0.9579
      9.9630         3.5788        -0.9579
      9.9685         3.5801        -0.9579
      9.9637         3.5812        -0.9579
      9.9584         3.5822        -0.9579
      9.9590         3.5831        -0.9579
      9.9626         3.5840        -0.9579
      9.9495         3.5847        -0.9579
      9.9605         3.5855        -0.9579
      9.9570         3.5860        -0.9579
      9.9559         3.5864        -0.9579
      9.9530         3.5869        -0.9579
      9.9655         3.5873        -0.9579
      9.9499         3.5875        -0.9579
      9.9569         3.5878        -0.9579
      9.9594         3.5880        -0.9579
      9.9550         3.5881        -0.9579
      9.9508         3.5883        -0.9579
      9.9640         3.5885        -0.9579
      9.9501         3.5885        -0.9579
      9.9587         3.5887        -0.9579
      9.9566         3.5887        -0.9579
      9.9541         3.5888        -0.9579
      9.9547         3.5888        -0.9579
      9.9633         3.5889        -0.9579
      9.9470         3.5888        -0.9579
      9.9583         3.5890        -0.9579
      9.9593         3.5890        -0.9579
      9.9538         3.5889        -0.9579
      9.9513         3.5890        -0.9579
      9.9637         3.5891        -0.9579
      9.9500         3.5890        -0.9579
      9.9589         3.5891        -0.9126
     10.0956         3.5891        -0.9126
